aggregate data per location for Perturbator = 0
Exploration Zero
ZERO : zero perturbator
20 pairs of RNA sequences (16 - 25 nt)
RNA sequence of thaliana and sativa from miRBase (mature.fa)
79 perturbation points
IndexLoc   #Success   #Failure   #Exception #CallAllExecs      AvgCallPerExec     #Perturbations AvgPerturbationPerExec   #Execs     #ExecsRef  AvgCallRefPerTask #Tasks     %Success                   
0          0          0          20         20                 1.00               20             1.00                     20         20         1.0               20          0.00                      
1          0          0          20         20                 1.00               20             1.00                     20         20         1.0               20          0.00                      
2          0          0          20         20                 1.00               20             1.00                     20         20         1.0               20          0.00                      
3          0          0          20         20                 1.00               20             1.00                     20         20         1.0               20          0.00                      
4          0          0          20         20                 1.00               20             1.00                     20         20         1.0               20          0.00                      
5          0          0          20         20                 1.00               20             1.00                     20         20         1.0               20          0.00                      
6          20         0          0          20                 1.00               20             1.00                     20         20         1.0               20         -------------------- 100.00
7          400        0          20         8820               21.00              420            1.00                     420        420        21.0              20         -------------------- 95.24 
8          20         400        0          4620               11.00              420            1.00                     420        420        21.0              20         - 4.76                     
10         400        0          0          8000               20.00              400            1.00                     400        400        20.0              20         -------------------- 100.00
11         400        0          0          8000               20.00              400            1.00                     400        400        20.0              20         -------------------- 100.00
12         8360       0          400        3760780            429.31             8760           1.00                     8760       8760       438.0             20         -------------------- 95.43 
13         4316       4444       0          3752280            428.34             8760           1.00                     8760       8760       438.0             20         ---------- 49.27           
15         8360       0          0          3501600            418.85             8360           1.00                     8360       8360       418.0             20         -------------------- 100.00
16         7518       842        0          3501600            418.85             8360           1.00                     8360       8360       418.0             20         ------------------ 89.93   
17         7727       633        0          3501600            418.85             8360           1.00                     8360       8360       418.0             20         ------------------- 92.43  
19         1916       228        0          238938             111.44             2144           1.00                     2144       2144       107.2             20         ------------------ 89.37   
20         1933       211        0          238938             111.44             2144           1.00                     2144       2144       107.2             20         ------------------- 90.16  
21         1967       177        0          238938             111.44             2144           1.00                     2144       2144       107.2             20         ------------------- 91.74  
22         1551       593        0          238938             111.44             2144           1.00                     2144       2144       107.2             20         --------------- 72.34      
23         1840       304        0          238938             111.44             2144           1.00                     2144       2144       107.2             20         ------------------ 85.82   
24         1781       363        0          238938             111.44             2144           1.00                     2144       2144       107.2             20         ----------------- 83.07    
25         2001       143        0          238938             111.44             2144           1.00                     2144       2144       107.2             20         ------------------- 93.33  
26         2001       143        0          238938             111.44             2144           1.00                     2144       2144       107.2             20         ------------------- 93.33  
27         2001       143        0          238938             111.44             2144           1.00                     2144       2144       107.2             20         ------------------- 93.33  
28         1869       275        0          238938             111.44             2144           1.00                     2144       2144       107.2             20         ------------------ 87.17   
29         1981       163        0          238938             111.44             2144           1.00                     2144       2144       107.2             20         ------------------- 92.40  
30         5954       262        0          1958658            315.10             6216           1.00                     6216       6216       310.8             20         -------------------- 95.79 
31         6069       147        0          1958658            315.10             6216           1.00                     6216       6216       310.8             20         -------------------- 97.64 
32         5812       404        0          1958658            315.10             6216           1.00                     6216       6216       310.8             20         ------------------- 93.50  
33         4704       1512       0          1958658            315.10             6216           1.00                     6216       6216       310.8             20         ---------------- 75.68     
34         5993       223        0          1958658            315.10             6216           1.00                     6216       6216       310.8             20         -------------------- 96.41 
35         5206       1010       0          1958658            315.10             6216           1.00                     6216       6216       310.8             20         ----------------- 83.75    
36         6192       24         0          1958658            315.10             6216           1.00                     6216       6216       310.8             20         -------------------- 99.61 
37         6192       24         0          1958658            315.10             6216           1.00                     6216       6216       310.8             20         -------------------- 99.61 
38         6192       24         0          1958658            315.10             6216           1.00                     6216       6216       310.8             20         -------------------- 99.61 
39         6192       24         0          1958658            315.10             6216           1.00                     6216       6216       310.8             20         -------------------- 99.61 
40         6192       24         0          1958658            315.10             6216           1.00                     6216       6216       310.8             20         -------------------- 99.61 
41         6194       22         0          1958658            315.10             6216           1.00                     6216       6216       310.8             20         -------------------- 99.65 
42         6197       19         0          1958658            315.10             6216           1.00                     6216       6216       310.8             20         -------------------- 99.69 
43         6194       22         0          1958658            315.10             6216           1.00                     6216       6216       310.8             20         -------------------- 99.65 
44         6194       22         0          1958658            315.10             6216           1.00                     6216       6216       310.8             20         -------------------- 99.65 
45         6194       22         0          1958658            315.10             6216           1.00                     6216       6216       310.8             20         -------------------- 99.65 
46         6128       88         0          1958658            315.10             6216           1.00                     6216       6216       310.8             20         -------------------- 98.58 
47         0          20         0          20                 1.00               20             1.00                     20         20         1.0               20          0.00                      
48         0          20         0          20                 1.00               20             1.00                     20         20         1.0               20          0.00                      
49         20         518        0          7764               14.43              538            1.00                     538        538        26.9              20         - 3.72                     
50         538        0          0          14990              27.86              538            1.00                     538        538        26.9              20         -------------------- 100.00
52         3          518        0          7322               14.05              521            1.00                     521        521        26.05             20         - 0.58                     
53         521        0          0          14123              27.11              521            1.00                     521        521        26.05             20         -------------------- 100.00
56         426        92         0          13921              26.87              518            1.00                     518        518        25.9              20         ----------------- 82.24    
57         426        92         0          13921              26.87              518            1.00                     518        518        25.9              20         ----------------- 82.24    
58         426        92         0          13921              26.87              518            1.00                     518        518        25.9              20         ----------------- 82.24    
59         0          0          518        7226               13.95              518            1.00                     518        518        25.9              20          0.00                      
60         109        409        0          14270              27.55              518            1.00                     518        518        25.9              20         ----- 21.04                
61         455        63         0          13928              26.89              518            1.00                     518        518        25.9              20         ------------------ 87.84   
62         455        63         0          13928              26.89              518            1.00                     518        518        25.9              20         ------------------ 87.84   
63         455        63         0          13928              26.89              518            1.00                     518        518        25.9              20         ------------------ 87.84   
65         109        0          0          1053               9.66               109            1.00                     109        109        5.45              20         -------------------- 100.00
66         355        54         0          8313               20.33              409            1.00                     409        409        20.45             20         ------------------ 86.80   
67         355        54         0          8313               20.33              409            1.00                     409        409        20.45             20         ------------------ 86.80   
68         355        54         0          8313               20.33              409            1.00                     409        409        20.45             20         ------------------ 86.80   
69         375        34         0          8313               20.33              409            1.00                     409        409        20.45             20         ------------------- 91.69  
70         0          0          409        4393               10.74              409            1.00                     409        409        20.45             20          0.00                      
71         121        288        0          8377               20.48              409            1.00                     409        409        20.45             20         ------ 29.58               
72         375        34         0          8313               20.33              409            1.00                     409        409        20.45             20         ------------------- 91.69  
73         375        34         0          8313               20.33              409            1.00                     409        409        20.45             20         ------------------- 91.69  
75         121        0          0          1283               10.60              121            1.00                     121        121        6.05              20         -------------------- 100.00
76         0          0          0          0                  NaN                0              NaN                      0          0          0.0               20         NaN                        
77         0          0          0          0                  NaN                0              NaN                      0          0          0.0               20         NaN                        
78         0          0          0          0                  NaN                0              NaN                      0          0          0.0               20         NaN                        
79         0          0          0          0                  NaN                0              NaN                      0          0          0.0               20         NaN                        
80         0          0          0          0                  NaN                0              NaN                      0          0          0.0               20         NaN                        
81         0          0          0          0                  NaN                0              NaN                      0          0          0.0               20         NaN                        
83         0          0          288        2462               8.55               288            1.00                     288        288        14.4              20          0.00                      
84         16         257        15         4414               15.33              288            1.00                     288        288        14.4              20         -- 5.56                    
85         31         257        0          4636               16.10              288            1.00                     288        288        14.4              20         --- 10.76                  
86         288        0          0          4636               16.10              288            1.00                     288        288        14.4              20         -------------------- 100.00
87         288        0          0          4636               16.10              288            1.00                     288        288        14.4              20         -------------------- 100.00
