aggregate data per location for Perturbator = -1
Exploration Minus One
MONE : minus one perturbator
25 string of 100 char
RNA sequence of thaliana and sativa from miRBase (mature.fa)
79 perturbation points
IndexLoc   #Success   #Failure   #Exception #CallAllExecs      AvgCallPerExec     #Perturbations AvgPerturbationPerExec   #Execs     #ExecsRef  AvgCallRefPerTask #Tasks     %Success                   
0          0          0          25         25                 1,00               25             1,00                     25         25         1.0               25          0,00                      
1          0          0          25         25                 1,00               25             1,00                     25         25         1.0               25          0,00                      
2          0          0          25         25                 1,00               25             1,00                     25         25         1.0               25          0,00                      
3          0          0          25         25                 1,00               25             1,00                     25         25         1.0               25          0,00                      
4          0          0          25         25                 1,00               25             1,00                     25         25         1.0               25          0,00                      
5          0          0          25         25                 1,00               25             1,00                     25         25         1.0               25          0,00                      
6          0          0          25         25                 1,00               25             1,00                     25         25         1.0               25          0,00                      
7          500        0          25         11025              21,00              525            1,00                     525        525        21.0              25         -------------------- 95,24 
8          500        25         0          11000              20,95              525            1,00                     525        525        21.0              25         -------------------- 95,24 
10         500        0          0          10000              20,00              500            1,00                     500        500        20.0              25         -------------------- 100,00
11         0          0          500        5250               10,50              500            1,00                     500        500        20.0              25          0,00                      
12         20660      0          500        21494180           1015,79            21160          1,00                     21160      21160      846.4             25         -------------------- 97,64 
13         21137      23         0          21694700           1025,27            21160          1,00                     21160      21160      846.4             25         -------------------- 99,89 
15         20660      0          0          20858800           1009,62            20660          1,00                     20660      20660      826.4             25         -------------------- 100,00
16         19444      183        1033       19842450           960,43             20660          1,00                     20660      20660      826.4             25         ------------------- 94,11  
17         19846      314        500        20642370           999,15             20660          1,00                     20660      20660      826.4             25         -------------------- 96,06 
19         1356       154        0          148632             98,43              1510           1,00                     1510       1510       60.4              25         ------------------ 89,80   
20         1356       154        0          148632             98,43              1510           1,00                     1510       1510       60.4              25         ------------------ 89,80   
21         1356       154        0          148632             98,43              1510           1,00                     1510       1510       60.4              25         ------------------ 89,80   
22         1164       346        0          148632             98,43              1510           1,00                     1510       1510       60.4              25         ---------------- 77,09     
23         1164       346        0          148632             98,43              1510           1,00                     1510       1510       60.4              25         ---------------- 77,09     
24         1164       346        0          148632             98,43              1510           1,00                     1510       1510       60.4              25         ---------------- 77,09     
25         1346       103        61         142550             94,40              1510           1,00                     1510       1510       60.4              25         ------------------ 89,14   
26         1373       102        35         146528             97,04              1510           1,00                     1510       1510       60.4              25         ------------------- 90,93  
27         1349       161        0          148632             98,43              1510           1,00                     1510       1510       60.4              25         ------------------ 89,34   
28         1349       161        0          148632             98,43              1510           1,00                     1510       1510       60.4              25         ------------------ 89,34   
29         1349       161        0          148632             98,43              1510           1,00                     1510       1510       60.4              25         ------------------ 89,34   
30         19026      124        0          19410552           1013,61            19150          1,00                     19150      19150      766.0             25         -------------------- 99,35 
31         19026      124        0          19410552           1013,61            19150          1,00                     19150      19150      766.0             25         -------------------- 99,35 
32         19026      124        0          19410552           1013,61            19150          1,00                     19150      19150      766.0             25         -------------------- 99,35 
33         18800      350        0          19410552           1013,61            19150          1,00                     19150      19150      766.0             25         -------------------- 98,17 
34         18800      350        0          19410552           1013,61            19150          1,00                     19150      19150      766.0             25         -------------------- 98,17 
35         18800      350        0          19410552           1013,61            19150          1,00                     19150      19150      766.0             25         -------------------- 98,17 
36         19129      21         0          19410552           1013,61            19150          1,00                     19150      19150      766.0             25         -------------------- 99,89 
37         19129      21         0          19410552           1013,61            19150          1,00                     19150      19150      766.0             25         -------------------- 99,89 
38         19129      21         0          19410552           1013,61            19150          1,00                     19150      19150      766.0             25         -------------------- 99,89 
39         18674      11         465        19216360           1003,47            19150          1,00                     19150      19150      766.0             25         -------------------- 97,51 
40         19129      21         0          19410552           1013,61            19150          1,00                     19150      19150      766.0             25         -------------------- 99,89 
41         18160      18         972        18452738           963,59             19150          1,00                     19150      19150      766.0             25         ------------------- 94,83  
42         19130      20         0          19410552           1013,61            19150          1,00                     19150      19150      766.0             25         -------------------- 99,90 
43         19130      20         0          19410552           1013,61            19150          1,00                     19150      19150      766.0             25         -------------------- 99,90 
44         19130      20         0          19410552           1013,61            19150          1,00                     19150      19150      766.0             25         -------------------- 99,90 
45         19130      20         0          19410552           1013,61            19150          1,00                     19150      19150      766.0             25         -------------------- 99,90 
46         19067      83         0          19410552           1013,61            19150          1,00                     19150      19150      766.0             25         -------------------- 99,57 
47         19         6          0          25                 1,00               25             1,00                     25         25         1.0               25         ---------------- 76,00     
48         15         10         0          25                 1,00               25             1,00                     25         25         1.0               25         ------------ 60,00         
49         1077       19         14         56012              50,46              1110           1,00                     1110       1110       44.4              25         -------------------- 97,03 
50         1096       0          14         56060              50,50              1110           1,00                     1110       1110       44.4              25         -------------------- 98,74 
52         1073       14         0          53979              49,66              1087           1,00                     1087       1087       43.48             25         -------------------- 98,71 
53         1087       0          0          53986              49,67              1087           1,00                     1087       1087       43.48             25         -------------------- 100,00
56         301        784        0          53898              49,68              1085           1,00                     1085       1085       43.4              25         ------ 27,74               
57         859        226        0          54038              49,80              1085           1,00                     1085       1085       43.4              25         ---------------- 79,17     
58         262        823        0          53920              49,70              1085           1,00                     1085       1085       43.4              25         ----- 24,15                
59         1022       31         32         53847              49,63              1085           1,00                     1085       1085       43.4              25         ------------------- 94,19  
60         301        784        0          53898              49,68              1085           1,00                     1085       1085       43.4              25         ------ 27,74               
61         1022       31         32         53847              49,63              1085           1,00                     1085       1085       43.4              25         ------------------- 94,19  
62         1048       37         0          53861              49,64              1085           1,00                     1085       1085       43.4              25         -------------------- 96,59 
63         1046       39         0          53887              49,67              1085           1,00                     1085       1085       43.4              25         -------------------- 96,41 
65         301        0          0          4735               15,73              301            1,00                     301        301        12.04             25         -------------------- 100,00
66         559        225        0          26490              33,79              784            1,00                     784        784        31.36             25         --------------- 71,30      
67         589        195        0          27116              34,59              784            1,00                     784        784        31.36             25         ---------------- 75,13     
68         559        225        0          26490              33,79              784            1,00                     784        784        31.36             25         --------------- 71,30      
69         754        30         0          26490              33,79              784            1,00                     784        784        31.36             25         -------------------- 96,17 
70         762        11         11         27095              34,56              784            1,00                     784        784        31.36             25         -------------------- 97,19 
71         589        195        0          27116              34,59              784            1,00                     784        784        31.36             25         ---------------- 75,13     
72         762        11         11         27095              34,56              784            1,00                     784        784        31.36             25         -------------------- 97,19 
73         754        30         0          26490              33,79              784            1,00                     784        784        31.36             25         -------------------- 96,17 
75         589        0          0          20545              34,88              589            1,00                     589        589        23.56             25         -------------------- 100,00
76         0          0          0          0                  NaN                0              NaN                      0          0          0.0               25         NaN                        
77         0          0          0          0                  NaN                0              NaN                      0          0          0.0               25         NaN                        
78         0          0          0          0                  NaN                0              NaN                      0          0          0.0               25         NaN                        
79         0          0          0          0                  NaN                0              NaN                      0          0          0.0               25         NaN                        
80         0          0          0          0                  NaN                0              NaN                      0          0          0.0               25         NaN                        
81         0          0          0          0                  NaN                0              NaN                      0          0          0.0               25         NaN                        
83         7          178        10         2607               13,37              195            1,00                     195        195        7.8               25         - 3,59                     
84         9          180        6          2518               12,91              195            1,00                     195        195        7.8               25         - 4,62                     
85         7          178        10         2607               13,37              195            1,00                     195        195        7.8               25         - 3,59                     
86         195        0          0          2607               13,37              195            1,00                     195        195        7.8               25         -------------------- 100,00
87         195        0          0          2607               13,37              195            1,00                     195        195        7.8               25         -------------------- 100,00
