contains the data for build a graph for analysis.
Exploration Plus One
PONE : plus one perturbator
25 string of 100 char
RNA sequence of thaliana and sativa from miRBase (mature.fa)
79 perturbation points
Perturbator IndexLoc   #Perturbations #Success   #Failure   #Exception #Call          %Success                   
1           0          25             25         0          0          25             -------------------- 100,00
1           1          25             25         0          0          25             -------------------- 100,00
1           2          25             25         0          0          25             -------------------- 100,00
1           3          25             25         0          0          25             -------------------- 100,00
1           4          25             25         0          0          25             -------------------- 100,00
1           5          25             25         0          0          25             -------------------- 100,00
1           6          25             15         10         0          25             ------------ 60,00         
1           7          525            500        25         0          11000          -------------------- 95,24 
1           8          525            500        0          25         11025          -------------------- 95,24 
1           10         500            500        0          0          10000          -------------------- 100,00
1           11         500            490        10         0          10000          -------------------- 98,00 
1           12         21160          21137      23         0          21694700       -------------------- 99,89 
1           13         21160          20660      0          500        21494180       -------------------- 97,64 
1           15         20660          20660      0          0          20858800       -------------------- 100,00
1           16         20660          19398      229        1033       20833243       ------------------- 93,89  
1           17         20660          19820      340        500        20662530       -------------------- 95,93 
1           19         1510           1332       119        59         148479         ------------------ 88,21   
1           20         1510           1332       119        59         148479         ------------------ 88,21   
1           21         1510           1332       119        59         148479         ------------------ 88,21   
1           22         1510           1336       115        59         145904         ------------------ 88,48   
1           23         1510           1336       115        59         145904         ------------------ 88,48   
1           24         1510           1336       115        59         145904         ------------------ 88,48   
1           25         1510           1439       71         0          148632         -------------------- 95,30 
1           26         1510           1452       58         0          148632         -------------------- 96,16 
1           27         1510           1249       261        0          148632         ----------------- 82,72    
1           28         1510           1249       261        0          148632         ----------------- 82,72    
1           29         1510           1249       261        0          148632         ----------------- 82,72    
1           30         19150          18113      63         974        19386029       ------------------- 94,58  
1           31         19150          18113      63         974        19386029       ------------------- 94,58  
1           32         19150          18113      63         974        19386029       ------------------- 94,58  
1           33         19150          18646      63         441        19236751       -------------------- 97,37 
1           34         19150          18646      63         441        19236751       -------------------- 97,37 
1           35         19150          18646      63         441        19236751       -------------------- 97,37 
1           36         19150          18155      21         974        19386029       ------------------- 94,80  
1           37         19150          18155      21         974        19386029       ------------------- 94,80  
1           38         19150          18155      21         974        19386029       ------------------- 94,80  
1           39         19150          19129      21         0          19410552       -------------------- 99,89 
1           40         19150          5960       13190      0          19410552       ------- 31,12              
1           41         19150          19130      20         0          19410552       -------------------- 99,90 
1           42         19150          18286      423        441        19236751       -------------------- 95,49 
1           43         19150          18286      423        441        19236751       -------------------- 95,49 
1           44         19150          18286      423        441        19236751       -------------------- 95,49 
1           45         19150          6122       13028      0          19410552       ------- 31,97              
1           46         19150          5484       13666      0          19410552       ------ 28,64               
1           47         25             0          0          25         25              0,00                      
1           48         25             0          0          25         25              0,00                      
1           49         1110           1096       0          14         56060          -------------------- 98,74 
1           50         1110           1077       19         14         56012          -------------------- 97,03 
1           52         1087           1087       0          0          53986          -------------------- 100,00
1           53         1087           1073       14         0          53979          -------------------- 98,71 
1           56         1085           1060       0          25         52805          -------------------- 97,70 
1           57         1085           859        0          226        42893          ---------------- 79,17     
1           58         1085           1046       39         0          53887          -------------------- 96,41 
1           59         1085           301        784        0          53898          ------ 27,74               
1           60         1085           1022       31         32         53847          ------------------- 94,19  
1           61         1085           301        784        0          53898          ------ 27,74               
1           62         1085           825        34         226        42930          ---------------- 76,04     
1           63         1085           262        823        0          53920          ----- 24,15                
1           65         301            301        0          0          4735           -------------------- 100,00
1           66         784            778        0          6          26999          -------------------- 99,23 
1           67         784            759        0          25         26357          -------------------- 96,81 
1           68         784            754        30         0          26490          -------------------- 96,17 
1           69         784            752        26         6          26999          -------------------- 95,92 
1           70         784            589        195        0          27116          ---------------- 75,13     
1           71         784            762        11         11         27095          -------------------- 97,19 
1           72         784            589        195        0          27116          ---------------- 75,13     
1           73         784            559        225        0          26490          --------------- 71,30      
1           75         589            589        0          0          20545          -------------------- 100,00
1           76         0              0          0          0          0              NaN                        
1           77         0              0          0          0          0              NaN                        
1           78         0              0          0          0          0              NaN                        
1           79         0              0          0          0          0              NaN                        
1           80         0              0          0          0          0              NaN                        
1           81         0              0          0          0          0              NaN                        
1           83         195            9          180        6          2518           - 4,62                     
1           84         195            7          178        10         2607           - 3,59                     
1           85         195            9          180        6          2518           - 4,62                     
1           86         195            195        0          0          2607           -------------------- 100,00
1           87         195            195        0          0          2607           -------------------- 100,00
