aggregate data per location for Perturbator = 1
Exploration Plus One
PONE : plus one perturbator
25 pairs of RNA sequences (16 - 25 nt)
RNA sequence of thaliana and sativa from miRBase (mature.fa)
79 perturbation points
IndexLoc   #Success   #Failure   #Exception #CallAllExecs      AvgCallPerExec     #Perturbations AvgPerturbationPerExec   #Execs     #ExecsRef  AvgCallRefPerTask #Tasks     %Success                   
0          25         0          0          25                 1,00               25             1,00                     25         25         1.0               25         -------------------- 100,00
1          25         0          0          25                 1,00               25             1,00                     25         25         1.0               25         -------------------- 100,00
2          25         0          0          25                 1,00               25             1,00                     25         25         1.0               25         -------------------- 100,00
3          25         0          0          25                 1,00               25             1,00                     25         25         1.0               25         -------------------- 100,00
4          25         0          0          25                 1,00               25             1,00                     25         25         1.0               25         -------------------- 100,00
5          25         0          0          25                 1,00               25             1,00                     25         25         1.0               25         -------------------- 100,00
6          4          21         0          25                 1,00               25             1,00                     25         25         1.0               25         ---- 16,00                 
7          500        25         0          11000              20,95              525            1,00                     525        525        21.0              25         -------------------- 95,24 
8          500        0          25         11025              21,00              525            1,00                     525        525        21.0              25         -------------------- 95,24 
10         500        0          0          10000              20,00              500            1,00                     500        500        20.0              25         -------------------- 100,00
11         480        20         0          10000              20,00              500            1,00                     500        500        20.0              25         -------------------- 96,00 
12         10934      26         0          4811500            439,01             10960          1,00                     10960      10960      438.4             25         -------------------- 99,76 
13         10460      0          500        4707880            429,55             10960          1,00                     10960      10960      438.4             25         -------------------- 95,44 
15         10460      0          0          4383600            419,08             10460          1,00                     10460      10460      418.4             25         -------------------- 100,00
16         9519       418        523        4378382            418,58             10460          1,00                     10460      10460      418.4             25         ------------------- 91,00  
17         9551       409        500        4284230            409,58             10460          1,00                     10460      10460      418.4             25         ------------------- 91,31  
19         2289       211        131        286861             109,03             2631           1,00                     2631       2631       105.24            25         ------------------ 87,00   
20         2289       211        131        286861             109,03             2631           1,00                     2631       2631       105.24            25         ------------------ 87,00   
21         2289       211        131        286861             109,03             2631           1,00                     2631       2631       105.24            25         ------------------ 87,00   
22         2308       204        119        282040             107,20             2631           1,00                     2631       2631       105.24            25         ------------------ 87,72   
23         2308       204        119        282040             107,20             2631           1,00                     2631       2631       105.24            25         ------------------ 87,72   
24         2308       204        119        282040             107,20             2631           1,00                     2631       2631       105.24            25         ------------------ 87,72   
25         2502       129        0          287215             109,17             2631           1,00                     2631       2631       105.24            25         -------------------- 95,10 
26         2497       134        0          287215             109,17             2631           1,00                     2631       2631       105.24            25         ------------------- 94,91  
27         2150       481        0          287215             109,17             2631           1,00                     2631       2631       105.24            25         ----------------- 81,72    
28         2150       481        0          287215             109,17             2631           1,00                     2631       2631       105.24            25         ----------------- 81,72    
29         2150       481        0          287215             109,17             2631           1,00                     2631       2631       105.24            25         ----------------- 81,72    
30         7315       122        392        2476921            316,38             7829           1,00                     7829       7829       313.16            25         ------------------- 93,43  
31         7315       122        392        2476921            316,38             7829           1,00                     7829       7829       313.16            25         ------------------- 93,43  
32         7315       122        392        2476921            316,38             7829           1,00                     7829       7829       313.16            25         ------------------- 93,43  
33         7331       117        381        2421643            309,32             7829           1,00                     7829       7829       313.16            25         ------------------- 93,64  
34         7331       117        381        2421643            309,32             7829           1,00                     7829       7829       313.16            25         ------------------- 93,64  
35         7331       117        381        2421643            309,32             7829           1,00                     7829       7829       313.16            25         ------------------- 93,64  
36         7402       35         392        2476921            316,38             7829           1,00                     7829       7829       313.16            25         ------------------- 94,55  
37         7402       35         392        2476921            316,38             7829           1,00                     7829       7829       313.16            25         ------------------- 94,55  
38         7402       35         392        2476921            316,38             7829           1,00                     7829       7829       313.16            25         ------------------- 94,55  
39         7794       35         0          2479855            316,75             7829           1,00                     7829       7829       313.16            25         -------------------- 99,55 
40         5832       1997       0          2479855            316,75             7829           1,00                     7829       7829       313.16            25         --------------- 74,49      
41         7794       35         0          2479855            316,75             7829           1,00                     7829       7829       313.16            25         -------------------- 99,55 
42         7213       235        381        2421643            309,32             7829           1,00                     7829       7829       313.16            25         ------------------- 92,13  
43         7213       235        381        2421643            309,32             7829           1,00                     7829       7829       313.16            25         ------------------- 92,13  
44         7213       235        381        2421643            309,32             7829           1,00                     7829       7829       313.16            25         ------------------- 92,13  
45         5752       2077       0          2479855            316,75             7829           1,00                     7829       7829       313.16            25         --------------- 73,47      
46         5295       2534       0          2479855            316,75             7829           1,00                     7829       7829       313.16            25         -------------- 67,63       
47         0          0          25         25                 1,00               25             1,00                     25         25         1.0               25          0,00                      
48         0          0          25         25                 1,00               25             1,00                     25         25         1.0               25          0,00                      
49         683        0          5          19498              28,34              688            1,00                     688        688        27.52             25         -------------------- 99,27 
50         651        32         5          19453              28,27              688            1,00                     688        688        27.52             25         ------------------- 94,62  
52         667        0          0          18391              27,57              667            1,00                     667        667        26.68             25         -------------------- 100,00
53         641        26         0          18376              27,55              667            1,00                     667        667        26.68             25         -------------------- 96,10 
56         636        0          27         17452              26,32              663            1,00                     663        663        26.52             25         -------------------- 95,93 
57         623        0          40         17082              25,76              663            1,00                     663        663        26.52             25         ------------------- 93,97  
58         574        89         0          18140              27,36              663            1,00                     663        663        26.52             25         ------------------ 86,58   
59         149        514        0          18573              28,01              663            1,00                     663        663        26.52             25         ----- 22,47                
60         576        55         32         18129              27,34              663            1,00                     663        663        26.52             25         ------------------ 86,88   
61         149        514        0          18573              28,01              663            1,00                     663        663        26.52             25         ----- 22,47                
62         570        53         40         17129              25,84              663            1,00                     663        663        26.52             25         ------------------ 85,97   
63         60         603        0          18566              28,00              663            1,00                     663        663        26.52             25         -- 9,05                    
65         149        0          0          1381               9,27               149            1,00                     149        149        5.96              25         -------------------- 100,00
66         497        0          17         10255              19,95              514            1,00                     514        514        20.56             25         -------------------- 96,69 
67         489        0          25         10093              19,64              514            1,00                     514        514        20.56             25         -------------------- 95,14 
68         473        41         0          10512              20,45              514            1,00                     514        514        20.56             25         ------------------- 92,02  
69         449        48         17         10255              19,95              514            1,00                     514        514        20.56             25         ------------------ 87,35   
70         167        347        0          10582              20,59              514            1,00                     514        514        20.56             25         ------- 32,49              
71         485        9          20         10568              20,56              514            1,00                     514        514        20.56             25         ------------------- 94,36  
72         167        347        0          10582              20,59              514            1,00                     514        514        20.56             25         ------- 32,49              
73         126        388        0          10512              20,45              514            1,00                     514        514        20.56             25         ----- 24,51                
75         167        0          0          1711               10,25              167            1,00                     167        167        6.68              25         -------------------- 100,00
76         0          0          0          0                  NaN                0              NaN                      0          0          0.0               25         NaN                        
77         0          0          0          0                  NaN                0              NaN                      0          0          0.0               25         NaN                        
78         0          0          0          0                  NaN                0              NaN                      0          0          0.0               25         NaN                        
79         0          0          0          0                  NaN                0              NaN                      0          0          0.0               25         NaN                        
80         0          0          0          0                  NaN                0              NaN                      0          0          0.0               25         NaN                        
81         0          0          0          0                  NaN                0              NaN                      0          0          0.0               25         NaN                        
83         18         314        15         5115               14,74              347            1,00                     347        347        13.88             25         -- 5,19                    
84         12         314        21         5337               15,38              347            1,00                     347        347        13.88             25         - 3,46                     
85         18         314        15         5115               14,74              347            1,00                     347        347        13.88             25         -- 5,19                    
86         347        0          0          5337               15,38              347            1,00                     347        347        13.88             25         -------------------- 100,00
87         347        0          0          5337               15,38              347            1,00                     347        347        13.88             25         -------------------- 100,00
