aggregate data per location for Magnitude = 20
Exploration Plus Magnitude
magnitude value : 1 5 10 20 50 75 100 
PM : Numerical Perturbator
25 string of 100 char
RNA sequence of thaliana and sativa from miRBase (mature.fa)
79 perturbation points
IndexLoc   #Success   #Failure   #Exception #CallAllExecs      AvgCallPerExec     #Perturbations AvgPerturbationPerExec   #Execs     #ExecsRef  AvgCallRefPerTask #Tasks     %Success                   
0          25         0          0          25                 1,00               25             1,00                     25         25         1.0               25         -------------------- 100,00
1          25         0          0          25                 1,00               25             1,00                     25         25         1.0               25         -------------------- 100,00
2          25         0          0          25                 1,00               25             1,00                     25         25         1.0               25         -------------------- 100,00
3          25         0          0          25                 1,00               25             1,00                     25         25         1.0               25         -------------------- 100,00
4          25         0          0          25                 1,00               25             1,00                     25         25         1.0               25         -------------------- 100,00
5          25         0          0          25                 1,00               25             1,00                     25         25         1.0               25         -------------------- 100,00
6          0          25         0          25                 1,00               25             1,00                     25         25         1.0               25          0,00                      
7          25         500        0          5775               11,00              525            1,00                     525        525        21.0              25         - 4,76                     
8          500        0          25         11025              21,00              525            1,00                     525        525        21.0              25         -------------------- 95,24 
10         500        0          0          10000              20,00              500            1,00                     500        500        20.0              25         -------------------- 100,00
11         282        218        0          10000              20,00              500            1,00                     500        500        20.0              25         ------------ 56,40         
12         18575      2585       0          21590200           1020,33            21160          1,00                     21160      21160      846.4             25         ------------------ 87,78   
13         20660      0          500        21494180           1015,79            21160          1,00                     21160      21160      846.4             25         -------------------- 97,64 
15         20660      0          0          20858800           1009,62            20660          1,00                     20660      20660      826.4             25         -------------------- 100,00
16         0          0          20660      10439730           505,31             20660          1,00                     20660      20660      826.4             25          0,00                      
17         10575      85         10000      16838400           815,02             20660          1,00                     20660      20660      826.4             25         ----------- 51,19          
19         0          0          1510       75071              49,72              1510           1,00                     1510       1510       60.4              25          0,00                      
20         0          0          1510       75071              49,72              1510           1,00                     1510       1510       60.4              25          0,00                      
21         0          0          1510       75071              49,72              1510           1,00                     1510       1510       60.4              25          0,00                      
22         250        7          1253       79510              52,66              1510           1,00                     1510       1510       60.4              25         ---- 16,56                 
23         250        7          1253       79510              52,66              1510           1,00                     1510       1510       60.4              25         ---- 16,56                 
24         250        7          1253       79510              52,66              1510           1,00                     1510       1510       60.4              25         ---- 16,56                 
25         61         0          1449       81153              53,74              1510           1,00                     1510       1510       60.4              25         - 4,04                     
26         243        58         1209       81984              54,29              1510           1,00                     1510       1510       60.4              25         ---- 16,09                 
27         917        593        0          148632             98,43              1510           1,00                     1510       1510       60.4              25         ------------- 60,73        
28         917        593        0          148632             98,43              1510           1,00                     1510       1510       60.4              25         ------------- 60,73        
29         917        593        0          148632             98,43              1510           1,00                     1510       1510       60.4              25         ------------- 60,73        
30         0          0          19150      9714851            507,30             19150          1,00                     19150      19150      766.0             25          0,00                      
31         0          0          19150      9714851            507,30             19150          1,00                     19150      19150      766.0             25          0,00                      
32         0          0          19150      9714851            507,30             19150          1,00                     19150      19150      766.0             25          0,00                      
33         10399      4          8747       15879474           829,22             19150          1,00                     19150      19150      766.0             25         ----------- 54,30          
34         10399      4          8747       15879474           829,22             19150          1,00                     19150      19150      766.0             25         ----------- 54,30          
35         10399      4          8747       15879474           829,22             19150          1,00                     19150      19150      766.0             25         ----------- 54,30          
36         0          0          19150      9714851            507,30             19150          1,00                     19150      19150      766.0             25          0,00                      
37         0          0          19150      9714851            507,30             19150          1,00                     19150      19150      766.0             25          0,00                      
38         0          0          19150      9714851            507,30             19150          1,00                     19150      19150      766.0             25          0,00                      
39         10859      0          8291       16062256           838,76             19150          1,00                     19150      19150      766.0             25         ------------ 56,70         
40         2622       16528      0          19410552           1013,61            19150          1,00                     19150      19150      766.0             25         --- 13,69                  
41         972        0          18178      10672665           557,32             19150          1,00                     19150      19150      766.0             25         -- 5,08                    
42         5432       4971       8747       15879474           829,22             19150          1,00                     19150      19150      766.0             25         ------ 28,37               
43         5432       4971       8747       15879474           829,22             19150          1,00                     19150      19150      766.0             25         ------ 28,37               
44         5432       4971       8747       15879474           829,22             19150          1,00                     19150      19150      766.0             25         ------ 28,37               
45         2622       16528      0          19410552           1013,61            19150          1,00                     19150      19150      766.0             25         --- 13,69                  
46         2622       16528      0          19410552           1013,61            19150          1,00                     19150      19150      766.0             25         --- 13,69                  
47         0          0          25         25                 1,00               25             1,00                     25         25         1.0               25          0,00                      
48         0          0          25         25                 1,00               25             1,00                     25         25         1.0               25          0,00                      
49         1096       0          14         56060              50,50              1110           1,00                     1110       1110       44.4              25         -------------------- 98,74 
50         1071       25         14         54975              49,53              1110           1,00                     1110       1110       44.4              25         -------------------- 96,49 
52         1087       0          0          53986              49,67              1087           1,00                     1087       1087       43.48             25         -------------------- 100,00
53         1062       25         0          53673              49,38              1087           1,00                     1087       1087       43.48             25         -------------------- 97,70 
56         0          0          1085       27475              25,32              1085           1,00                     1085       1085       43.4              25          0,00                      
57         323        4          758        31073              28,64              1085           1,00                     1085       1085       43.4              25         ------ 29,77               
58         1046       39         0          53887              49,67              1085           1,00                     1085       1085       43.4              25         -------------------- 96,41 
59         23         9          1053       27491              25,34              1085           1,00                     1085       1085       43.4              25         - 2,12                     
60         0          0          1085       27475              25,32              1085           1,00                     1085       1085       43.4              25          0,00                      
61         23         9          1053       27491              25,34              1085           1,00                     1085       1085       43.4              25         - 2,12                     
62         324        3          758        31075              28,64              1085           1,00                     1085       1085       43.4              25         ------ 29,86               
63         1046       39         0          53887              49,67              1085           1,00                     1085       1085       43.4              25         -------------------- 96,41 
65         301        0          0          4735               15,73              301            1,00                     301        301        12.04             25         -------------------- 100,00
66         0          0          784        13950              17,79              784            1,00                     784        784        31.36             25          0,00                      
67         284        0          500        16686              21,28              784            1,00                     784        784        31.36             25         -------- 36,22             
68         754        30         0          26490              33,79              784            1,00                     784        784        31.36             25         -------------------- 96,17 
69         0          0          784        13950              17,79              784            1,00                     784        784        31.36             25          0,00                      
70         270        39         475        16970              21,65              784            1,00                     784        784        31.36             25         ------- 34,44              
71         531        2          251        24288              30,98              784            1,00                     784        784        31.36             25         -------------- 67,73       
72         270        39         475        16970              21,65              784            1,00                     784        784        31.36             25         ------- 34,44              
73         754        30         0          26490              33,79              784            1,00                     784        784        31.36             25         -------------------- 96,17 
75         589        0          0          20545              34,88              589            1,00                     589        589        23.56             25         -------------------- 100,00
76         0          0          0          0                  NaN                0              NaN                      0          0          0.0               25         NaN                        
77         0          0          0          0                  NaN                0              NaN                      0          0          0.0               25         NaN                        
78         0          0          0          0                  NaN                0              NaN                      0          0          0.0               25         NaN                        
79         0          0          0          0                  NaN                0              NaN                      0          0          0.0               25         NaN                        
80         0          0          0          0                  NaN                0              NaN                      0          0          0.0               25         NaN                        
81         0          0          0          0                  NaN                0              NaN                      0          0          0.0               25         NaN                        
83         0          0          195        1401               7,18               195            1,00                     195        195        7.8               25          0,00                      
84         0          0          195        1401               7,18               195            1,00                     195        195        7.8               25          0,00                      
85         0          0          195        1401               7,18               195            1,00                     195        195        7.8               25          0,00                      
86         195        0          0          2607               13,37              195            1,00                     195        195        7.8               25         -------------------- 100,00
87         195        0          0          2607               13,37              195            1,00                     195        195        7.8               25         -------------------- 100,00
