aggregate data per location for Magnitude = 5
Exploration Plus Magnitude
magnitude value : 1 5 10 20 50 75 100 
PM : Numerical Perturbator
20 string of 100 char
RNA sequence of thaliana and sativa from miRBase (mature.fa)
79 perturbation points
IndexLoc   #Success   #Failure   #Exception #CallAllExecs      AvgCallPerExec     #Perturbations AvgPerturbationPerExec   #Execs     #ExecsRef  AvgCallRefPerTask #Tasks     %Success                   
0          20         0          0          20                 1,00               20             1,00                     20         20         1.0               20         -------------------- 100,00
1          20         0          0          20                 1,00               20             1,00                     20         20         1.0               20         -------------------- 100,00
2          20         0          0          20                 1,00               20             1,00                     20         20         1.0               20         -------------------- 100,00
3          20         0          0          20                 1,00               20             1,00                     20         20         1.0               20         -------------------- 100,00
4          20         0          0          20                 1,00               20             1,00                     20         20         1.0               20         -------------------- 100,00
5          20         0          0          20                 1,00               20             1,00                     20         20         1.0               20         -------------------- 100,00
6          10         10         0          20                 1,00               20             1,00                     20         20         1.0               20         ---------- 50,00           
7          320        100        0          8520               20,29              420            1,00                     420        420        21.0              20         ---------------- 76,19     
8          400        0          20         8820               21,00              420            1,00                     420        420        21.0              20         -------------------- 95,24 
10         400        0          0          8000               20,00              400            1,00                     400        400        20.0              20         -------------------- 100,00
11         360        40         0          8000               20,00              400            1,00                     400        400        20.0              20         ------------------ 90,00   
12         16366      194        0          16780400           1013,31            16560          1,00                     16560      16560      828.0             20         -------------------- 98,83 
13         16160      0          400        16629080           1004,17            16560          1,00                     16560      16560      828.0             20         -------------------- 97,58 
15         16160      0          0          16132000           998,27             16160          1,00                     16160      16160      808.0             20         -------------------- 100,00
16         11984      136        4040       15629895           967,20             16160          1,00                     16160      16160      808.0             20         --------------- 74,16      
17         13918      242        2000       15360400           950,52             16160          1,00                     16160      16160      808.0             20         ------------------ 86,13   
19         859        82         308        120694             96,63              1249           1,00                     1249       1249       62.45             20         -------------- 68,78       
20         859        82         308        120694             96,63              1249           1,00                     1249       1249       62.45             20         -------------- 68,78       
21         859        82         308        120694             96,63              1249           1,00                     1249       1249       62.45             20         -------------- 68,78       
22         914        81         254        111339             89,14              1249           1,00                     1249       1249       62.45             20         --------------- 73,18      
23         914        81         254        111339             89,14              1249           1,00                     1249       1249       62.45             20         --------------- 73,18      
24         914        81         254        111339             89,14              1249           1,00                     1249       1249       62.45             20         --------------- 73,18      
25         946        76         227        122185             97,83              1249           1,00                     1249       1249       62.45             20         ---------------- 75,74     
26         815        230        204        114267             91,49              1249           1,00                     1249       1249       62.45             20         -------------- 65,25       
27         764        485        0          124255             99,48              1249           1,00                     1249       1249       62.45             20         ------------- 61,17        
28         764        485        0          124255             99,48              1249           1,00                     1249       1249       62.45             20         ------------- 61,17        
29         764        485        0          124255             99,48              1249           1,00                     1249       1249       62.45             20         ------------- 61,17        
30         11140      39         3732       14502711           972,62             14911          1,00                     14911      14911      745.55            20         --------------- 74,71      
31         11140      39         3732       14502711           972,62             14911          1,00                     14911      14911      745.55            20         --------------- 74,71      
32         11140      39         3732       14502711           972,62             14911          1,00                     14911      14911      745.55            20         --------------- 74,71      
33         13128      37         1746       14292581           958,53             14911          1,00                     14911      14911      745.55            20         ------------------ 88,04   
34         13128      37         1746       14292581           958,53             14911          1,00                     14911      14911      745.55            20         ------------------ 88,04   
35         13128      37         1746       14292581           958,53             14911          1,00                     14911      14911      745.55            20         ------------------ 88,04   
36         11168      11         3732       14502711           972,62             14911          1,00                     14911      14911      745.55            20         --------------- 74,90      
37         11168      11         3732       14502711           972,62             14911          1,00                     14911      14911      745.55            20         --------------- 74,90      
38         11168      11         3732       14502711           972,62             14911          1,00                     14911      14911      745.55            20         --------------- 74,90      
39         13504      11         1396       14428114           967,62             14911          1,00                     14911      14911      745.55            20         ------------------- 90,56  
40         2280       12631      0          14968855           1003,88            14911          1,00                     14911      14911      745.55            20         ---- 15,29                 
41         11893      13         3005       14667558           983,67             14911          1,00                     14911      14911      745.55            20         ---------------- 79,76     
42         11463      1702       1746       14292581           958,53             14911          1,00                     14911      14911      745.55            20         ---------------- 76,88     
43         11463      1702       1746       14292581           958,53             14911          1,00                     14911      14911      745.55            20         ---------------- 76,88     
44         11463      1702       1746       14292581           958,53             14911          1,00                     14911      14911      745.55            20         ---------------- 76,88     
45         2283       12628      0          14968855           1003,88            14911          1,00                     14911      14911      745.55            20         ---- 15,31                 
46         2256       12655      0          14968855           1003,88            14911          1,00                     14911      14911      745.55            20         ---- 15,13                 
47         0          0          20         20                 1,00               20             1,00                     20         20         1.0               20          0,00                      
48         0          0          20         20                 1,00               20             1,00                     20         20         1.0               20          0,00                      
49         859        0          11         43458              49,95              870            1,00                     870        870        43.5              20         -------------------- 98,74 
50         537        322        11         34379              39,52              870            1,00                     870        870        43.5              20         ------------- 61,72        
52         851        0          0          41801              49,12              851            1,00                     851        851        42.55             20         -------------------- 100,00
53         840        11         0          41750              49,06              851            1,00                     851        851        42.55             20         -------------------- 98,71 
56         726        15         109        37589              44,22              850            1,00                     850        850        42.5              20         ------------------ 85,41   
57         570        16         264        30567              35,96              850            1,00                     850        850        42.5              20         -------------- 67,06       
58         817        33         0          41754              49,12              850            1,00                     850        850        42.5              20         -------------------- 96,12 
59         220        542        88         38305              45,06              850            1,00                     850        850        42.5              20         ------ 25,88               
60         313        27         510        32045              37,70              850            1,00                     850        850        42.5              20         -------- 36,82             
61         220        542        88         38305              45,06              850            1,00                     850        850        42.5              20         ------ 25,88               
62         530        56         264        30606              36,01              850            1,00                     850        850        42.5              20         ------------- 62,35        
63         817        33         0          41754              49,12              850            1,00                     850        850        42.5              20         -------------------- 96,12 
65         234        0          0          3678               15,72              234            1,00                     234        234        11.7              20         -------------------- 100,00
66         566        3          47         20217              32,82              616            1,00                     616        616        30.8              20         ------------------- 91,88  
67         510        6          100        18270              29,66              616            1,00                     616        616        30.8              20         ----------------- 82,79    
68         595        21         0          20573              33,40              616            1,00                     616        616        30.8              20         -------------------- 96,59 
69         544        25         47         20218              32,82              616            1,00                     616        616        30.8              20         ------------------ 88,31   
70         414        122        80         18788              30,50              616            1,00                     616        616        30.8              20         -------------- 67,21       
71         551        17         48         20801              33,77              616            1,00                     616        616        30.8              20         ------------------ 89,45   
72         414        122        80         18788              30,50              616            1,00                     616        616        30.8              20         -------------- 67,21       
73         595        21         0          20573              33,40              616            1,00                     616        616        30.8              20         -------------------- 96,59 
75         451        0          0          15761              34,95              451            1,00                     451        451        22.55             20         -------------------- 100,00
76         0          0          0          0                  NaN                0              NaN                      0          0          0.0               20         NaN                        
77         0          0          0          0                  NaN                0              NaN                      0          0          0.0               20         NaN                        
78         0          0          0          0                  NaN                0              NaN                      0          0          0.0               20         NaN                        
79         0          0          0          0                  NaN                0              NaN                      0          0          0.0               20         NaN                        
80         0          0          0          0                  NaN                0              NaN                      0          0          0.0               20         NaN                        
81         0          0          0          0                  NaN                0              NaN                      0          0          0.0               20         NaN                        
83         50         77         38         1807               10,95              165            1,00                     165        165        8.25              20         ------- 30,30              
84         26         81         58         2230               13,52              165            1,00                     165        165        8.25              20         ---- 15,76                 
85         50         77         38         1807               10,95              165            1,00                     165        165        8.25              20         ------- 30,30              
86         165        0          0          2299               13,93              165            1,00                     165        165        8.25              20         -------------------- 100,00
87         165        0          0          2299               13,93              165            1,00                     165        165        8.25              20         -------------------- 100,00
