aggregate data per location for Magnitude = 1
Exploration Plus Magnitude
magnitude value : 1 5 10 20 50 75 100 
PM : Numerical Perturbator
20 string of 100 char
RNA sequence of thaliana and sativa from miRBase (mature.fa)
79 perturbation points
IndexLoc   #Success   #Failure   #Exception #CallAllExecs      AvgCallPerExec     #Perturbations AvgPerturbationPerExec   #Execs     #ExecsRef  AvgCallRefPerTask #Tasks     %Success                   
0          20         0          0          20                 1,00               20             1,00                     20         20         1.0               20         -------------------- 100,00
1          20         0          0          20                 1,00               20             1,00                     20         20         1.0               20         -------------------- 100,00
2          20         0          0          20                 1,00               20             1,00                     20         20         1.0               20         -------------------- 100,00
3          20         0          0          20                 1,00               20             1,00                     20         20         1.0               20         -------------------- 100,00
4          20         0          0          20                 1,00               20             1,00                     20         20         1.0               20         -------------------- 100,00
5          20         0          0          20                 1,00               20             1,00                     20         20         1.0               20         -------------------- 100,00
6          11         9          0          20                 1,00               20             1,00                     20         20         1.0               20         ------------ 55,00         
7          400        20         0          8800               20,95              420            1,00                     420        420        21.0              20         -------------------- 95,24 
8          400        0          20         8820               21,00              420            1,00                     420        420        21.0              20         -------------------- 95,24 
10         400        0          0          8000               20,00              400            1,00                     400        400        20.0              20         -------------------- 100,00
11         391        9          0          8000               20,00              400            1,00                     400        400        20.0              20         -------------------- 97,75 
12         16541      19         0          16786000           1013,65            16560          1,00                     16560      16560      828.0             20         -------------------- 99,89 
13         16160      0          400        16629080           1004,17            16560          1,00                     16560      16560      828.0             20         -------------------- 97,58 
15         16160      0          0          16132000           998,27             16160          1,00                     16160      16160      808.0             20         -------------------- 100,00
16         15164      188        808        16112239           997,04             16160          1,00                     16160      16160      808.0             20         ------------------- 93,84  
17         15481      279        400        15978480           988,77             16160          1,00                     16160      16160      808.0             20         -------------------- 95,80 
19         1102       100        47         124141             99,39              1249           1,00                     1249       1249       62.45             20         ------------------ 88,23   
20         1102       100        47         124141             99,39              1249           1,00                     1249       1249       62.45             20         ------------------ 88,23   
21         1102       100        47         124141             99,39              1249           1,00                     1249       1249       62.45             20         ------------------ 88,23   
22         1099       96         54         121759             97,49              1249           1,00                     1249       1249       62.45             20         ------------------ 87,99   
23         1099       96         54         121759             97,49              1249           1,00                     1249       1249       62.45             20         ------------------ 87,99   
24         1099       96         54         121759             97,49              1249           1,00                     1249       1249       62.45             20         ------------------ 87,99   
25         1199       50         0          124255             99,48              1249           1,00                     1249       1249       62.45             20         -------------------- 96,00 
26         1202       47         0          124255             99,48              1249           1,00                     1249       1249       62.45             20         -------------------- 96,24 
27         1047       202        0          124255             99,48              1249           1,00                     1249       1249       62.45             20         ----------------- 83,83    
28         1047       202        0          124255             99,48              1249           1,00                     1249       1249       62.45             20         ----------------- 83,83    
29         1047       202        0          124255             99,48              1249           1,00                     1249       1249       62.45             20         ----------------- 83,83    
30         14100      50         761        14949918           1002,61            14911          1,00                     14911      14911      745.55            20         ------------------- 94,56  
31         14100      50         761        14949918           1002,61            14911          1,00                     14911      14911      745.55            20         ------------------- 94,56  
32         14100      50         761        14949918           1002,61            14911          1,00                     14911      14911      745.55            20         ------------------- 94,56  
33         14515      50         346        14834603           994,88             14911          1,00                     14911      14911      745.55            20         -------------------- 97,34 
34         14515      50         346        14834603           994,88             14911          1,00                     14911      14911      745.55            20         -------------------- 97,34 
35         14515      50         346        14834603           994,88             14911          1,00                     14911      14911      745.55            20         -------------------- 97,34 
36         14135      15         761        14949918           1002,61            14911          1,00                     14911      14911      745.55            20         ------------------- 94,80  
37         14135      15         761        14949918           1002,61            14911          1,00                     14911      14911      745.55            20         ------------------- 94,80  
38         14135      15         761        14949918           1002,61            14911          1,00                     14911      14911      745.55            20         ------------------- 94,80  
39         14896      15         0          14968855           1003,88            14911          1,00                     14911      14911      745.55            20         -------------------- 99,90 
40         4740       10171      0          14968855           1003,88            14911          1,00                     14911      14911      745.55            20         ------- 31,79              
41         14894      17         0          14968855           1003,88            14911          1,00                     14911      14911      745.55            20         -------------------- 99,89 
42         14241      324        346        14834603           994,88             14911          1,00                     14911      14911      745.55            20         -------------------- 95,51 
43         14241      324        346        14834603           994,88             14911          1,00                     14911      14911      745.55            20         -------------------- 95,51 
44         14241      324        346        14834603           994,88             14911          1,00                     14911      14911      745.55            20         -------------------- 95,51 
45         4859       10052      0          14968855           1003,88            14911          1,00                     14911      14911      745.55            20         ------- 32,59              
46         4360       10551      0          14968855           1003,88            14911          1,00                     14911      14911      745.55            20         ------ 29,24               
47         0          0          20         20                 1,00               20             1,00                     20         20         1.0               20          0,00                      
48         0          0          20         20                 1,00               20             1,00                     20         20         1.0               20          0,00                      
49         859        0          11         43458              49,95              870            1,00                     870        870        43.5              20         -------------------- 98,74 
50         842        17         11         43416              49,90              870            1,00                     870        870        43.5              20         -------------------- 96,78 
52         851        0          0          41801              49,12              851            1,00                     851        851        42.55             20         -------------------- 100,00
53         839        12         0          41795              49,11              851            1,00                     851        851        42.55             20         -------------------- 98,59 
56         830        0          20         40908              48,13              850            1,00                     850        850        42.5              20         -------------------- 97,65 
57         675        0          175        33274              39,15              850            1,00                     850        850        42.5              20         ---------------- 79,41     
58         817        33         0          41754              49,12              850            1,00                     850        850        42.5              20         -------------------- 96,12 
59         234        616        0          41760              49,13              850            1,00                     850        850        42.5              20         ------ 27,53               
60         797        26         27         41721              49,08              850            1,00                     850        850        42.5              20         ------------------- 93,76  
61         234        616        0          41760              49,13              850            1,00                     850        850        42.5              20         ------ 27,53               
62         649        26         175        33299              39,18              850            1,00                     850        850        42.5              20         ---------------- 76,35     
63         201        649        0          41776              49,15              850            1,00                     850        850        42.5              20         ----- 23,65                
65         234        0          0          3678               15,72              234            1,00                     234        234        11.7              20         -------------------- 100,00
66         611        0          5          20959              34,02              616            1,00                     616        616        30.8              20         -------------------- 99,19 
67         596        0          20         20460              33,21              616            1,00                     616        616        30.8              20         -------------------- 96,75 
68         595        21         0          20573              33,40              616            1,00                     616        616        30.8              20         -------------------- 96,59 
69         590        21         5          20959              34,02              616            1,00                     616        616        30.8              20         -------------------- 95,78 
70         451        165        0          21056              34,18              616            1,00                     616        616        30.8              20         --------------- 73,21      
71         601        6          9          21042              34,16              616            1,00                     616        616        30.8              20         -------------------- 97,56 
72         451        165        0          21056              34,18              616            1,00                     616        616        30.8              20         --------------- 73,21      
73         430        186        0          20573              33,40              616            1,00                     616        616        30.8              20         -------------- 69,81       
75         451        0          0          15761              34,95              451            1,00                     451        451        22.55             20         -------------------- 100,00
76         0          0          0          0                  NaN                0              NaN                      0          0          0.0               20         NaN                        
77         0          0          0          0                  NaN                0              NaN                      0          0          0.0               20         NaN                        
78         0          0          0          0                  NaN                0              NaN                      0          0          0.0               20         NaN                        
79         0          0          0          0                  NaN                0              NaN                      0          0          0.0               20         NaN                        
80         0          0          0          0                  NaN                0              NaN                      0          0          0.0               20         NaN                        
81         0          0          0          0                  NaN                0              NaN                      0          0          0.0               20         NaN                        
83         8          152        5          2219               13,45              165            1,00                     165        165        8.25              20         - 4,85                     
84         7          149        9          2299               13,93              165            1,00                     165        165        8.25              20         - 4,24                     
85         8          152        5          2219               13,45              165            1,00                     165        165        8.25              20         - 4,85                     
86         165        0          0          2299               13,93              165            1,00                     165        165        8.25              20         -------------------- 100,00
87         165        0          0          2299               13,93              165            1,00                     165        165        8.25              20         -------------------- 100,00
