Contains data to explore the number of task required for saturation
Task Number Exploration (TNE)
Number Task : 1 2 5 10 25 
79 perturbation point
N Execution Enactor
PONE : Numerical Perturbator
Each task is an arrays of 50
Seed used for generate task is 23
#Tasks     IndexLoc   #Success   #Failure   #Exception #CallAllExecs      AvgCallPerExec     #Perturbations AvgPerturbationPerExec   #Execs     #CallRef   %Success                   
1          0          1          0          0          1                  1,00               1              1,00                     1          1          -------------------- 100,00
2          0          2          0          0          2                  1,00               2              1,00                     2          2          -------------------- 100,00
5          0          5          0          0          5                  1,00               5              1,00                     5          5          -------------------- 100,00
10         0          10         0          0          10                 1,00               10             1,00                     10         10         -------------------- 100,00
25         0          25         0          0          25                 1,00               25             1,00                     25         25         -------------------- 100,00
1          1          1          0          0          1                  1,00               1              1,00                     1          1          -------------------- 100,00
2          1          2          0          0          2                  1,00               2              1,00                     2          2          -------------------- 100,00
5          1          5          0          0          5                  1,00               5              1,00                     5          5          -------------------- 100,00
10         1          10         0          0          10                 1,00               10             1,00                     10         10         -------------------- 100,00
25         1          25         0          0          25                 1,00               25             1,00                     25         25         -------------------- 100,00
1          2          1          0          0          1                  1,00               1              1,00                     1          1          -------------------- 100,00
2          2          2          0          0          2                  1,00               2              1,00                     2          2          -------------------- 100,00
5          2          5          0          0          5                  1,00               5              1,00                     5          5          -------------------- 100,00
10         2          10         0          0          10                 1,00               10             1,00                     10         10         -------------------- 100,00
25         2          25         0          0          25                 1,00               25             1,00                     25         25         -------------------- 100,00
1          3          1          0          0          1                  1,00               1              1,00                     1          1          -------------------- 100,00
2          3          2          0          0          2                  1,00               2              1,00                     2          2          -------------------- 100,00
5          3          5          0          0          5                  1,00               5              1,00                     5          5          -------------------- 100,00
10         3          10         0          0          10                 1,00               10             1,00                     10         10         -------------------- 100,00
25         3          25         0          0          25                 1,00               25             1,00                     25         25         -------------------- 100,00
1          4          1          0          0          1                  1,00               1              1,00                     1          1          -------------------- 100,00
2          4          2          0          0          2                  1,00               2              1,00                     2          2          -------------------- 100,00
5          4          5          0          0          5                  1,00               5              1,00                     5          5          -------------------- 100,00
10         4          10         0          0          10                 1,00               10             1,00                     10         10         -------------------- 100,00
25         4          25         0          0          25                 1,00               25             1,00                     25         25         -------------------- 100,00
1          5          1          0          0          1                  1,00               1              1,00                     1          1          -------------------- 100,00
2          5          2          0          0          2                  1,00               2              1,00                     2          2          -------------------- 100,00
5          5          5          0          0          5                  1,00               5              1,00                     5          5          -------------------- 100,00
10         5          10         0          0          10                 1,00               10             1,00                     10         10         -------------------- 100,00
25         5          25         0          0          25                 1,00               25             1,00                     25         25         -------------------- 100,00
1          6          1          0          0          1                  1,00               1              1,00                     1          1          -------------------- 100,00
2          6          1          1          0          2                  1,00               2              1,00                     2          2          ---------- 50,00           
5          6          3          2          0          5                  1,00               5              1,00                     5          5          ------------ 60,00         
10         6          6          4          0          10                 1,00               10             1,00                     10         10         ------------ 60,00         
25         6          15         10         0          25                 1,00               25             1,00                     25         25         ------------ 60,00         
1          7          20         1          0          440                20,95              21             1,00                     21         21         -------------------- 95,24 
2          7          40         2          0          880                20,95              42             1,00                     42         42         -------------------- 95,24 
5          7          100        5          0          2200               20,95              105            1,00                     105        105        -------------------- 95,24 
10         7          200        10         0          4400               20,95              210            1,00                     210        210        -------------------- 95,24 
25         7          500        25         0          11000              20,95              525            1,00                     525        525        -------------------- 95,24 
1          8          20         0          1          441                21,00              21             1,00                     21         21         -------------------- 95,24 
2          8          40         0          2          882                21,00              42             1,00                     42         42         -------------------- 95,24 
5          8          100        0          5          2205               21,00              105            1,00                     105        105        -------------------- 95,24 
10         8          200        0          10         4410               21,00              210            1,00                     210        210        -------------------- 95,24 
25         8          500        0          25         11025              21,00              525            1,00                     525        525        -------------------- 95,24 
1          10         20         0          0          400                20,00              20             1,00                     20         20         -------------------- 100,00
2          10         40         0          0          800                20,00              40             1,00                     40         40         -------------------- 100,00
5          10         100        0          0          2000               20,00              100            1,00                     100        100        -------------------- 100,00
10         10         200        0          0          4000               20,00              200            1,00                     200        200        -------------------- 100,00
25         10         500        0          0          10000              20,00              500            1,00                     500        500        -------------------- 100,00
1          11         20         0          0          400                20,00              20             1,00                     20         20         -------------------- 100,00
2          11         39         1          0          800                20,00              40             1,00                     40         40         -------------------- 97,50 
5          11         99         1          0          2000               20,00              100            1,00                     100        100        -------------------- 99,00 
10         11         196        4          0          4000               20,00              200            1,00                     200        200        -------------------- 98,00 
25         11         490        10         0          10000              20,00              500            1,00                     500        500        -------------------- 98,00 
1          12         1219       1          0          1488380            1219,98            1220           1,00                     1220       1220       -------------------- 99,92 
2          12         1639       1          0          1664760            1015,10            1640           1,00                     1640       1640       -------------------- 99,94 
5          12         4535       5          0          4853100            1068,96            4540           1,00                     4540       4540       -------------------- 99,89 
10         12         8273       7          0          8393400            1013,70            8280           1,00                     8280       8280       -------------------- 99,92 
25         12         21137      23         0          21694700           1025,27            21160          1,00                     21160      21160      -------------------- 99,89 
1          13         1200       0          20         1476810            1210,50            1220           1,00                     1220       1220       -------------------- 98,36 
2          13         1600       0          40         1649220            1005,62            1640           1,00                     1640       1640       -------------------- 97,56 
5          13         4440       0          100        4810070            1059,49            4540           1,00                     4540       4540       -------------------- 97,80 
10         13         8080       0          200        8314940            1004,22            8280           1,00                     8280       8280       -------------------- 97,58 
25         13         20660      0          500        21494180           1015,79            21160          1,00                     21160      21160      -------------------- 97,64 
1          15         1200       0          0          1440000            1200,00            1200           1,00                     1200       1200       -------------------- 100,00
2          15         1600       0          0          1600000            1000,00            1600           1,00                     1600       1600       -------------------- 100,00
5          15         4440       0          0          4673600            1052,61            4440           1,00                     4440       4440       -------------------- 100,00
10         15         8080       0          0          8066400            998,32             8080           1,00                     8080       8080       -------------------- 100,00
25         15         20660      0          0          20858800           1009,62            20660          1,00                     20660      20660      -------------------- 100,00
1          16         1138       2          60         1438230            1198,53            1200           1,00                     1200       1200       ------------------- 94,83  
2          16         1500       20         80         1598040            998,78             1600           1,00                     1600       1600       ------------------- 93,75  
5          16         4177       41         222        4667869            1051,32            4440           1,00                     4440       4440       ------------------- 94,08  
10         16         7581       95         404        8056519            997,09             8080           1,00                     8080       8080       ------------------- 93,82  
25         16         19398      229        1033       20833243           1008,39            20660          1,00                     20660      20660      ------------------- 93,89  
1          17         1168       12         20         1428600            1190,50            1200           1,00                     1200       1200       -------------------- 97,33 
2          17         1530       30         40         1584800            990,50             1600           1,00                     1600       1600       -------------------- 95,63 
5          17         4262       78         100        4631420            1043,11            4440           1,00                     4440       4440       -------------------- 95,99 
10         17         7729       151        200        7989640            988,82             8080           1,00                     8080       8080       -------------------- 95,66 
25         17         19820      340        500        20662530           1000,12            20660          1,00                     20660      20660      -------------------- 95,93 
1          19         16         0          0          256                16,00              16             1,00                     16         16         -------------------- 100,00
2          19         133        6          3          16129              113,58             142            1,00                     142        142        ------------------- 93,66  
5          19         245        14         10         25645              95,33              269            1,00                     269        269        ------------------- 91,08  
10         19         570        39         24         64569              102,00             633            1,00                     633        633        ------------------- 90,05  
25         19         1332       119        59         148479             98,33              1510           1,00                     1510       1510       ------------------ 88,21   
1          20         16         0          0          256                16,00              16             1,00                     16         16         -------------------- 100,00
2          20         133        6          3          16129              113,58             142            1,00                     142        142        ------------------- 93,66  
5          20         245        14         10         25645              95,33              269            1,00                     269        269        ------------------- 91,08  
10         20         570        39         24         64569              102,00             633            1,00                     633        633        ------------------- 90,05  
25         20         1332       119        59         148479             98,33              1510           1,00                     1510       1510       ------------------ 88,21   
1          21         16         0          0          256                16,00              16             1,00                     16         16         -------------------- 100,00
2          21         133        6          3          16129              113,58             142            1,00                     142        142        ------------------- 93,66  
5          21         245        14         10         25645              95,33              269            1,00                     269        269        ------------------- 91,08  
10         21         570        39         24         64569              102,00             633            1,00                     633        633        ------------------- 90,05  
25         21         1332       119        59         148479             98,33              1510           1,00                     1510       1510       ------------------ 88,21   
1          22         16         0          0          256                16,00              16             1,00                     16         16         -------------------- 100,00
2          22         133        6          3          16015              112,78             142            1,00                     142        142        ------------------- 93,66  
5          22         245        13         11         25166              93,55              269            1,00                     269        269        ------------------- 91,08  
10         22         575        38         20         63821              100,82             633            1,00                     633        633        ------------------- 90,84  
25         22         1336       115        59         145904             96,63              1510           1,00                     1510       1510       ------------------ 88,48   
1          23         16         0          0          256                16,00              16             1,00                     16         16         -------------------- 100,00
2          23         133        6          3          16015              112,78             142            1,00                     142        142        ------------------- 93,66  
5          23         245        13         11         25166              93,55              269            1,00                     269        269        ------------------- 91,08  
10         23         575        38         20         63821              100,82             633            1,00                     633        633        ------------------- 90,84  
25         23         1336       115        59         145904             96,63              1510           1,00                     1510       1510       ------------------ 88,48   
1          24         16         0          0          256                16,00              16             1,00                     16         16         -------------------- 100,00
2          24         133        6          3          16015              112,78             142            1,00                     142        142        ------------------- 93,66  
5          24         245        13         11         25166              93,55              269            1,00                     269        269        ------------------- 91,08  
10         24         575        38         20         63821              100,82             633            1,00                     633        633        ------------------- 90,84  
25         24         1336       115        59         145904             96,63              1510           1,00                     1510       1510       ------------------ 88,48   
1          25         15         1          0          256                16,00              16             1,00                     16         16         ------------------- 93,75  
2          25         140        2          0          16132              113,61             142            1,00                     142        142        -------------------- 98,59 
5          25         259        10         0          25669              95,42              269            1,00                     269        269        -------------------- 96,28 
10         25         607        26         0          64627              102,10             633            1,00                     633        633        -------------------- 95,89 
25         25         1439       71         0          148632             98,43              1510           1,00                     1510       1510       -------------------- 95,30 
1          26         16         0          0          256                16,00              16             1,00                     16         16         -------------------- 100,00
2          26         141        1          0          16132              113,61             142            1,00                     142        142        -------------------- 99,30 
5          26         258        11         0          25669              95,42              269            1,00                     269        269        -------------------- 95,91 
10         26         611        22         0          64627              102,10             633            1,00                     633        633        -------------------- 96,52 
25         26         1452       58         0          148632             98,43              1510           1,00                     1510       1510       -------------------- 96,16 
1          27         15         1          0          256                16,00              16             1,00                     16         16         ------------------- 93,75  
2          27         139        3          0          16132              113,61             142            1,00                     142        142        -------------------- 97,89 
5          27         231        38         0          25669              95,42              269            1,00                     269        269        ------------------ 85,87   
10         27         546        87         0          64627              102,10             633            1,00                     633        633        ------------------ 86,26   
25         27         1249       261        0          148632             98,43              1510           1,00                     1510       1510       ----------------- 82,72    
1          28         15         1          0          256                16,00              16             1,00                     16         16         ------------------- 93,75  
2          28         139        3          0          16132              113,61             142            1,00                     142        142        -------------------- 97,89 
5          28         231        38         0          25669              95,42              269            1,00                     269        269        ------------------ 85,87   
10         28         546        87         0          64627              102,10             633            1,00                     633        633        ------------------ 86,26   
25         28         1249       261        0          148632             98,43              1510           1,00                     1510       1510       ----------------- 82,72    
1          29         15         1          0          256                16,00              16             1,00                     16         16         ------------------- 93,75  
2          29         139        3          0          16132              113,61             142            1,00                     142        142        -------------------- 97,89 
5          29         231        38         0          25669              95,42              269            1,00                     269        269        ------------------ 85,87   
10         29         546        87         0          64627              102,10             633            1,00                     633        633        ------------------ 86,26   
25         29         1249       261        0          148632             98,43              1510           1,00                     1510       1510       ----------------- 82,72    
1          30         1124       0          60         1400086            1182,51            1184           1,00                     1184       1184       ------------------- 94,93  
2          30         1381       0          77         1475026            1011,68            1458           1,00                     1458       1458       ------------------- 94,72  
5          30         3955       4          212        4394118            1053,49            4171           1,00                     4171       4171       ------------------- 94,82  
10         30         7051       16         380        7471329            1003,27            7447           1,00                     7447       7447       ------------------- 94,68  
25         30         18113      63         974        19386029           1012,33            19150          1,00                     19150      19150      ------------------- 94,58  
1          31         1124       0          60         1400086            1182,51            1184           1,00                     1184       1184       ------------------- 94,93  
2          31         1381       0          77         1475026            1011,68            1458           1,00                     1458       1458       ------------------- 94,72  
5          31         3955       4          212        4394118            1053,49            4171           1,00                     4171       4171       ------------------- 94,82  
10         31         7051       16         380        7471329            1003,27            7447           1,00                     7447       7447       ------------------- 94,68  
25         31         18113      63         974        19386029           1012,33            19150          1,00                     19150      19150      ------------------- 94,58  
1          32         1124       0          60         1400086            1182,51            1184           1,00                     1184       1184       ------------------- 94,93  
2          32         1381       0          77         1475026            1011,68            1458           1,00                     1458       1458       ------------------- 94,72  
5          32         3955       4          212        4394118            1053,49            4171           1,00                     4171       4171       ------------------- 94,82  
10         32         7051       16         380        7471329            1003,27            7447           1,00                     7447       7447       ------------------- 94,68  
25         32         18113      63         974        19386029           1012,33            19150          1,00                     19150      19150      ------------------- 94,58  
1          33         1164       0          20         1390600            1174,49            1184           1,00                     1184       1184       -------------------- 98,31 
2          33         1421       0          37         1463300            1003,64            1458           1,00                     1458       1458       -------------------- 97,46 
5          33         4078       4          89         4361635            1045,70            4171           1,00                     4171       4171       -------------------- 97,77 
10         33         7251       16         180        7412413            995,36             7447           1,00                     7447       7447       -------------------- 97,37 
25         33         18646      63         441        19236751           1004,53            19150          1,00                     19150      19150      -------------------- 97,37 
1          34         1164       0          20         1390600            1174,49            1184           1,00                     1184       1184       -------------------- 98,31 
2          34         1421       0          37         1463300            1003,64            1458           1,00                     1458       1458       -------------------- 97,46 
5          34         4078       4          89         4361635            1045,70            4171           1,00                     4171       4171       -------------------- 97,77 
10         34         7251       16         180        7412413            995,36             7447           1,00                     7447       7447       -------------------- 97,37 
25         34         18646      63         441        19236751           1004,53            19150          1,00                     19150      19150      -------------------- 97,37 
1          35         1164       0          20         1390600            1174,49            1184           1,00                     1184       1184       -------------------- 98,31 
2          35         1421       0          37         1463300            1003,64            1458           1,00                     1458       1458       -------------------- 97,46 
5          35         4078       4          89         4361635            1045,70            4171           1,00                     4171       4171       -------------------- 97,77 
10         35         7251       16         180        7412413            995,36             7447           1,00                     7447       7447       -------------------- 97,37 
25         35         18646      63         441        19236751           1004,53            19150          1,00                     19150      19150      -------------------- 97,37 
1          36         1124       0          60         1400086            1182,51            1184           1,00                     1184       1184       ------------------- 94,93  
2          36         1381       0          77         1475026            1011,68            1458           1,00                     1458       1458       ------------------- 94,72  
5          36         3959       0          212        4394118            1053,49            4171           1,00                     4171       4171       ------------------- 94,92  
10         36         7062       5          380        7471329            1003,27            7447           1,00                     7447       7447       ------------------- 94,83  
25         36         18155      21         974        19386029           1012,33            19150          1,00                     19150      19150      ------------------- 94,80  
1          37         1124       0          60         1400086            1182,51            1184           1,00                     1184       1184       ------------------- 94,93  
2          37         1381       0          77         1475026            1011,68            1458           1,00                     1458       1458       ------------------- 94,72  
5          37         3959       0          212        4394118            1053,49            4171           1,00                     4171       4171       ------------------- 94,92  
10         37         7062       5          380        7471329            1003,27            7447           1,00                     7447       7447       ------------------- 94,83  
25         37         18155      21         974        19386029           1012,33            19150          1,00                     19150      19150      ------------------- 94,80  
1          38         1124       0          60         1400086            1182,51            1184           1,00                     1184       1184       ------------------- 94,93  
2          38         1381       0          77         1475026            1011,68            1458           1,00                     1458       1458       ------------------- 94,72  
5          38         3959       0          212        4394118            1053,49            4171           1,00                     4171       4171       ------------------- 94,92  
10         38         7062       5          380        7471329            1003,27            7447           1,00                     7447       7447       ------------------- 94,83  
25         38         18155      21         974        19386029           1012,33            19150          1,00                     19150      19150      ------------------- 94,80  
1          39         1184       0          0          1401856            1184,00            1184           1,00                     1184       1184       -------------------- 100,00
2          39         1458       0          0          1476932            1012,98            1458           1,00                     1458       1458       -------------------- 100,00
5          39         4171       0          0          4399669            1054,82            4171           1,00                     4171       4171       -------------------- 100,00
10         39         7442       5          0          7480787            1004,54            7447           1,00                     7447       7447       -------------------- 99,93 
25         39         19129      21         0          19410552           1013,61            19150          1,00                     19150      19150      -------------------- 99,89 
1          40         233        951        0          1401856            1184,00            1184           1,00                     1184       1184       ---- 19,68                 
2          40         489        969        0          1476932            1012,98            1458           1,00                     1458       1458       ------- 33,54              
5          40         1154       3017       0          4399669            1054,82            4171           1,00                     4171       4171       ------ 27,67               
10         40         2315       5132       0          7480787            1004,54            7447           1,00                     7447       7447       ------- 31,09              
25         40         5960       13190      0          19410552           1013,61            19150          1,00                     19150      19150      ------- 31,12              
1          41         1184       0          0          1401856            1184,00            1184           1,00                     1184       1184       -------------------- 100,00
2          41         1458       0          0          1476932            1012,98            1458           1,00                     1458       1458       -------------------- 100,00
5          41         4169       2          0          4399669            1054,82            4171           1,00                     4171       4171       -------------------- 99,95 
10         41         7444       3          0          7480787            1004,54            7447           1,00                     7447       7447       -------------------- 99,96 
25         41         19130      20         0          19410552           1013,61            19150          1,00                     19150      19150      -------------------- 99,90 
1          42         1139       25         20         1390600            1174,49            1184           1,00                     1184       1184       -------------------- 96,20 
2          42         1396       25         37         1463300            1003,64            1458           1,00                     1458       1458       -------------------- 95,75 
5          42         3980       102        89         4361635            1045,70            4171           1,00                     4171       4171       -------------------- 95,42 
10         42         7100       167        180        7412413            995,36             7447           1,00                     7447       7447       -------------------- 95,34 
25         42         18286      423        441        19236751           1004,53            19150          1,00                     19150      19150      -------------------- 95,49 
1          43         1139       25         20         1390600            1174,49            1184           1,00                     1184       1184       -------------------- 96,20 
2          43         1396       25         37         1463300            1003,64            1458           1,00                     1458       1458       -------------------- 95,75 
5          43         3980       102        89         4361635            1045,70            4171           1,00                     4171       4171       -------------------- 95,42 
10         43         7100       167        180        7412413            995,36             7447           1,00                     7447       7447       -------------------- 95,34 
25         43         18286      423        441        19236751           1004,53            19150          1,00                     19150      19150      -------------------- 95,49 
1          44         1139       25         20         1390600            1174,49            1184           1,00                     1184       1184       -------------------- 96,20 
2          44         1396       25         37         1463300            1003,64            1458           1,00                     1458       1458       -------------------- 95,75 
5          44         3980       102        89         4361635            1045,70            4171           1,00                     4171       4171       -------------------- 95,42 
10         44         7100       167        180        7412413            995,36             7447           1,00                     7447       7447       -------------------- 95,34 
25         44         18286      423        441        19236751           1004,53            19150          1,00                     19150      19150      -------------------- 95,49 
1          45         245        939        0          1401856            1184,00            1184           1,00                     1184       1184       ----- 20,69                
2          45         501        957        0          1476932            1012,98            1458           1,00                     1458       1458       ------- 34,36              
5          45         1186       2985       0          4399669            1054,82            4171           1,00                     4171       4171       ------ 28,43               
10         45         2371       5076       0          7480787            1004,54            7447           1,00                     7447       7447       ------- 31,84              
25         45         6122       13028      0          19410552           1013,61            19150          1,00                     19150      19150      ------- 31,97              
1          46         215        969        0          1401856            1184,00            1184           1,00                     1184       1184       ---- 18,16                 
2          46         453        1005       0          1476932            1012,98            1458           1,00                     1458       1458       ------- 31,07              
5          46         1055       3116       0          4399669            1054,82            4171           1,00                     4171       4171       ------ 25,29               
10         46         2118       5329       0          7480787            1004,54            7447           1,00                     7447       7447       ------ 28,44               
25         46         5484       13666      0          19410552           1013,61            19150          1,00                     19150      19150      ------ 28,64               
1          47         0          0          1          1                  1,00               1              1,00                     1          1           0,00                      
2          47         0          0          2          2                  1,00               2              1,00                     2          2           0,00                      
5          47         0          0          5          5                  1,00               5              1,00                     5          5           0,00                      
10         47         0          0          10         10                 1,00               10             1,00                     10         10          0,00                      
25         47         0          0          25         25                 1,00               25             1,00                     25         25          0,00                      
1          48         0          0          1          1                  1,00               1              1,00                     1          1           0,00                      
2          48         0          0          2          2                  1,00               2              1,00                     2          2           0,00                      
5          48         0          0          5          5                  1,00               5              1,00                     5          5           0,00                      
10         48         0          0          10         10                 1,00               10             1,00                     10         10          0,00                      
25         48         0          0          25         25                 1,00               25             1,00                     25         25          0,00                      
1          49         59         0          1          3600               60,00              60             1,00                     60         60         -------------------- 98,33 
2          49         80         0          1          4041               49,89              81             1,00                     81         81         -------------------- 98,77 
5          49         228        0          4          12202              52,59              232            1,00                     232        232        -------------------- 98,28 
10         49         423        0          6          21443              49,98              429            1,00                     429        429        -------------------- 98,60 
25         49         1096       0          14         56060              50,50              1110           1,00                     1110       1110       -------------------- 98,74 
1          50         59         0          1          3599               59,98              60             1,00                     60         60         -------------------- 98,33 
2          50         79         1          1          4039               49,86              81             1,00                     81         81         -------------------- 97,53 
5          50         225        3          4          12195              52,56              232            1,00                     232        232        -------------------- 96,98 
10         50         417        6          6          21430              49,95              429            1,00                     429        429        -------------------- 97,20 
25         50         1077       19         14         56012              50,46              1110           1,00                     1110       1110       -------------------- 97,03 
1          52         59         0          0          3481               59,00              59             1,00                     59         59         -------------------- 100,00
2          52         79         0          0          3881               49,13              79             1,00                     79         79         -------------------- 100,00
5          52         227        0          0          11743              51,73              227            1,00                     227        227        -------------------- 100,00
10         52         420        0          0          20658              49,19              420            1,00                     420        420        -------------------- 100,00
25         52         1087       0          0          53986              49,67              1087           1,00                     1087       1087       -------------------- 100,00
1          53         59         0          0          3481               59,00              59             1,00                     59         59         -------------------- 100,00
2          53         78         1          0          3881               49,13              79             1,00                     79         79         -------------------- 98,73 
5          53         226        1          0          11743              51,73              227            1,00                     227        227        -------------------- 99,56 
10         53         415        5          0          20655              49,18              420            1,00                     420        420        -------------------- 98,81 
25         53         1073       14         0          53979              49,66              1087           1,00                     1087       1087       -------------------- 98,71 
1          56         58         0          1          3423               58,02              59             1,00                     59         59         -------------------- 98,31 
2          56         77         0          2          3804               48,15              79             1,00                     79         79         -------------------- 97,47 
5          56         222        0          5          11521              50,75              227            1,00                     227        227        -------------------- 97,80 
10         56         409        0          10         20186              48,18              419            1,00                     419        419        -------------------- 97,61 
25         56         1060       0          25         52805              48,67              1085           1,00                     1085       1085       -------------------- 97,70 
1          57         43         0          16         2673               45,31              59             1,00                     59         59         --------------- 72,88      
2          57         62         0          17         3054               38,66              79             1,00                     79         79         ---------------- 78,48     
5          57         176        0          51         9243               40,72              227            1,00                     227        227        ---------------- 77,53     
10         57         333        0          86         16408              39,16              419            1,00                     419        419        ---------------- 79,47     
25         57         859        0          226        42893              39,53              1085           1,00                     1085       1085       ---------------- 79,17     
1          58         59         0          0          3483               59,03              59             1,00                     59         59         -------------------- 100,00
2          58         79         0          0          3883               49,15              79             1,00                     79         79         -------------------- 100,00
5          58         223        4          0          11749              51,76              227            1,00                     227        227        -------------------- 98,24 
10         58         408        11         0          20604              49,17              419            1,00                     419        419        -------------------- 97,37 
25         58         1046       39         0          53887              49,67              1085           1,00                     1085       1085       -------------------- 96,41 
1          59         18         41         0          3467               58,76              59             1,00                     59         59         ------- 30,51              
2          59         18         61         0          3886               49,19              79             1,00                     79         79         ----- 22,78                
5          59         64         163        0          11737              51,70              227            1,00                     227        227        ------ 28,19               
10         59         112        307        0          20607              49,18              419            1,00                     419        419        ------ 26,73               
25         59         301        784        0          53898              49,68              1085           1,00                     1085       1085       ------ 27,74               
1          60         58         0          1          3481               59,00              59             1,00                     59         59         -------------------- 98,31 
2          60         77         0          2          3881               49,13              79             1,00                     79         79         -------------------- 97,47 
5          60         218        3          6          11742              51,73              227            1,00                     227        227        -------------------- 96,04 
10         60         401        7          11         20592              49,15              419            1,00                     419        419        -------------------- 95,70 
25         60         1022       31         32         53847              49,63              1085           1,00                     1085       1085       ------------------- 94,19  
1          61         18         41         0          3467               58,76              59             1,00                     59         59         ------- 30,51              
2          61         18         61         0          3886               49,19              79             1,00                     79         79         ----- 22,78                
5          61         64         163        0          11737              51,70              227            1,00                     227        227        ------ 28,19               
10         61         112        307        0          20607              49,18              419            1,00                     419        419        ------ 26,73               
25         61         301        784        0          53898              49,68              1085           1,00                     1085       1085       ------ 27,74               
1          62         43         0          16         2673               45,31              59             1,00                     59         59         --------------- 72,88      
2          62         62         0          17         3054               38,66              79             1,00                     79         79         ---------------- 78,48     
5          62         171        5          51         9248               40,74              227            1,00                     227        227        ---------------- 75,33     
10         62         324        9          86         16416              39,18              419            1,00                     419        419        ---------------- 77,33     
25         62         825        34         226        42930              39,57              1085           1,00                     1085       1085       ---------------- 76,04     
1          63         18         41         0          3469               58,80              59             1,00                     59         59         ------- 30,51              
2          63         18         61         0          3888               49,22              79             1,00                     79         79         ----- 22,78                
5          63         60         167        0          11743              51,73              227            1,00                     227        227        ------ 26,43               
10         63         101        318        0          20616              49,20              419            1,00                     419        419        ----- 24,11                
25         63         262        823        0          53920              49,70              1085           1,00                     1085       1085       ----- 24,15                
1          65         18         0          0          324                18,00              18             1,00                     18         18         -------------------- 100,00
2          65         18         0          0          324                18,00              18             1,00                     18         18         -------------------- 100,00
5          65         64         0          0          1072               16,75              64             1,00                     64         64         -------------------- 100,00
10         65         112        0          0          1824               16,29              112            1,00                     112        112        -------------------- 100,00
25         65         301        0          0          4735               15,73              301            1,00                     301        301        -------------------- 100,00
1          66         41         0          0          1681               41,00              41             1,00                     41         41         -------------------- 100,00
2          66         60         0          1          2062               33,80              61             1,00                     61         61         -------------------- 98,36 
5          66         162        0          1          5824               35,73              163            1,00                     163        163        -------------------- 99,39 
10         66         303        0          4          10409              33,91              307            1,00                     307        307        -------------------- 98,70 
25         66         778        0          6          26999              34,44              784            1,00                     784        784        -------------------- 99,23 
1          67         40         0          1          1641               40,02              41             1,00                     41         41         -------------------- 97,56 
2          67         59         0          2          2022               33,15              61             1,00                     61         61         -------------------- 96,72 
5          67         158        0          5          5685               34,88              163            1,00                     163        163        -------------------- 96,93 
10         67         297        0          10         10190              33,19              307            1,00                     307        307        -------------------- 96,74 
25         67         759        0          25         26357              33,62              784            1,00                     784        784        -------------------- 96,81 
1          68         41         0          0          1636               39,90              41             1,00                     41         41         -------------------- 100,00
2          68         61         0          0          2036               33,38              61             1,00                     61         61         -------------------- 100,00
5          68         160        3          0          5707               35,01              163            1,00                     163        163        -------------------- 98,16 
10         68         294        13         0          10242              33,36              307            1,00                     307        307        -------------------- 95,77 
25         68         754        30         0          26490              33,79              784            1,00                     784        784        -------------------- 96,17 
1          69         41         0          0          1681               41,00              41             1,00                     41         41         -------------------- 100,00
2          69         60         0          1          2062               33,80              61             1,00                     61         61         -------------------- 98,36 
5          69         158        4          1          5824               35,73              163            1,00                     163        163        -------------------- 96,93 
10         69         295        8          4          10409              33,91              307            1,00                     307        307        -------------------- 96,09 
25         69         752        26         6          26999              34,44              784            1,00                     784        784        -------------------- 95,92 
1          70         39         2          0          1681               41,00              41             1,00                     41         41         -------------------- 95,12 
2          70         39         22         0          2081               34,11              61             1,00                     61         61         ------------- 63,93        
5          70         127        36         0          5843               35,85              163            1,00                     163        163        ---------------- 77,91     
10         70         220        87         0          10487              34,16              307            1,00                     307        307        --------------- 71,66      
25         70         589        195        0          27116              34,59              784            1,00                     784        784        ---------------- 75,13     
1          71         41         0          0          1680               40,98              41             1,00                     41         41         -------------------- 100,00
2          71         60         0          1          2080               34,10              61             1,00                     61         61         -------------------- 98,36 
5          71         161        1          1          5839               35,82              163            1,00                     163        163        -------------------- 98,77 
10         71         301        2          4          10480              34,14              307            1,00                     307        307        -------------------- 98,05 
25         71         762        11         11         27095              34,56              784            1,00                     784        784        -------------------- 97,19 
1          72         39         2          0          1681               41,00              41             1,00                     41         41         -------------------- 95,12 
2          72         39         22         0          2081               34,11              61             1,00                     61         61         ------------- 63,93        
5          72         127        36         0          5843               35,85              163            1,00                     163        163        ---------------- 77,91     
10         72         220        87         0          10487              34,16              307            1,00                     307        307        --------------- 71,66      
25         72         589        195        0          27116              34,59              784            1,00                     784        784        ---------------- 75,13     
1          73         39         2          0          1636               39,90              41             1,00                     41         41         -------------------- 95,12 
2          73         39         22         0          2036               33,38              61             1,00                     61         61         ------------- 63,93        
5          73         124        39         0          5707               35,01              163            1,00                     163        163        ---------------- 76,07     
10         73         207        100        0          10242              33,36              307            1,00                     307        307        -------------- 67,43       
25         73         559        225        0          26490              33,79              784            1,00                     784        784        --------------- 71,30      
1          75         39         0          0          1521               39,00              39             1,00                     39         39         -------------------- 100,00
2          75         39         0          0          1521               39,00              39             1,00                     39         39         -------------------- 100,00
5          75         127        0          0          4663               36,72              127            1,00                     127        127        -------------------- 100,00
10         75         220        0          0          7858               35,72              220            1,00                     220        220        -------------------- 100,00
25         75         589        0          0          20545              34,88              589            1,00                     589        589        -------------------- 100,00
1          76         0          0          0          0                  NaN                0              NaN                      0          0          NaN                        
2          76         0          0          0          0                  NaN                0              NaN                      0          0          NaN                        
5          76         0          0          0          0                  NaN                0              NaN                      0          0          NaN                        
10         76         0          0          0          0                  NaN                0              NaN                      0          0          NaN                        
25         76         0          0          0          0                  NaN                0              NaN                      0          0          NaN                        
1          77         0          0          0          0                  NaN                0              NaN                      0          0          NaN                        
2          77         0          0          0          0                  NaN                0              NaN                      0          0          NaN                        
5          77         0          0          0          0                  NaN                0              NaN                      0          0          NaN                        
10         77         0          0          0          0                  NaN                0              NaN                      0          0          NaN                        
25         77         0          0          0          0                  NaN                0              NaN                      0          0          NaN                        
1          78         0          0          0          0                  NaN                0              NaN                      0          0          NaN                        
2          78         0          0          0          0                  NaN                0              NaN                      0          0          NaN                        
5          78         0          0          0          0                  NaN                0              NaN                      0          0          NaN                        
10         78         0          0          0          0                  NaN                0              NaN                      0          0          NaN                        
25         78         0          0          0          0                  NaN                0              NaN                      0          0          NaN                        
1          79         0          0          0          0                  NaN                0              NaN                      0          0          NaN                        
2          79         0          0          0          0                  NaN                0              NaN                      0          0          NaN                        
5          79         0          0          0          0                  NaN                0              NaN                      0          0          NaN                        
10         79         0          0          0          0                  NaN                0              NaN                      0          0          NaN                        
25         79         0          0          0          0                  NaN                0              NaN                      0          0          NaN                        
1          80         0          0          0          0                  NaN                0              NaN                      0          0          NaN                        
2          80         0          0          0          0                  NaN                0              NaN                      0          0          NaN                        
5          80         0          0          0          0                  NaN                0              NaN                      0          0          NaN                        
10         80         0          0          0          0                  NaN                0              NaN                      0          0          NaN                        
25         80         0          0          0          0                  NaN                0              NaN                      0          0          NaN                        
1          81         0          0          0          0                  NaN                0              NaN                      0          0          NaN                        
2          81         0          0          0          0                  NaN                0              NaN                      0          0          NaN                        
5          81         0          0          0          0                  NaN                0              NaN                      0          0          NaN                        
10         81         0          0          0          0                  NaN                0              NaN                      0          0          NaN                        
25         81         0          0          0          0                  NaN                0              NaN                      0          0          NaN                        
1          83         0          2          0          4                  2,00               2              1,00                     2          2           0,00                      
2          83         1          20         1          385                17,50              22             1,00                     22         22         - 4,55                     
5          83         2          33         1          493                13,69              36             1,00                     36         36         -- 5,56                    
10         83         4          79         4          1262               14,51              87             1,00                     87         87         - 4,60                     
25         83         9          180        6          2518               12,91              195            1,00                     195        195        - 4,62                     
1          84         0          2          0          4                  2,00               2              1,00                     2          2           0,00                      
2          84         1          20         1          404                18,36              22             1,00                     22         22         - 4,55                     
5          84         1          33         2          512                14,22              36             1,00                     36         36         - 2,78                     
10         84         3          80         4          1325               15,23              87             1,00                     87         87         - 3,45                     
25         84         7          178        10         2607               13,37              195            1,00                     195        195        - 3,59                     
1          85         0          2          0          4                  2,00               2              1,00                     2          2           0,00                      
2          85         1          20         1          385                17,50              22             1,00                     22         22         - 4,55                     
5          85         2          33         1          493                13,69              36             1,00                     36         36         -- 5,56                    
10         85         4          79         4          1262               14,51              87             1,00                     87         87         - 4,60                     
25         85         9          180        6          2518               12,91              195            1,00                     195        195        - 4,62                     
1          86         2          0          0          4                  2,00               2              1,00                     2          2          -------------------- 100,00
2          86         22         0          0          404                18,36              22             1,00                     22         22         -------------------- 100,00
5          86         36         0          0          512                14,22              36             1,00                     36         36         -------------------- 100,00
10         86         87         0          0          1325               15,23              87             1,00                     87         87         -------------------- 100,00
25         86         195        0          0          2607               13,37              195            1,00                     195        195        -------------------- 100,00
1          87         2          0          0          4                  2,00               2              1,00                     2          2          -------------------- 100,00
2          87         22         0          0          404                18,36              22             1,00                     22         22         -------------------- 100,00
5          87         36         0          0          512                14,22              36             1,00                     36         36         -------------------- 100,00
10         87         87         0          0          1325               15,23              87             1,00                     87         87         -------------------- 100,00
25         87         195        0          0          2607               13,37              195            1,00                     195        195        -------------------- 100,00
