contains the data for build a graph for analysis.
Exploration Boolean Negation
NEGB : negation of boolean value.
25 polynomial of 50 degrees
generated with 23 as seed
25 perturbation points
Perturbator IndexLoc   #Perturbations #Success   #Failure   #Exception #Call          %Success                   
NEGB        3          286            275        8          3          11467          -------------------- 96,15 
NEGB        12         164            149        12         3          1833           ------------------- 90,85  
NEGB        15         141            137        4          0          1601           -------------------- 97,16 
NEGB        16         164            149        12         3          1833           ------------------- 90,85  
NEGB        17         122            95         27         0          1294           ---------------- 77,87     
NEGB        18         8              0          0          8          8               0,00                      
NEGB        24         8              0          0          8          8               0,00                      
NEGB        31         408            0          0          408        10608           0,00                      
NEGB        39         400            129        0          271        10200          ------- 32,25              
NEGB        60         10192          2431       7302       459        12619099       ----- 23,85                
NEGB        65         415            0          0          415        10215           0,00                      
NEGB        71         415            0          0          415        10215           0,00                      
NEGB        89         85546          80321      517        4708       865976647      ------------------- 93,89  
NEGB        101        3039           1627       1382       30         1094641        ----------- 53,54          
NEGB        104        2635           1224       1379       32         829848         ---------- 46,45           
NEGB        107        2624           2610       12         2          828052         -------------------- 99,47 
NEGB        110        2624           2617       7          0          822849         -------------------- 99,73 
NEGB        127        25             18         5          2          25             --------------- 72,00      
NEGB        134        23             10         13         0          23             --------- 43,48            
NEGB        140        23             9          4          10         23             -------- 39,13             
NEGB        151        13             4          9          0          13             ------- 30,77              
NEGB        157        13             0          0          13         13              0,00                      
NEGB        175        23             20         0          3          23             ------------------ 86,96   
NEGB        181        263            0          263        0          5620            0,00                      
NEGB        186        263            224        39         0          5749           ------------------ 85,17   
