aggregate data per location for Magnitude = 75
Exploration Plus Magnitude
magnitude value : 1 5 10 20 50 75 100 
PM : Numerical Perturbator
25 polynomial of 50 degrees
generated with 23 as seed
181 perturbation points
IndexLoc   #Success   #Failure   #Exception #CallAllExecs      AvgCallPerExec     #Perturbations AvgPerturbationPerExec   #Execs     #ExecsRef  AvgCallRefPerTask #Tasks     %Success                   
0          275        8          3          11667              40,79              286            1,00                     286        286        11.44             25         -------------------- 96,15 
1          275        8          3          11667              40,79              286            1,00                     286        286        11.44             25         -------------------- 96,15 
2          283        3          0          11434              39,98              286            1,00                     286        286        11.44             25         -------------------- 98,95 
4          157        7          0          1765               10,76              164            1,00                     164        164        6.56              25         -------------------- 95,73 
5          161        3          0          3366               20,52              164            1,00                     164        164        6.56              25         -------------------- 98,17 
6          157        7          0          1765               10,76              164            1,00                     164        164        6.56              25         -------------------- 95,73 
7          157        7          0          1765               10,76              164            1,00                     164        164        6.56              25         -------------------- 95,73 
8          157        7          0          1765               10,76              164            1,00                     164        164        6.56              25         -------------------- 95,73 
9          153        8          3          3434               20,94              164            1,00                     164        164        6.56              25         ------------------- 93,29  
10         153        8          3          3434               20,94              164            1,00                     164        164        6.56              25         ------------------- 93,29  
11         157        7          0          1765               10,76              164            1,00                     164        164        6.56              25         -------------------- 95,73 
13         141        0          0          3061               21,71              141            1,00                     141        141        5.64              25         -------------------- 100,00
14         137        4          0          1601               11,35              141            1,00                     141        141        5.64              25         -------------------- 97,16 
19         0          0          8          8                  1,00               8              1,00                     8          8          0.32              25          0,00                      
20         0          0          8          8                  1,00               8              1,00                     8          8          0.32              25          0,00                      
21         0          0          8          8                  1,00               8              1,00                     8          8          0.32              25          0,00                      
22         8          0          0          8                  1,00               8              1,00                     8          8          0.32              25         -------------------- 100,00
23         8          0          0          8                  1,00               8              1,00                     8          8          0.32              25         -------------------- 100,00
25         8          0          0          8                  1,00               8              1,00                     8          8          0.32              25         -------------------- 100,00
26         8          0          0          8                  1,00               8              1,00                     8          8          0.32              25         -------------------- 100,00
27         8          0          0          8                  1,00               8              1,00                     8          8          0.32              25         -------------------- 100,00
28         0          0          8          8                  1,00               8              1,00                     8          8          0.32              25          0,00                      
29         8          0          400        10608              26,00              408            1,00                     408        408        16.32             25         - 1,96                     
30         400        0          8          20808              51,00              408            1,00                     408        408        16.32             25         -------------------- 98,04 
32         400        0          0          20000              50,00              400            1,00                     400        400        16.0              25         -------------------- 100,00
33         0          0          400        10200              25,50              400            1,00                     400        400        16.0              25          0,00                      
34         0          0          400        10200              25,50              400            1,00                     400        400        16.0              25          0,00                      
35         8          0          0          8                  1,00               8              1,00                     8          8          0.32              25         -------------------- 100,00
36         0          0          8          8                  1,00               8              1,00                     8          8          0.32              25          0,00                      
37         137        0          263        10200              25,50              400            1,00                     400        400        16.0              25         ------- 34,25              
38         392        0          8          20000              50,00              400            1,00                     400        400        16.0              25         -------------------- 98,00 
40         392        0          0          19208              49,00              392            1,00                     392        392        15.68             25         -------------------- 100,00
41         0          0          392        9800               25,00              392            1,00                     392        392        15.68             25          0,00                      
42         0          0          392        9800               25,00              392            1,00                     392        392        15.68             25          0,00                      
43         0          0          392        9800               25,00              392            1,00                     392        392        15.68             25          0,00                      
44         0          0          392        9800               25,00              392            1,00                     392        392        15.68             25          0,00                      
45         0          0          392        9800               25,00              392            1,00                     392        392        15.68             25          0,00                      
46         0          0          392        9800               25,00              392            1,00                     392        392        15.68             25          0,00                      
47         0          0          392        9800               25,00              392            1,00                     392        392        15.68             25          0,00                      
48         0          0          392        9800               25,00              392            1,00                     392        392        15.68             25          0,00                      
49         0          0          392        9800               25,00              392            1,00                     392        392        15.68             25          0,00                      
50         0          0          392        9800               25,00              392            1,00                     392        392        15.68             25          0,00                      
51         0          0          392        9800               25,00              392            1,00                     392        392        15.68             25          0,00                      
52         0          0          392        9800               25,00              392            1,00                     392        392        15.68             25          0,00                      
53         0          0          392        9800               25,00              392            1,00                     392        392        15.68             25          0,00                      
54         138        248        6          19065              48,64              392            1,00                     392        392        15.68             25         -------- 35,20             
55         0          0          392        9800               25,00              392            1,00                     392        392        15.68             25          0,00                      
56         138        248        6          19065              48,64              392            1,00                     392        392        15.68             25         -------- 35,20             
57         0          0          392        9800               25,00              392            1,00                     392        392        15.68             25          0,00                      
58         9800       0          392        12818400           1257,69            10192          1,00                     10192      10192      407.68            25         -------------------- 96,15 
59         2823       7302       67         12785307           1254,45            10192          1,00                     10192      10192      407.68            25         ------ 27,70               
61         9800       0          0          12005000           1225,00            9800           1,00                     9800       9800       392.0             25         -------------------- 100,00
62         0          0          9800       6007400            613,00             9800           1,00                     9800       9800       392.0             25          0,00                      
63         0          0          9800       6007400            613,00             9800           1,00                     9800       9800       392.0             25          0,00                      
64         0          0          9800       6007400            613,00             9800           1,00                     9800       9800       392.0             25          0,00                      
66         0          0          415        10215              24,61              415            1,00                     415        415        16.6              25          0,00                      
67         0          0          415        10215              24,61              415            1,00                     415        415        16.6              25          0,00                      
68         0          0          415        10215              24,61              415            1,00                     415        415        16.6              25          0,00                      
69         412        3          0          20015              48,23              415            1,00                     415        415        16.6              25         -------------------- 99,28 
70         412        3          0          20015              48,23              415            1,00                     415        415        16.6              25         -------------------- 99,28 
72         153        255        7          19678              47,42              415            1,00                     415        415        16.6              25         -------- 36,87             
73         153        255        7          19678              47,42              415            1,00                     415        415        16.6              25         -------- 36,87             
74         161        253        1          19927              48,02              415            1,00                     415        415        16.6              25         -------- 38,80             
75         197        8          210        17254              41,58              415            1,00                     415        415        16.6              25         ---------- 47,47           
76         168        12         235        17133              41,28              415            1,00                     415        415        16.6              25         --------- 40,48            
77         353        60         2          19980              48,14              415            1,00                     415        415        16.6              25         ------------------ 85,06   
78         8          0          407        10215              24,61              415            1,00                     415        415        16.6              25         - 1,93                     
79         353        60         2          19980              48,14              415            1,00                     415        415        16.6              25         ------------------ 85,06   
80         352        61         2          20513              49,43              415            1,00                     415        415        16.6              25         ----------------- 84,82    
81         412        3          0          20015              48,23              415            1,00                     415        415        16.6              25         -------------------- 99,28 
82         412        3          0          20015              48,23              415            1,00                     415        415        16.6              25         -------------------- 99,28 
83         0          0          3039       549429             180,79             3039           1,00                     3039       3039       121.56            25          0,00                      
84         0          0          3039       549429             180,79             3039           1,00                     3039       3039       121.56            25          0,00                      
85         1385       5          1649       2182669            718,22             3039           1,00                     3039       3039       121.56            25         ---------- 45,57           
86         0          0          3039       549429             180,79             3039           1,00                     3039       3039       121.56            25          0,00                      
87         81919      588        3039       822217292          9611,41            85546          1,00                     85546      85546      3421.84           25         -------------------- 95,76 
88         83348      529        1669       876763013          10249,02           85546          1,00                     85546      85546      3421.84           25         -------------------- 97,43 
90         81919      588        0          773685143          9377,21            82507          1,00                     82507      82507      3300.28           25         -------------------- 99,29 
91         0          0          82507      386883825          4689,10            82507          1,00                     82507      82507      3300.28           25          0,00                      
92         3029       10         0          1098333            361,41             3039           1,00                     3039       3039       121.56            25         -------------------- 99,67 
93         3027       12         0          1098368            361,42             3039           1,00                     3039       3039       121.56            25         -------------------- 99,61 
94         1905       1104       30         1106969            364,25             3039           1,00                     3039       3039       121.56            25         ------------- 62,69        
95         3027       12         0          1095819            360,59             3039           1,00                     3039       3039       121.56            25         -------------------- 99,61 
96         1905       1104       30         1106969            364,25             3039           1,00                     3039       3039       121.56            25         ------------- 62,69        
97         1905       1104       30         1106969            364,25             3039           1,00                     3039       3039       121.56            25         ------------- 62,69        
98         1905       1104       30         1106969            364,25             3039           1,00                     3039       3039       121.56            25         ------------- 62,69        
99         3027       12         0          1096187            360,71             3039           1,00                     3039       3039       121.56            25         -------------------- 99,61 
100        1905       1104       30         1106969            364,25             3039           1,00                     3039       3039       121.56            25         ------------- 62,69        
102        2624       9          2          828173             314,30             2635           1,00                     2635       2635       105.4             25         -------------------- 99,58 
103        1641       989        5          824869             313,04             2635           1,00                     2635       2635       105.4             25         ------------- 62,28        
105        2615       8          1          823047             313,66             2624           1,00                     2624       2624       104.96            25         -------------------- 99,66 
106        2615       8          1          823653             313,89             2624           1,00                     2624       2624       104.96            25         -------------------- 99,66 
108        2615       9          0          819774             312,41             2624           1,00                     2624       2624       104.96            25         -------------------- 99,66 
109        2615       9          0          819774             312,41             2624           1,00                     2624       2624       104.96            25         -------------------- 99,66 
111        0          0          0          0                  NaN                0              NaN                      0          0          0.0               25         NaN                        
112        0          0          0          0                  NaN                0              NaN                      0          0          0.0               25         NaN                        
113        0          0          0          0                  NaN                0              NaN                      0          0          0.0               25         NaN                        
114        0          0          0          0                  NaN                0              NaN                      0          0          0.0               25         NaN                        
115        0          0          25         25                 1,00               25             1,00                     25         25         1.0               25          0,00                      
116        22         3          0          25                 1,00               25             1,00                     25         25         1.0               25         ------------------ 88,00   
117        0          0          25         25                 1,00               25             1,00                     25         25         1.0               25          0,00                      
118        20         5          0          25                 1,00               25             1,00                     25         25         1.0               25         ---------------- 80,00     
119        0          0          25         25                 1,00               25             1,00                     25         25         1.0               25          0,00                      
120        0          0          25         25                 1,00               25             1,00                     25         25         1.0               25          0,00                      
121        22         3          0          25                 1,00               25             1,00                     25         25         1.0               25         ------------------ 88,00   
122        20         5          0          25                 1,00               25             1,00                     25         25         1.0               25         ---------------- 80,00     
123        16         9          0          25                 1,00               25             1,00                     25         25         1.0               25         ------------- 64,00        
124        20         3          2          25                 1,00               25             1,00                     25         25         1.0               25         ---------------- 80,00     
125        20         3          2          25                 1,00               25             1,00                     25         25         1.0               25         ---------------- 80,00     
126        20         5          0          25                 1,00               25             1,00                     25         25         1.0               25         ---------------- 80,00     
128        1          1          0          2                  1,00               2              1,00                     2          2          0.08              25         ---------- 50,00           
129        9          4          10         23                 1,00               23             1,00                     23         23         0.92              25         -------- 39,13             
130        20         3          0          23                 1,00               23             1,00                     23         23         0.92              25         ------------------ 86,96   
131        20         3          0          23                 1,00               23             1,00                     23         23         0.92              25         ------------------ 86,96   
132        20         3          0          23                 1,00               23             1,00                     23         23         0.92              25         ------------------ 86,96   
133        20         3          0          23                 1,00               23             1,00                     23         23         0.92              25         ------------------ 86,96   
135        0          0          0          0                  NaN                0              NaN                      0          0          0.0               25         NaN                        
136        10         4          9          23                 1,00               23             1,00                     23         23         0.92              25         --------- 43,48            
137        20         3          0          23                 1,00               23             1,00                     23         23         0.92              25         ------------------ 86,96   
138        20         3          0          23                 1,00               23             1,00                     23         23         0.92              25         ------------------ 86,96   
139        20         3          0          23                 1,00               23             1,00                     23         23         0.92              25         ------------------ 86,96   
141        0          9          1          10                 1,00               10             1,00                     10         10         0.4               25          0,00                      
142        8          2          0          10                 1,00               10             1,00                     10         10         0.4               25         ---------------- 80,00     
143        9          1          0          10                 1,00               10             1,00                     10         10         0.4               25         ------------------ 90,00   
144        9          1          0          10                 1,00               10             1,00                     10         10         0.4               25         ------------------ 90,00   
145        9          1          0          10                 1,00               10             1,00                     10         10         0.4               25         ------------------ 90,00   
146        11         2          0          13                 1,00               13             1,00                     13         13         0.52              25         ----------------- 84,62    
147        11         2          0          13                 1,00               13             1,00                     13         13         0.52              25         ----------------- 84,62    
148        11         2          0          13                 1,00               13             1,00                     13         13         0.52              25         ----------------- 84,62    
149        11         2          0          13                 1,00               13             1,00                     13         13         0.52              25         ----------------- 84,62    
150        11         2          0          13                 1,00               13             1,00                     13         13         0.52              25         ----------------- 84,62    
152        0          0          0          0                  NaN                0              NaN                      0          0          0.0               25         NaN                        
153        3          1          9          13                 1,00               13             1,00                     13         13         0.52              25         ----- 23,08                
154        11         2          0          13                 1,00               13             1,00                     13         13         0.52              25         ----------------- 84,62    
155        11         2          0          13                 1,00               13             1,00                     13         13         0.52              25         ----------------- 84,62    
156        11         2          0          13                 1,00               13             1,00                     13         13         0.52              25         ----------------- 84,62    
158        0          11         2          13                 1,00               13             1,00                     13         13         0.52              25          0,00                      
159        11         2          0          13                 1,00               13             1,00                     13         13         0.52              25         ----------------- 84,62    
160        11         2          0          13                 1,00               13             1,00                     13         13         0.52              25         ----------------- 84,62    
161        11         2          0          13                 1,00               13             1,00                     13         13         0.52              25         ----------------- 84,62    
162        4          9          0          13                 1,00               13             1,00                     13         13         0.52              25         ------- 30,77              
163        0          0          0          0                  NaN                0              NaN                      0          0          0.0               25         NaN                        
164        0          0          0          0                  NaN                0              NaN                      0          0          0.0               25         NaN                        
165        0          0          0          0                  NaN                0              NaN                      0          0          0.0               25         NaN                        
166        0          0          0          0                  NaN                0              NaN                      0          0          0.0               25         NaN                        
167        20         3          0          23                 1,00               23             1,00                     23         23         0.92              25         ------------------ 86,96   
168        19         3          1          23                 1,00               23             1,00                     23         23         0.92              25         ----------------- 82,61    
169        19         3          1          23                 1,00               23             1,00                     23         23         0.92              25         ----------------- 82,61    
170        19         3          1          23                 1,00               23             1,00                     23         23         0.92              25         ----------------- 82,61    
171        20         2          1          23                 1,00               23             1,00                     23         23         0.92              25         ------------------ 86,96   
172        20         3          0          23                 1,00               23             1,00                     23         23         0.92              25         ------------------ 86,96   
173        20         0          3          23                 1,00               23             1,00                     23         23         0.92              25         ------------------ 86,96   
174        20         3          0          23                 1,00               23             1,00                     23         23         0.92              25         ------------------ 86,96   
176        8          7          0          15                 1,00               15             1,00                     15         15         0.6               25         ----------- 53,33          
177        8          0          0          8                  1,00               8              1,00                     8          8          0.32              25         -------------------- 100,00
178        0          8          0          8                  1,00               8              1,00                     8          8          0.32              25          0,00                      
179        0          263        0          5620               21,37              263            1,00                     263        263        10.52             25          0,00                      
180        263        0          0          10977              41,74              263            1,00                     263        263        10.52             25         -------------------- 100,00
182        255        0          0          10459              41,02              255            1,00                     255        255        10.2              25         -------------------- 100,00
183        255        8          0          11106              42,23              263            1,00                     263        263        10.52             25         -------------------- 96,96 
184        263        0          0          10929              41,56              263            1,00                     263        263        10.52             25         -------------------- 100,00
185        0          0          263        5620               21,37              263            1,00                     263        263        10.52             25          0,00                      
187        0          0          8          8                  1,00               8              1,00                     8          8          0.32              25          0,00                      
188        5          3          0          8                  1,00               8              1,00                     8          8          0.32              25         ------------- 62,50        
189        5          3          0          8                  1,00               8              1,00                     8          8          0.32              25         ------------- 62,50        
190        0          0          0          0                  NaN                0              NaN                      0          0          0.0               25         NaN                        
191        0          0          0          0                  NaN                0              NaN                      0          0          0.0               25         NaN                        
192        0          0          0          0                  NaN                0              NaN                      0          0          0.0               25         NaN                        
193        0          0          0          0                  NaN                0              NaN                      0          0          0.0               25         NaN                        
194        0          0          0          0                  NaN                0              NaN                      0          0          0.0               25         NaN                        
195        0          0          0          0                  NaN                0              NaN                      0          0          0.0               25         NaN                        
196        0          0          0          0                  NaN                0              NaN                      0          0          0.0               25         NaN                        
197        0          0          0          0                  NaN                0              NaN                      0          0          0.0               25         NaN                        
198        0          0          0          0                  NaN                0              NaN                      0          0          0.0               25         NaN                        
199        0          0          0          0                  NaN                0              NaN                      0          0          0.0               25         NaN                        
200        0          0          0          0                  NaN                0              NaN                      0          0          0.0               25         NaN                        
201        0          0          0          0                  NaN                0              NaN                      0          0          0.0               25         NaN                        
202        0          0          0          0                  NaN                0              NaN                      0          0          0.0               25         NaN                        
203        0          0          0          0                  NaN                0              NaN                      0          0          0.0               25         NaN                        
204        0          0          0          0                  NaN                0              NaN                      0          0          0.0               25         NaN                        
205        0          0          0          0                  NaN                0              NaN                      0          0          0.0               25         NaN                        
