aggregate data per location for Perturbator = 0
Exploration Zero
ZERO : zero perturbator
20 polynomial of 100 degrees
generated with 23 as seed
72 perturbation points
IndexLoc   #Success   #Failure   #Exception #CallAllExecs      AvgCallPerExec     #Perturbations AvgPerturbationPerExec   #Execs     #ExecsRef  AvgCallRefPerTask #Tasks     %Success                   
5          18         0          0          18                 1.00               18             1.00                     18         18         0.9               20         -------------------- 100.00
7          10         0          0          10                 1.00               10             1.00                     10         10         0.5               20         -------------------- 100.00
8          424        0          0          29776              70.23              424            1.00                     424        424        21.2              20         -------------------- 100.00
9          0          424        0          15100              35.61              424            1.00                     424        424        21.2              20          0.00                      
11         414        0          0          28938              69.90              414            1.00                     414        414        20.7              20         -------------------- 100.00
12         415        9          0          30249              71.34              424            1.00                     424        424        21.2              20         -------------------- 97.88 
14         7          3          0          10                 1.00               10             1.00                     10         10         0.5               20         -------------- 70.00       
15         0          0          0          0                  NaN                0              NaN                      0          0          0.0               20         NaN                        
16         0          0          0          0                  NaN                0              NaN                      0          0          0.0               20         NaN                        
17         0          0          0          0                  NaN                0              NaN                      0          0          0.0               20         NaN                        
18         0          0          0          0                  NaN                0              NaN                      0          0          0.0               20         NaN                        
25         0          0          10         10                 1.00               10             1.00                     10         10         0.5               20          0.00                      
26         0          0          10         10                 1.00               10             1.00                     10         10         0.5               20          0.00                      
27         0          0          10         10                 1.00               10             1.00                     10         10         0.5               20          0.00                      
28         0          0          10         10                 1.00               10             1.00                     10         10         0.5               20          0.00                      
29         10         0          0          10                 1.00               10             1.00                     10         10         0.5               20         -------------------- 100.00
31         0          0          10         10                 1.00               10             1.00                     10         10         0.5               20          0.00                      
32         0          0          10         10                 1.00               10             1.00                     10         10         0.5               20          0.00                      
33         0          0          10         10                 1.00               10             1.00                     10         10         0.5               20          0.00                      
34         10         0          0          10                 1.00               10             1.00                     10         10         0.5               20         -------------------- 100.00
35         1000       0          10         102010             101.00             1010           1.00                     1010       1010       50.5              20         -------------------- 99.01 
36         20         0          990        52510              51.99              1010           1.00                     1010       1010       50.5              20         - 1.98                     
38         1000       0          0          100000             100.00             1000           1.00                     1000       1000       50.0              20         -------------------- 100.00
39         10         0          990        100000             100.00             1000           1.00                     1000       1000       50.0              20         - 1.00                     
40         597        380        23         100000             100.00             1000           1.00                     1000       1000       50.0              20         ------------ 59.70         
41         0          0          10         10                 1.00               10             1.00                     10         10         0.5               20          0.00                      
42         10         0          0          10                 1.00               10             1.00                     10         10         0.5               20         -------------------- 100.00
43         990        0          10         100000             100.00             1000           1.00                     1000       1000       50.0              20         -------------------- 99.00 
44         576        0          424        50500              50.50              1000           1.00                     1000       1000       50.0              20         ------------ 57.60         
46         990        0          0          98010              99.00              990            1.00                     990        990        49.5              20         -------------------- 100.00
47         0          0          990        49500              50.00              990            1.00                     990        990        49.5              20          0.00                      
48         675        259        56         94219              95.17              990            1.00                     990        990        49.5              20         -------------- 68.18       
49         0          0          990        49500              50.00              990            1.00                     990        990        49.5              20          0.00                      
50         612        282        96         92049              92.98              990            1.00                     990        990        49.5              20         ------------- 61.82        
51         0          0          990        49500              50.00              990            1.00                     990        990        49.5              20          0.00                      
52         990        0          0          98010              99.00              990            1.00                     990        990        49.5              20         -------------------- 100.00
53         990        0          0          98010              99.00              990            1.00                     990        990        49.5              20         -------------------- 100.00
54         0          0          990        49500              50.00              990            1.00                     990        990        49.5              20          0.00                      
55         10         0          980        50480              50.99              990            1.00                     990        990        49.5              20         - 1.01                     
56         5          3          982        50292              50.80              990            1.00                     990        990        49.5              20         - 0.51                     
57         990        0          0          98010              99.00              990            1.00                     990        990        49.5              20         -------------------- 100.00
58         409        176        405        73801              74.55              990            1.00                     990        990        49.5              20         --------- 41.31            
59         569        370        51         94710              95.67              990            1.00                     990        990        49.5              20         ------------ 57.47         
60         468        250        272        82863              83.70              990            1.00                     990        990        49.5              20         ---------- 47.27           
61         569        370        51         94710              95.67              990            1.00                     990        990        49.5              20         ------------ 57.47         
62         487        268        235        84525              85.38              990            1.00                     990        990        49.5              20         ---------- 49.19           
63         431        180        379        77030              77.81              990            1.00                     990        990        49.5              20         --------- 43.54            
64         49500      0          990        253258500          5016.01            50490          1.00                     50490      50490      2524.5            20         -------------------- 98.04 
65         50490      0          0          254924010          5049.00            50490          1.00                     50490      50490      2524.5            20         -------------------- 100.00
67         49500      0          0          245025000          4950.00            49500          1.00                     49500      49500      2475.0            20         -------------------- 100.00
68         22513      22657      4330       236823636          4784.32            49500          1.00                     49500      49500      2475.0            20         ---------- 45.48           
69         21840      21303      6357       233923720          4725.73            49500          1.00                     49500      49500      2475.0            20         --------- 44.12            
70         23298      22121      4081       237453374          4797.04            49500          1.00                     49500      49500      2475.0            20         ---------- 47.07           
72         0          0          1008       50508              50.11              1008           1.00                     1008       1008       50.4              20          0.00                      
73         0          0          1008       50508              50.11              1008           1.00                     1008       1008       50.4              20          0.00                      
74         0          0          1008       50508              50.11              1008           1.00                     1008       1008       50.4              20          0.00                      
75         0          0          1008       50508              50.11              1008           1.00                     1008       1008       50.4              20          0.00                      
76         1008       0          0          100008             99.21              1008           1.00                     1008       1008       50.4              20         -------------------- 100.00
78         659        183        166        93059              92.32              1008           1.00                     1008       1008       50.4              20         -------------- 65.38       
79         1008       0          0          100008             99.21              1008           1.00                     1008       1008       50.4              20         -------------------- 100.00
80         10         0          998        50508              50.11              1008           1.00                     1008       1008       50.4              20         - 0.99                     
81         987        19         2          99971              99.18              1008           1.00                     1008       1008       50.4              20         -------------------- 97.92 
82         10         0          998        50508              50.11              1008           1.00                     1008       1008       50.4              20         - 0.99                     
83         1008       0          0          100008             99.21              1008           1.00                     1008       1008       50.4              20         -------------------- 100.00
84         8124       19         16         6608182            809.93             8159           1.00                     8159       8159       407.95            20         -------------------- 99.57 
85         3819       0          4340       7597890            931.23             8159           1.00                     8159       8159       407.95            20         ---------- 46.81           
86         8134       12         13         6616733            810.97             8159           1.00                     8159       8159       407.95            20         -------------------- 99.69 
87         7988       73         98         6642907            814.18             8159           1.00                     8159       8159       407.95            20         -------------------- 97.90 
88         426699     0          8159       18382623397        42272.70           434858         1.00                     434858     434858     21742.9           20         -------------------- 98.12 
89         434858     0          0          18504317842        42552.55           434858         1.00                     434858     434858     21742.9           20         -------------------- 100.00
91         426699     0          0          17812673915        41745.29           426699         1.00                     426699     426699     21334.95          20         -------------------- 100.00
92         425001     660        1038       17889431811        41925.18           426699         1.00                     426699     426699     21334.95          20         -------------------- 99.60 
