contains the data for build a graph for analysis.
Exploration Plus One
PONE : plus one perturbator
25 polynomial of 50 degrees
generated with 23 as seed
72 perturbation points
Perturbator IndexLoc   #Perturbations #Success   #Failure   #Exception #Call          %Success                   
1           6          8              0          0          8          8               0,00                      
1           7          8              1          6          1          8              --- 12,50                  
1           8          8              0          0          8          8               0,00                      
1           9          8              8          0          0          8              -------------------- 100,00
1           10         8              8          0          0          8              -------------------- 100,00
1           12         8              8          0          0          8              -------------------- 100,00
1           13         8              8          0          0          8              -------------------- 100,00
1           14         8              8          0          0          8              -------------------- 100,00
1           15         8              0          0          8          8               0,00                      
1           16         408            400        0          8          20800          -------------------- 98,04 
1           17         408            400        0          8          20808          -------------------- 98,04 
1           19         400            400        0          0          20000          -------------------- 100,00
1           20         400            0          0          400        20000           0,00                      
1           21         400            264        128        8          20000          -------------- 66,00       
1           22         8              8          0          0          8              -------------------- 100,00
1           23         8              0          0          8          8               0,00                      
1           24         400            400        0          0          19992          -------------------- 100,00
1           25         400            392        0          8          20000          -------------------- 98,00 
1           27         392            392        0          0          19208          -------------------- 100,00
1           28         392            100        176        116        15256          ------ 25,51               
1           29         392            141        238        13         19009          -------- 35,97             
1           30         392            100        176        116        15256          ------ 25,51               
1           31         392            100        176        116        15256          ------ 25,51               
1           32         392            100        176        116        15256          ------ 25,51               
1           33         392            100        177        115        15299          ------ 25,51               
1           34         392            0          0          392        9800            0,00                      
1           35         392            0          0          392        9800            0,00                      
1           36         392            0          0          392        9800            0,00                      
1           37         392            384        0          8          18824          -------------------- 97,96 
1           38         392            132        239        21         18568          ------- 33,67              
1           39         392            384        0          8          18824          -------------------- 97,96 
1           40         392            134        249        9          18887          ------- 34,18              
1           41         392            136        244        12         18812          ------- 34,69              
1           42         392            134        249        9          18887          ------- 34,18              
1           43         392            136        244        12         18812          ------- 34,69              
1           44         392            134        249        9          18887          ------- 34,18              
1           45         10192          9800       0          392        12818400       -------------------- 96,15 
1           46         10192          9947       243        2          12983402       -------------------- 97,60 
1           48         9800           9800       0          0          12005000       -------------------- 100,00
1           49         9800           2708       6999       93         11940604       ------ 27,63               
1           50         9800           2420       7274       106        11948509       ----- 24,69                
1           51         9800           0          0          9800       6007400         0,00                      
1           53         415            0          0          415        10215           0,00                      
1           54         415            157        242        16         20071          -------- 37,83             
1           55         415            0          0          415        10215           0,00                      
1           56         415            412        3          0          20015          -------------------- 99,28 
1           57         415            404        3          8          20015          -------------------- 97,35 
1           59         415            402        5          8          19966          -------------------- 96,87 
1           60         415            382        23         10         20384          ------------------- 92,05  
1           61         415            408        7          0          20015          -------------------- 98,31 
1           62         415            403        4          8          20007          -------------------- 97,11 
1           63         415            408        7          0          20015          -------------------- 98,31 
1           64         415            410        5          0          20015          -------------------- 98,80 
1           65         3039           0          0          3039       549429          0,00                      
1           66         3039           3028       3          8          1118234        -------------------- 99,64 
1           67         3039           3021       4          14         1120856        -------------------- 99,41 
1           68         3039           3028       3          8          1118234        -------------------- 99,64 
1           69         85546          81919      588        3039       822217292      -------------------- 95,76 
1           70         85546          84937      599        10         833180406      -------------------- 99,29 
1           72         82507          81919      588        0          773685143      -------------------- 99,29 
1           73         82507          81913      569        25         779911909      -------------------- 99,28 
1           83         23             20         3          0          23             ------------------ 86,96   
1           85         8              8          0          0          8              -------------------- 100,00
1           86         263            263        0          0          10977          -------------------- 100,00
1           87         263            263        0          0          10977          -------------------- 100,00
1           89         255            255        0          0          10459          -------------------- 100,00
1           90         263            254        9          0          11098          -------------------- 96,58 
1           92         8              8          0          0          8              -------------------- 100,00
1           93         0              0          0          0          0              NaN                        
1           94         0              0          0          0          0              NaN                        
1           95         0              0          0          0          0              NaN                        
1           96         0              0          0          0          0              NaN                        
