aggregate data per location for Perturbator = -1
Exploration Minus One
MONE : minus one perturbator
25 polynomial of 50 degrees
generated with 23 as seed
72 perturbation points
IndexLoc   #Success   #Failure   #Exception #CallAllExecs      AvgCallPerExec     #Perturbations AvgPerturbationPerExec   #Execs     #ExecsRef  AvgCallRefPerTask #Tasks     %Success                   
6          1          6          1          8                  1,00               8              1,00                     8          8          0.32              25         --- 12,50                  
7          0          0          8          8                  1,00               8              1,00                     8          8          0.32              25          0,00                      
8          1          6          1          8                  1,00               8              1,00                     8          8          0.32              25         --- 12,50                  
9          8          0          0          8                  1,00               8              1,00                     8          8          0.32              25         -------------------- 100,00
10         8          0          0          8                  1,00               8              1,00                     8          8          0.32              25         -------------------- 100,00
12         0          0          8          8                  1,00               8              1,00                     8          8          0.32              25          0,00                      
13         0          0          8          8                  1,00               8              1,00                     8          8          0.32              25          0,00                      
14         0          0          8          8                  1,00               8              1,00                     8          8          0.32              25          0,00                      
15         0          0          8          8                  1,00               8              1,00                     8          8          0.32              25          0,00                      
16         400        0          8          20808              51,00              408            1,00                     408        408        16.32             25         -------------------- 98,04 
17         400        0          8          20800              50,98              408            1,00                     408        408        16.32             25         -------------------- 98,04 
19         400        0          0          20000              50,00              400            1,00                     400        400        16.0              25         -------------------- 100,00
20         0          0          400        19608              49,02              400            1,00                     400        400        16.0              25          0,00                      
21         263        128        9          19608              49,02              400            1,00                     400        400        16.0              25         -------------- 65,75       
22         0          0          8          8                  1,00               8              1,00                     8          8          0.32              25          0,00                      
23         0          0          8          8                  1,00               8              1,00                     8          8          0.32              25          0,00                      
24         392        0          8          20000              50,00              400            1,00                     400        400        16.0              25         -------------------- 98,00 
25         400        0          0          19992              49,98              400            1,00                     400        400        16.0              25         -------------------- 100,00
27         392        0          0          19208              49,00              392            1,00                     392        392        15.68             25         -------------------- 100,00
28         141        238        13         19009              48,49              392            1,00                     392        392        15.68             25         -------- 35,97             
29         100        176        116        15256              38,92              392            1,00                     392        392        15.68             25         ------ 25,51               
30         141        238        13         19009              48,49              392            1,00                     392        392        15.68             25         -------- 35,97             
31         141        238        13         19009              48,49              392            1,00                     392        392        15.68             25         -------- 35,97             
32         141        238        13         19009              48,49              392            1,00                     392        392        15.68             25         -------- 35,97             
33         0          0          392        9800               25,00              392            1,00                     392        392        15.68             25          0,00                      
34         0          0          392        9800               25,00              392            1,00                     392        392        15.68             25          0,00                      
35         0          0          392        9800               25,00              392            1,00                     392        392        15.68             25          0,00                      
36         0          0          392        9800               25,00              392            1,00                     392        392        15.68             25          0,00                      
37         132        239        21         18568              47,37              392            1,00                     392        392        15.68             25         ------- 33,67              
38         384        0          8          18824              48,02              392            1,00                     392        392        15.68             25         -------------------- 97,96 
39         132        239        21         18568              47,37              392            1,00                     392        392        15.68             25         ------- 33,67              
40         136        244        12         18812              47,99              392            1,00                     392        392        15.68             25         ------- 34,69              
41         134        249        9          18887              48,18              392            1,00                     392        392        15.68             25         ------- 34,18              
42         136        244        12         18812              47,99              392            1,00                     392        392        15.68             25         ------- 34,69              
43         134        249        9          18887              48,18              392            1,00                     392        392        15.68             25         ------- 34,18              
44         136        244        12         18812              47,99              392            1,00                     392        392        15.68             25         ------- 34,69              
45         9947       243        2          12983402           1273,88            10192          1,00                     10192      10192      407.68            25         -------------------- 97,60 
46         9800       0          392        12818400           1257,69            10192          1,00                     10192      10192      407.68            25         -------------------- 96,15 
48         9800       0          0          12005000           1225,00            9800           1,00                     9800       9800       392.0             25         -------------------- 100,00
49         2384       6946       470        11795899           1203,66            9800           1,00                     9800       9800       392.0             25         ----- 24,33                
50         2293       6986       521        11760703           1200,07            9800           1,00                     9800       9800       392.0             25         ----- 23,40                
51         2672       6701       427        11517881           1175,29            9800           1,00                     9800       9800       392.0             25         ------ 27,27               
53         157        242        16         20071              48,36              415            1,00                     415        415        16.6              25         -------- 37,83             
54         0          0          415        10215              24,61              415            1,00                     415        415        16.6              25          0,00                      
55         157        242        16         20071              48,36              415            1,00                     415        415        16.6              25         -------- 37,83             
56         404        3          8          20015              48,23              415            1,00                     415        415        16.6              25         -------------------- 97,35 
57         412        3          0          20015              48,23              415            1,00                     415        415        16.6              25         -------------------- 99,28 
59         400        13         2          20415              49,19              415            1,00                     415        415        16.6              25         -------------------- 96,39 
60         396        11         8          20456              49,29              415            1,00                     415        415        16.6              25         -------------------- 95,42 
61         403        4          8          20007              48,21              415            1,00                     415        415        16.6              25         -------------------- 97,11 
62         408        7          0          20015              48,23              415            1,00                     415        415        16.6              25         -------------------- 98,31 
63         403        4          8          20007              48,21              415            1,00                     415        415        16.6              25         -------------------- 97,11 
64         410        5          0          20015              48,23              415            1,00                     415        415        16.6              25         -------------------- 98,80 
65         3030       3          6          1116790            367,49             3039           1,00                     3039       3039       121.56            25         -------------------- 99,70 
66         3021       4          14         1120856            368,82             3039           1,00                     3039       3039       121.56            25         -------------------- 99,41 
67         3028       3          8          1118234            367,96             3039           1,00                     3039       3039       121.56            25         -------------------- 99,64 
68         3021       4          14         1120856            368,82             3039           1,00                     3039       3039       121.56            25         -------------------- 99,41 
69         84937      599        10         833180406          9739,56            85546          1,00                     85546      85546      3421.84           25         -------------------- 99,29 
70         81919      588        3039       822217292          9611,41            85546          1,00                     85546      85546      3421.84           25         -------------------- 95,76 
72         81919      588        0          773685143          9377,21            82507          1,00                     82507      82507      3300.28           25         -------------------- 99,29 
73         78896      551        3060       769235144          9323,27            82507          1,00                     82507      82507      3300.28           25         -------------------- 95,62 
83         20         3          0          23                 1,00               23             1,00                     23         23         0.92              25         ------------------ 86,96   
85         0          0          8          8                  1,00               8              1,00                     8          8          0.32              25          0,00                      
86         263        0          0          10977              41,74              263            1,00                     263        263        10.52             25         -------------------- 100,00
87         263        0          0          10977              41,74              263            1,00                     263        263        10.52             25         -------------------- 100,00
89         255        0          0          10459              41,02              255            1,00                     255        255        10.2              25         -------------------- 100,00
90         247        8          8          10851              41,26              263            1,00                     263        263        10.52             25         ------------------- 93,92  
92         7          1          0          8                  1,00               8              1,00                     8          8          0.32              25         ------------------ 87,50   
93         0          0          0          0                  NaN                0              NaN                      0          0          0.0               25         NaN                        
94         0          0          0          0                  NaN                0              NaN                      0          0          0.0               25         NaN                        
95         0          0          0          0                  NaN                0              NaN                      0          0          0.0               25         NaN                        
96         0          0          0          0                  NaN                0              NaN                      0          0          0.0               25         NaN                        
