contains the data for build a graph for analysis.
Exploration Plus Magnitude
magnitude value : 1 2 5 10 20 50 75 100 
37 perturbation point
PM : Numerical Perturbator
1 arrays of 100 integers
Random integer generated with 192 as seed
Magnitude   IndexLoc   #Success   #Failure   #Exception #Call      #Perturtions   %Success                   
1           303        57         31         0          7744       88             ------------- 64,77        
2           303        53         35         0          7792       88             ------------- 60,23        
5           303        69         19         0          7808       88             ---------------- 78,41     
10          303        74         14         0          7826       88             ----------------- 84,09    
20          303        80         8          0          7830       88             ------------------- 90,91  
50          303        84         4          0          7819       88             -------------------- 95,45 
75          303        85         3          0          7806       88             -------------------- 96,59 
100         303        88         0          0          7832       88             -------------------- 100,00
1           304        81         0          7          7431       88             ------------------- 92,05  
2           304        81         0          7          7431       88             ------------------- 92,05  
5           304        77         0          11         7394       88             ------------------ 87,50   
10          304        72         0          16         7372       88             ----------------- 81,82    
20          304        65         0          23         7295       88             --------------- 73,86      
50          304        41         0          47         6552       88             ---------- 46,59           
75          304        21         0          67         5502       88             ----- 23,86                
100         304        0          0          88         3916       88              0,00                      
1           305        88         0          0          7757       88             -------------------- 100,00
2           305        87         0          1          7817       88             -------------------- 98,86 
5           305        86         0          2          7825       88             -------------------- 97,73 
10          305        81         0          7          7794       88             ------------------- 92,05  
20          305        72         0          16         7682       88             ----------------- 81,82    
50          305        43         0          45         6724       88             ---------- 48,86           
75          305        22         0          66         5587       88             ----- 25,00                
100         305        0          0          88         3916       88              0,00                      
1           306        88         0          0          7750       88             -------------------- 100,00
2           306        88         0          0          7757       88             -------------------- 100,00
5           306        87         0          1          7811       88             -------------------- 98,86 
10          306        86         0          2          7825       88             -------------------- 97,73 
20          306        81         0          7          7794       88             ------------------- 92,05  
50          306        69         0          19         7640       88             ---------------- 78,41     
75          306        56         0          32         7279       88             ------------- 63,64        
100         306        43         0          45         6724       88             ---------- 48,86           
1           307        88         0          0          7753       88             -------------------- 100,00
2           307        88         0          0          7763       88             -------------------- 100,00
5           307        86         0          2          7657       88             -------------------- 97,73 
10          307        86         0          2          7659       88             -------------------- 97,73 
20          307        78         0          10         7011       88             ------------------ 88,64   
50          307        67         0          21         6224       88             ---------------- 76,14     
75          307        57         0          31         5619       88             ------------- 64,77        
100         307        47         0          41         5154       88             ----------- 53,41          
1           308        88         0          0          7750       88             -------------------- 100,00
2           308        88         0          0          7757       88             -------------------- 100,00
5           308        87         0          1          7811       88             -------------------- 98,86 
10          308        86         0          2          7825       88             -------------------- 97,73 
20          308        81         0          7          7794       88             ------------------- 92,05  
50          308        69         0          19         7640       88             ---------------- 78,41     
75          308        56         0          32         7279       88             ------------- 63,64        
100         308        43         0          45         6724       88             ---------- 48,86           
1           309        88         0          0          7765       88             -------------------- 100,00
2           309        88         0          0          7763       88             -------------------- 100,00
5           309        88         0          0          7771       88             -------------------- 100,00
10          309        88         0          0          7766       88             -------------------- 100,00
20          309        88         0          0          7765       88             -------------------- 100,00
50          309        88         0          0          7759       88             -------------------- 100,00
75          309        88         0          0          7762       88             -------------------- 100,00
100         309        88         0          0          7764       88             -------------------- 100,00
1           310        88         0          0          7757       88             -------------------- 100,00
2           310        87         0          1          7817       88             -------------------- 98,86 
5           310        86         0          2          7825       88             -------------------- 97,73 
10          310        81         0          7          7794       88             ------------------- 92,05  
20          310        72         0          16         7682       88             ----------------- 81,82    
50          310        43         0          45         6724       88             ---------- 48,86           
75          310        22         0          66         5587       88             ----- 25,00                
100         310        0          0          88         3916       88              0,00                      
1           311        88         0          0          7757       88             -------------------- 100,00
2           311        87         0          1          7817       88             -------------------- 98,86 
5           311        86         0          2          7825       88             -------------------- 97,73 
10          311        81         0          7          7794       88             ------------------- 92,05  
20          311        72         0          16         7682       88             ----------------- 81,82    
50          311        43         0          45         6724       88             ---------- 48,86           
75          311        22         0          66         5587       88             ----- 25,00                
100         311        0          0          88         3916       88              0,00                      
1           312        88         0          0          7781       88             -------------------- 100,00
2           312        88         0          0          7781       88             -------------------- 100,00
5           312        88         0          0          7781       88             -------------------- 100,00
10          312        88         0          0          7781       88             -------------------- 100,00
20          312        88         0          0          7781       88             -------------------- 100,00
50          312        88         0          0          7781       88             -------------------- 100,00
75          312        88         0          0          7781       88             -------------------- 100,00
100         312        88         0          0          7781       88             -------------------- 100,00
1           313        294        0          0          86447      294            -------------------- 100,00
2           313        294        0          0          86541      294            -------------------- 100,00
5           313        294        0          0          86805      294            -------------------- 100,00
10          313        294        0          0          87112      294            -------------------- 100,00
20          313        294        0          0          87823      294            -------------------- 100,00
50          313        294        0          0          90126      294            -------------------- 100,00
75          313        294        0          0          91496      294            -------------------- 100,00
100         313        294        0          0          92357      294            -------------------- 100,00
1           314        294        0          0          86498      294            -------------------- 100,00
2           314        294        0          0          86524      294            -------------------- 100,00
5           314        294        0          0          86524      294            -------------------- 100,00
10          314        294        0          0          86524      294            -------------------- 100,00
20          314        294        0          0          86524      294            -------------------- 100,00
50          314        294        0          0          86524      294            -------------------- 100,00
75          314        294        0          0          86524      294            -------------------- 100,00
100         314        294        0          0          86524      294            -------------------- 100,00
1           316        218        109        0          108379     327            -------------- 66,67       
2           316        231        95         1          107964     327            --------------- 70,64      
5           316        214        106        7          107623     327            -------------- 65,44       
10          316        207        98         22         107247     327            ------------- 63,30        
20          316        182        87         58         105964     327            ------------ 55,66         
50          316        117        59         151        95406      327            -------- 35,78             
75          316        65         24         238        78810      327            ---- 19,88                 
100         316        0          0          327        53628      327             0,00                      
1           317        327        0          0          106929     327            -------------------- 100,00
2           317        327        0          0          106929     327            -------------------- 100,00
5           317        327        0          0          106929     327            -------------------- 100,00
10          317        327        0          0          106929     327            -------------------- 100,00
20          317        327        0          0          106929     327            -------------------- 100,00
50          317        327        0          0          106929     327            -------------------- 100,00
75          317        327        0          0          106929     327            -------------------- 100,00
100         317        327        0          0          106929     327            -------------------- 100,00
1           318        327        0          0          107148     327            -------------------- 100,00
2           318        327        0          0          107148     327            -------------------- 100,00
5           318        327        0          0          107148     327            -------------------- 100,00
10          318        327        0          0          107148     327            -------------------- 100,00
20          318        327        0          0          107148     327            -------------------- 100,00
50          318        327        0          0          107148     327            -------------------- 100,00
75          318        327        0          0          107148     327            -------------------- 100,00
100         318        327        0          0          107148     327            -------------------- 100,00
1           320        424        140        7          323003     571            --------------- 74,26      
2           320        420        137        14         321256     571            --------------- 73,56      
5           320        399        134        38         315810     571            -------------- 69,88       
10          320        368        119        84         307023     571            ------------- 64,45        
20          320        306        105        160        290039     571            ----------- 53,59          
50          320        141        52         378        234553     571            ----- 24,69                
75          320        51         25         495        197089     571            -- 8,93                    
100         320        0          0          571        163306     571             0,00                      
1           321        571        0          0          326184     571            -------------------- 100,00
2           321        571        0          0          326184     571            -------------------- 100,00
5           321        571        0          0          326184     571            -------------------- 100,00
10          321        571        0          0          326184     571            -------------------- 100,00
20          321        571        0          0          326184     571            -------------------- 100,00
50          321        571        0          0          326184     571            -------------------- 100,00
75          321        571        0          0          326184     571            -------------------- 100,00
100         321        571        0          0          326184     571            -------------------- 100,00
1           322        571        0          0          326041     571            -------------------- 100,00
2           322        571        0          0          326041     571            -------------------- 100,00
5           322        571        0          0          326041     571            -------------------- 100,00
10          322        571        0          0          326041     571            -------------------- 100,00
20          322        571        0          0          326041     571            -------------------- 100,00
50          322        571        0          0          326041     571            -------------------- 100,00
75          322        571        0          0          326041     571            -------------------- 100,00
100         322        571        0          0          326041     571            -------------------- 100,00
1           324        206        0          0          42462      206            -------------------- 100,00
2           324        206        0          0          42501      206            -------------------- 100,00
5           324        206        0          0          42526      206            -------------------- 100,00
10          324        206        0          0          42554      206            -------------------- 100,00
20          324        206        0          0          42576      206            -------------------- 100,00
50          324        206        0          0          42604      206            -------------------- 100,00
75          324        206        0          0          42615      206            -------------------- 100,00
100         324        206        0          0          42619      206            -------------------- 100,00
1           325        183        23         0          42383      206            ------------------ 88,83   
2           325        183        23         0          42383      206            ------------------ 88,83   
5           325        183        23         0          42383      206            ------------------ 88,83   
10          325        183        23         0          42383      206            ------------------ 88,83   
20          325        183        23         0          42383      206            ------------------ 88,83   
50          325        183        23         0          42383      206            ------------------ 88,83   
75          325        183        23         0          42383      206            ------------------ 88,83   
100         325        183        23         0          42383      206            ------------------ 88,83   
1           327        7          176        0          33378      183            - 3,83                     
2           327        6          176        1          33379      183            - 3,28                     
5           327        2          179        2          33339      183            - 1,09                     
10          327        0          174        9          33282      183             0,00                      
20          327        1          158        24         33091      183            - 0,55                     
50          327        0          103        80         29760      183             0,00                      
75          327        0          57         126        25397      183             0,00                      
100         327        0          0          183        16836      183             0,00                      
1           328        0          182        1          33233      183             0,00                      
2           328        0          179        4          33091      183             0,00                      
5           328        0          171        12         32589      183             0,00                      
10          328        0          155        28         31836      183             0,00                      
20          328        0          135        48         30751      183             0,00                      
50          328        0          68         115        25432      183             0,00                      
75          328        0          34         149        21797      183             0,00                      
100         328        0          0          183        16836      183             0,00                      
1           329        85         3          0          7731       88             -------------------- 96,59 
2           329        78         10         0          7716       88             ------------------ 88,64   
5           329        66         22         0          7674       88             --------------- 75,00      
10          329        62         26         0          7641       88             --------------- 70,45      
20          329        59         29         0          7595       88             -------------- 67,05       
50          329        58         30         0          7564       88             -------------- 65,91       
75          329        58         30         0          7564       88             -------------- 65,91       
100         329        58         30         0          7564       88             -------------- 65,91       
1           330        88         0          0          7775       88             -------------------- 100,00
2           330        88         0          0          7790       88             -------------------- 100,00
5           330        88         0          0          7790       88             -------------------- 100,00
10          330        88         0          0          7790       88             -------------------- 100,00
20          330        88         0          0          7790       88             -------------------- 100,00
50          330        88         0          0          7790       88             -------------------- 100,00
75          330        88         0          0          7790       88             -------------------- 100,00
100         330        88         0          0          7790       88             -------------------- 100,00
1           332        16         26         0          1756       42             -------- 38,10             
2           332        12         30         0          1744       42             ------ 28,57               
5           332        12         30         0          1729       42             ------ 28,57               
10          332        12         30         0          1715       42             ------ 28,57               
20          332        12         29         1          1706       42             ------ 28,57               
50          332        10         25         7          1687       42             ----- 23,81                
75          332        7          21         14         1621       42             ---- 16,67                 
100         332        5          17         20         1533       42             --- 11,90                  
1           333        42         0          0          1772       42             -------------------- 100,00
2           333        42         0          0          1782       42             -------------------- 100,00
5           333        41         0          1          1824       42             -------------------- 97,62 
10          333        39         0          3          1896       42             ------------------- 92,86  
20          333        35         0          7          2015       42             ----------------- 83,33    
50          333        22         0          20         1981       42             ----------- 52,38          
75          333        10         0          32         1566       42             ----- 23,81                
100         333        0          0          42         903        42              0,00                      
1           334        80         8          0          7731       88             ------------------- 90,91  
2           334        72         16         0          7713       88             ----------------- 81,82    
5           334        65         23         0          7693       88             --------------- 73,86      
10          334        60         28         0          7656       88             -------------- 68,18       
20          334        57         31         0          7618       88             ------------- 64,77        
50          334        54         34         0          7556       88             ------------- 61,36        
75          334        53         35         0          7501       88             ------------- 60,23        
100         334        51         37         0          7366       88             ------------ 57,95         
1           335        88         0          0          7787       88             -------------------- 100,00
2           335        88         0          0          7787       88             -------------------- 100,00
5           335        88         0          0          7787       88             -------------------- 100,00
10          335        88         0          0          7787       88             -------------------- 100,00
20          335        88         0          0          7787       88             -------------------- 100,00
50          335        88         0          0          7787       88             -------------------- 100,00
75          335        88         0          0          7787       88             -------------------- 100,00
100         335        88         0          0          7787       88             -------------------- 100,00
1           337        16         29         0          2012       45             -------- 35,56             
2           337        9          36         0          2013       45             ---- 20,00                 
5           337        7          37         1          1990       45             ---- 15,56                 
10          337        7          36         2          1972       45             ---- 15,56                 
20          337        6          33         6          1921       45             --- 13,33                  
50          337        5          27         13         1840       45             --- 11,11                  
75          337        5          21         19         1747       45             --- 11,11                  
100         337        4          15         26         1663       45             -- 8,89                    
1           338        39         0          6          1945       45             ------------------ 86,67   
2           338        39         0          6          1947       45             ------------------ 86,67   
5           338        36         0          9          1978       45             ---------------- 80,00     
10          338        33         0          12         2053       45             --------------- 73,33      
20          338        30         0          15         2152       45             -------------- 66,67       
50          338        19         0          26         2116       45             --------- 42,22            
75          338        11         0          34         1795       45             ----- 24,44                
100         338        0          0          45         1035       45              0,00                      
1           339        1          182        0          33515      183            - 0,55                     
2           339        1          181        1          33539      183            - 0,55                     
5           339        1          180        2          33505      183            - 0,55                     
10          339        1          173        9          33467      183            - 0,55                     
20          339        0          159        24         33218      183             0,00                      
50          339        1          102        80         29937      183            - 0,55                     
75          339        0          57         126        25561      183             0,00                      
100         339        0          0          183        16836      183             0,00                      
1           340        1          182        0          33489      183            - 0,55                     
2           340        1          182        0          33489      183            - 0,55                     
5           340        1          182        0          33489      183            - 0,55                     
10          340        1          182        0          33489      183            - 0,55                     
20          340        1          182        0          33489      183            - 0,55                     
50          340        1          182        0          33489      183            - 0,55                     
75          340        1          182        0          33489      183            - 0,55                     
100         340        1          182        0          33489      183            - 0,55                     
1           341        1          182        0          33389      183            - 0,55                     
2           341        0          182        1          33376      183             0,00                      
5           341        0          181        2          33364      183             0,00                      
10          341        0          174        9          33329      183             0,00                      
20          341        0          159        24         33094      183             0,00                      
50          341        0          103        80         29809      183             0,00                      
75          341        0          57         126        25389      183             0,00                      
100         341        0          0          183        16836      183             0,00                      
1           342        26         156        1          33297      183            --- 14,21                  
2           342        25         154        4          33165      183            --- 13,66                  
5           342        25         146        12         32671      183            --- 13,66                  
10          342        24         131        28         31868      183            --- 13,11                  
20          342        21         114        48         30773      183            --- 11,48                  
50          342        13         55         115        25519      183            -- 7,10                    
75          342        6          28         149        21876      183            - 3,28                     
100         342        0          0          183        16836      183             0,00                      
1           343        26         157        0          33488      183            --- 14,21                  
2           343        26         157        0          33488      183            --- 14,21                  
5           343        26         157        0          33488      183            --- 14,21                  
10          343        26         157        0          33488      183            --- 14,21                  
20          343        26         157        0          33488      183            --- 14,21                  
50          343        26         157        0          33488      183            --- 14,21                  
75          343        26         157        0          33488      183            --- 14,21                  
100         343        26         157        0          33488      183            --- 14,21                  
1           344        1          181        1          33317      183            - 0,55                     
2           344        0          179        4          33172      183             0,00                      
5           344        0          171        12         32665      183             0,00                      
10          344        0          155        28         31920      183             0,00                      
20          344        0          135        48         30816      183             0,00                      
50          344        0          68         115        25463      183             0,00                      
75          344        0          34         149        21806      183             0,00                      
100         344        0          0          183        16836      183             0,00                      
1           345        1          182        0          33489      183            - 0,55                     
2           345        1          182        0          33489      183            - 0,55                     
5           345        1          182        0          33489      183            - 0,55                     
10          345        1          182        0          33489      183            - 0,55                     
20          345        1          182        0          33489      183            - 0,55                     
50          345        1          182        0          33489      183            - 0,55                     
75          345        1          182        0          33489      183            - 0,55                     
100         345        1          182        0          33489      183            - 0,55                     
