aggregate data per location for random rate = 0.005 and with Perturbator = NEGB
Exploration Boolean Negation
NEGB : negation of boolean value.
10 datasets
Picked up in the directory resources/classifier
35 perturbations points
IndexLoc   #Success   #Failure   #Exception #CallAllExecs      AvgCallPerExec     #Perturbations AvgPerturbationPerExec   #Execs     #Tasks     %Success                   
308        50         0          0          50                 1,00               0              0,00                     50         10         NaN                        
309        50         0          0          0                  0,00               0              0,00                     50         10         NaN                        
310        50         0          0          50                 1,00               0              0,00                     50         10         NaN                        
311        50         0          0          50                 1,00               0              0,00                     50         10         NaN                        
312        50         0          0          50                 1,00               0              0,00                     50         10         NaN                        
315        50         0          0          0                  0,00               0              0,00                     50         10         NaN                        
319        50         0          0          0                  0,00               0              0,00                     50         10         NaN                        
323        50         0          0          0                  0,00               0              0,00                     50         10         NaN                        
329        50         0          0          0                  0,00               0              0,00                     50         10         NaN                        
330        50         0          0          0                  0,00               0              0,00                     50         10         NaN                        
331        50         0          0          0                  0,00               0              0,00                     50         10         NaN                        
1          50         0          0          0                  0,00               0              0,00                     50         10         NaN                        
2          50         0          0          1000               20,00              2              0,04                     50         10         -------------------- 100,00
3          50         0          0          0                  0,00               0              0,00                     50         10         NaN                        
31         50         0          0          0                  0,00               0              0,00                     50         10         NaN                        
32         50         0          0          0                  0,00               0              0,00                     50         10         NaN                        
51         50         0          0          0                  0,00               0              0,00                     50         10         NaN                        
52         50         0          0          0                  0,00               0              0,00                     50         10         NaN                        
53         50         0          0          0                  0,00               0              0,00                     50         10         NaN                        
54         50         0          0          0                  0,00               0              0,00                     50         10         NaN                        
55         50         0          0          0                  0,00               0              0,00                     50         10         NaN                        
58         50         0          0          0                  0,00               0              0,00                     50         10         NaN                        
75         50         0          0          100                2,00               1              0,02                     50         10         -------------------- 100,00
76         49         0          1          100                2,00               1              0,02                     50         10         -------------------- 98,00 
82         50         0          0          0                  0,00               0              0,00                     50         10         NaN                        
83         50         0          0          0                  0,00               0              0,00                     50         10         NaN                        
84         50         0          0          0                  0,00               0              0,00                     50         10         NaN                        
86         50         0          0          1000               20,00              2              0,04                     50         10         -------------------- 100,00
87         50         0          0          0                  0,00               0              0,00                     50         10         NaN                        
88         49         1          0          1000               20,00              2              0,04                     50         10         -------------------- 98,00 
90         48         2          0          1000               20,00              2              0,04                     50         10         -------------------- 96,00 
106        30         20         0          9753               195,06             45             0,90                     50         10         ------------ 60,00         
118        33         17         0          9753               195,06             45             0,90                     50         10         -------------- 66,00       
123        50         0          0          0                  0,00               0              0,00                     50         10         NaN                        
138        50         0          0          0                  0,00               0              0,00                     50         10         NaN                        
