aggregate data per location for random rate = 0.15 and with Perturbator = NEGB
Exploration Boolean Negation
NEGB : negation of boolean value.
10 datasets
Picked up in the directory resources/classifier
35 perturbations points
IndexLoc   #Success   #Failure   #Exception #CallAllExecs      AvgCallPerExec     #Perturbations AvgPerturbationPerExec   #Execs     #Tasks     %Success                   
308        50         0          0          50                 1,00               9              0,18                     50         10         -------------------- 100,00
309        50         0          0          0                  0,00               0              0,00                     50         10         NaN                        
310        41         0          9          50                 1,00               9              0,18                     50         10         ----------------- 82,00    
311        41         0          9          50                 1,00               9              0,18                     50         10         ----------------- 82,00    
312        50         0          0          50                 1,00               9              0,18                     50         10         -------------------- 100,00
315        50         0          0          0                  0,00               0              0,00                     50         10         NaN                        
319        50         0          0          0                  0,00               0              0,00                     50         10         NaN                        
323        50         0          0          0                  0,00               0              0,00                     50         10         NaN                        
329        50         0          0          0                  0,00               0              0,00                     50         10         NaN                        
330        50         0          0          0                  0,00               0              0,00                     50         10         NaN                        
331        50         0          0          0                  0,00               0              0,00                     50         10         NaN                        
1          50         0          0          0                  0,00               0              0,00                     50         10         NaN                        
2          50         0          0          1000               20,00              167            3,34                     50         10         -------------------- 100,00
3          50         0          0          0                  0,00               0              0,00                     50         10         NaN                        
31         50         0          0          0                  0,00               0              0,00                     50         10         NaN                        
32         50         0          0          0                  0,00               0              0,00                     50         10         NaN                        
51         50         0          0          0                  0,00               0              0,00                     50         10         NaN                        
52         50         0          0          0                  0,00               0              0,00                     50         10         NaN                        
53         50         0          0          0                  0,00               0              0,00                     50         10         NaN                        
54         50         0          0          0                  0,00               0              0,00                     50         10         NaN                        
55         50         0          0          0                  0,00               0              0,00                     50         10         NaN                        
58         50         0          0          0                  0,00               0              0,00                     50         10         NaN                        
75         50         0          0          100                2,00               20             0,40                     50         10         -------------------- 100,00
76         32         0          18         100                2,00               20             0,40                     50         10         ------------- 64,00        
82         50         0          0          0                  0,00               0              0,00                     50         10         NaN                        
83         50         0          0          0                  0,00               0              0,00                     50         10         NaN                        
84         50         0          0          0                  0,00               0              0,00                     50         10         NaN                        
86         50         0          0          1000               20,00              167            3,34                     50         10         -------------------- 100,00
87         50         0          0          0                  0,00               0              0,00                     50         10         NaN                        
88         9          41         0          1000               20,00              167            3,34                     50         10         ---- 18,00                 
90         4          46         0          1000               20,00              167            3,34                     50         10         -- 8,00                    
106        0          50         0          4875               97,50              768            15,36                    50         10          0,00                      
118        0          50         0          3757               75,14              589            11,78                    50         10          0,00                      
123        50         0          0          0                  0,00               0              0,00                     50         10         NaN                        
138        50         0          0          0                  0,00               0              0,00                     50         10         NaN                        
