contains the data for the random rates analysis graph with Perturbator as perturbator.
Exploration Boolean Negation
NEGB : negation of boolean value.
random rate : 0.001 0.005 0.01 0.05 0.1 0.15 0.2 0.25 0.3 
5 repetition
10 datasets
Picked up in the directory resources/classifier
35 perturbations points
RandomRate Perturbator IndexLoc   #Success   #Failure   #Exception #Call      #Perturbation  %Success                   
0.0        None        308        10         0          0          10         0              -------------------- 100,00
0.001      NEGB        308        50         0          0          50         0              NaN                        
0.005      NEGB        308        50         0          0          50         0              NaN                        
0.01       NEGB        308        50         0          0          50         0              NaN                        
0.05       NEGB        308        50         0          0          50         2              -------------------- 100,00
0.1        NEGB        308        50         0          0          50         6              -------------------- 100,00
0.15       NEGB        308        50         0          0          50         9              -------------------- 100,00
0.2        NEGB        308        50         0          0          50         11             -------------------- 100,00
0.25       NEGB        308        50         0          0          50         13             -------------------- 100,00
0.3        NEGB        308        50         0          0          50         15             -------------------- 100,00
0.0        None        309        10         0          0          0          0              -------------------- 100,00
0.001      NEGB        309        50         0          0          0          0              NaN                        
0.005      NEGB        309        50         0          0          0          0              NaN                        
0.01       NEGB        309        50         0          0          0          0              NaN                        
0.05       NEGB        309        50         0          0          0          0              NaN                        
0.1        NEGB        309        50         0          0          0          0              NaN                        
0.15       NEGB        309        50         0          0          0          0              NaN                        
0.2        NEGB        309        50         0          0          0          0              NaN                        
0.25       NEGB        309        50         0          0          0          0              NaN                        
0.3        NEGB        309        50         0          0          0          0              NaN                        
0.0        None        310        10         0          0          10         0              -------------------- 100,00
0.001      NEGB        310        50         0          0          50         0              NaN                        
0.005      NEGB        310        50         0          0          50         0              NaN                        
0.01       NEGB        310        50         0          0          50         0              NaN                        
0.05       NEGB        310        48         0          2          50         2              -------------------- 96,00 
0.1        NEGB        310        44         0          6          50         6              ------------------ 88,00   
0.15       NEGB        310        41         0          9          50         9              ----------------- 82,00    
0.2        NEGB        310        39         0          11         50         11             ---------------- 78,00     
0.25       NEGB        310        37         0          13         50         13             --------------- 74,00      
0.3        NEGB        310        35         0          15         50         15             -------------- 70,00       
0.0        None        311        10         0          0          10         0              -------------------- 100,00
0.001      NEGB        311        50         0          0          50         0              NaN                        
0.005      NEGB        311        50         0          0          50         0              NaN                        
0.01       NEGB        311        50         0          0          50         0              NaN                        
0.05       NEGB        311        48         0          2          50         2              -------------------- 96,00 
0.1        NEGB        311        44         0          6          50         6              ------------------ 88,00   
0.15       NEGB        311        41         0          9          50         9              ----------------- 82,00    
0.2        NEGB        311        39         0          11         50         11             ---------------- 78,00     
0.25       NEGB        311        37         0          13         50         13             --------------- 74,00      
0.3        NEGB        311        35         0          15         50         15             -------------- 70,00       
0.0        None        312        10         0          0          10         0              -------------------- 100,00
0.001      NEGB        312        50         0          0          50         0              NaN                        
0.005      NEGB        312        50         0          0          50         0              NaN                        
0.01       NEGB        312        50         0          0          50         0              NaN                        
0.05       NEGB        312        50         0          0          50         2              -------------------- 100,00
0.1        NEGB        312        50         0          0          50         6              -------------------- 100,00
0.15       NEGB        312        50         0          0          50         9              -------------------- 100,00
0.2        NEGB        312        50         0          0          50         11             -------------------- 100,00
0.25       NEGB        312        50         0          0          50         13             -------------------- 100,00
0.3        NEGB        312        50         0          0          50         15             -------------------- 100,00
0.0        None        315        10         0          0          0          0              -------------------- 100,00
0.001      NEGB        315        50         0          0          0          0              NaN                        
0.005      NEGB        315        50         0          0          0          0              NaN                        
0.01       NEGB        315        50         0          0          0          0              NaN                        
0.05       NEGB        315        50         0          0          0          0              NaN                        
0.1        NEGB        315        50         0          0          0          0              NaN                        
0.15       NEGB        315        50         0          0          0          0              NaN                        
0.2        NEGB        315        50         0          0          0          0              NaN                        
0.25       NEGB        315        50         0          0          0          0              NaN                        
0.3        NEGB        315        50         0          0          0          0              NaN                        
0.0        None        319        10         0          0          0          0              -------------------- 100,00
0.001      NEGB        319        50         0          0          0          0              NaN                        
0.005      NEGB        319        50         0          0          0          0              NaN                        
0.01       NEGB        319        50         0          0          0          0              NaN                        
0.05       NEGB        319        50         0          0          0          0              NaN                        
0.1        NEGB        319        50         0          0          0          0              NaN                        
0.15       NEGB        319        50         0          0          0          0              NaN                        
0.2        NEGB        319        50         0          0          0          0              NaN                        
0.25       NEGB        319        50         0          0          0          0              NaN                        
0.3        NEGB        319        50         0          0          0          0              NaN                        
0.0        None        323        10         0          0          0          0              -------------------- 100,00
0.001      NEGB        323        50         0          0          0          0              NaN                        
0.005      NEGB        323        50         0          0          0          0              NaN                        
0.01       NEGB        323        50         0          0          0          0              NaN                        
0.05       NEGB        323        50         0          0          0          0              NaN                        
0.1        NEGB        323        50         0          0          0          0              NaN                        
0.15       NEGB        323        50         0          0          0          0              NaN                        
0.2        NEGB        323        50         0          0          0          0              NaN                        
0.25       NEGB        323        50         0          0          0          0              NaN                        
0.3        NEGB        323        50         0          0          0          0              NaN                        
0.0        None        329        10         0          0          0          0              -------------------- 100,00
0.001      NEGB        329        50         0          0          0          0              NaN                        
0.005      NEGB        329        50         0          0          0          0              NaN                        
0.01       NEGB        329        50         0          0          0          0              NaN                        
0.05       NEGB        329        50         0          0          0          0              NaN                        
0.1        NEGB        329        50         0          0          0          0              NaN                        
0.15       NEGB        329        50         0          0          0          0              NaN                        
0.2        NEGB        329        50         0          0          0          0              NaN                        
0.25       NEGB        329        50         0          0          0          0              NaN                        
0.3        NEGB        329        50         0          0          0          0              NaN                        
0.0        None        330        10         0          0          0          0              -------------------- 100,00
0.001      NEGB        330        50         0          0          0          0              NaN                        
0.005      NEGB        330        50         0          0          0          0              NaN                        
0.01       NEGB        330        50         0          0          0          0              NaN                        
0.05       NEGB        330        50         0          0          0          0              NaN                        
0.1        NEGB        330        50         0          0          0          0              NaN                        
0.15       NEGB        330        50         0          0          0          0              NaN                        
0.2        NEGB        330        50         0          0          0          0              NaN                        
0.25       NEGB        330        50         0          0          0          0              NaN                        
0.3        NEGB        330        50         0          0          0          0              NaN                        
0.0        None        331        10         0          0          0          0              -------------------- 100,00
0.001      NEGB        331        50         0          0          0          0              NaN                        
0.005      NEGB        331        50         0          0          0          0              NaN                        
0.01       NEGB        331        50         0          0          0          0              NaN                        
0.05       NEGB        331        50         0          0          0          0              NaN                        
0.1        NEGB        331        50         0          0          0          0              NaN                        
0.15       NEGB        331        50         0          0          0          0              NaN                        
0.2        NEGB        331        50         0          0          0          0              NaN                        
0.25       NEGB        331        50         0          0          0          0              NaN                        
0.3        NEGB        331        50         0          0          0          0              NaN                        
0.0        None        1          10         0          0          0          0              -------------------- 100,00
0.001      NEGB        1          50         0          0          0          0              NaN                        
0.005      NEGB        1          50         0          0          0          0              NaN                        
0.01       NEGB        1          50         0          0          0          0              NaN                        
0.05       NEGB        1          50         0          0          0          0              NaN                        
0.1        NEGB        1          50         0          0          0          0              NaN                        
0.15       NEGB        1          50         0          0          0          0              NaN                        
0.2        NEGB        1          50         0          0          0          0              NaN                        
0.25       NEGB        1          50         0          0          0          0              NaN                        
0.3        NEGB        1          50         0          0          0          0              NaN                        
0.0        None        2          10         0          0          200        0              -------------------- 100,00
0.001      NEGB        2          50         0          0          1000       0              NaN                        
0.005      NEGB        2          50         0          0          1000       2              -------------------- 100,00
0.01       NEGB        2          50         0          0          1000       6              -------------------- 100,00
0.05       NEGB        2          50         0          0          1000       50             -------------------- 100,00
0.1        NEGB        2          50         0          0          1000       114            -------------------- 100,00
0.15       NEGB        2          50         0          0          1000       167            -------------------- 100,00
0.2        NEGB        2          50         0          0          1000       215            -------------------- 100,00
0.25       NEGB        2          50         0          0          1000       258            -------------------- 100,00
0.3        NEGB        2          50         0          0          1000       308            -------------------- 100,00
0.0        None        3          10         0          0          0          0              -------------------- 100,00
0.001      NEGB        3          50         0          0          0          0              NaN                        
0.005      NEGB        3          50         0          0          0          0              NaN                        
0.01       NEGB        3          50         0          0          0          0              NaN                        
0.05       NEGB        3          50         0          0          0          0              NaN                        
0.1        NEGB        3          50         0          0          0          0              NaN                        
0.15       NEGB        3          50         0          0          0          0              NaN                        
0.2        NEGB        3          50         0          0          0          0              NaN                        
0.25       NEGB        3          50         0          0          0          0              NaN                        
0.3        NEGB        3          50         0          0          0          0              NaN                        
0.0        None        31         10         0          0          0          0              -------------------- 100,00
0.001      NEGB        31         50         0          0          0          0              NaN                        
0.005      NEGB        31         50         0          0          0          0              NaN                        
0.01       NEGB        31         50         0          0          0          0              NaN                        
0.05       NEGB        31         50         0          0          0          0              NaN                        
0.1        NEGB        31         50         0          0          0          0              NaN                        
0.15       NEGB        31         50         0          0          0          0              NaN                        
0.2        NEGB        31         50         0          0          0          0              NaN                        
0.25       NEGB        31         50         0          0          0          0              NaN                        
0.3        NEGB        31         50         0          0          0          0              NaN                        
0.0        None        32         10         0          0          0          0              -------------------- 100,00
0.001      NEGB        32         50         0          0          0          0              NaN                        
0.005      NEGB        32         50         0          0          0          0              NaN                        
0.01       NEGB        32         50         0          0          0          0              NaN                        
0.05       NEGB        32         50         0          0          0          0              NaN                        
0.1        NEGB        32         50         0          0          0          0              NaN                        
0.15       NEGB        32         50         0          0          0          0              NaN                        
0.2        NEGB        32         50         0          0          0          0              NaN                        
0.25       NEGB        32         50         0          0          0          0              NaN                        
0.3        NEGB        32         50         0          0          0          0              NaN                        
0.0        None        51         10         0          0          0          0              -------------------- 100,00
0.001      NEGB        51         50         0          0          0          0              NaN                        
0.005      NEGB        51         50         0          0          0          0              NaN                        
0.01       NEGB        51         50         0          0          0          0              NaN                        
0.05       NEGB        51         50         0          0          0          0              NaN                        
0.1        NEGB        51         50         0          0          0          0              NaN                        
0.15       NEGB        51         50         0          0          0          0              NaN                        
0.2        NEGB        51         50         0          0          0          0              NaN                        
0.25       NEGB        51         50         0          0          0          0              NaN                        
0.3        NEGB        51         50         0          0          0          0              NaN                        
0.0        None        52         10         0          0          0          0              -------------------- 100,00
0.001      NEGB        52         50         0          0          0          0              NaN                        
0.005      NEGB        52         50         0          0          0          0              NaN                        
0.01       NEGB        52         50         0          0          0          0              NaN                        
0.05       NEGB        52         50         0          0          0          0              NaN                        
0.1        NEGB        52         50         0          0          0          0              NaN                        
0.15       NEGB        52         50         0          0          0          0              NaN                        
0.2        NEGB        52         50         0          0          0          0              NaN                        
0.25       NEGB        52         50         0          0          0          0              NaN                        
0.3        NEGB        52         50         0          0          0          0              NaN                        
0.0        None        53         10         0          0          0          0              -------------------- 100,00
0.001      NEGB        53         50         0          0          0          0              NaN                        
0.005      NEGB        53         50         0          0          0          0              NaN                        
0.01       NEGB        53         50         0          0          0          0              NaN                        
0.05       NEGB        53         50         0          0          0          0              NaN                        
0.1        NEGB        53         50         0          0          0          0              NaN                        
0.15       NEGB        53         50         0          0          0          0              NaN                        
0.2        NEGB        53         50         0          0          0          0              NaN                        
0.25       NEGB        53         50         0          0          0          0              NaN                        
0.3        NEGB        53         50         0          0          0          0              NaN                        
0.0        None        54         10         0          0          0          0              -------------------- 100,00
0.001      NEGB        54         50         0          0          0          0              NaN                        
0.005      NEGB        54         50         0          0          0          0              NaN                        
0.01       NEGB        54         50         0          0          0          0              NaN                        
0.05       NEGB        54         50         0          0          0          0              NaN                        
0.1        NEGB        54         50         0          0          0          0              NaN                        
0.15       NEGB        54         50         0          0          0          0              NaN                        
0.2        NEGB        54         50         0          0          0          0              NaN                        
0.25       NEGB        54         50         0          0          0          0              NaN                        
0.3        NEGB        54         50         0          0          0          0              NaN                        
0.0        None        55         10         0          0          0          0              -------------------- 100,00
0.001      NEGB        55         50         0          0          0          0              NaN                        
0.005      NEGB        55         50         0          0          0          0              NaN                        
0.01       NEGB        55         50         0          0          0          0              NaN                        
0.05       NEGB        55         50         0          0          0          0              NaN                        
0.1        NEGB        55         50         0          0          0          0              NaN                        
0.15       NEGB        55         50         0          0          0          0              NaN                        
0.2        NEGB        55         50         0          0          0          0              NaN                        
0.25       NEGB        55         50         0          0          0          0              NaN                        
0.3        NEGB        55         50         0          0          0          0              NaN                        
0.0        None        58         10         0          0          0          0              -------------------- 100,00
0.001      NEGB        58         50         0          0          0          0              NaN                        
0.005      NEGB        58         50         0          0          0          0              NaN                        
0.01       NEGB        58         50         0          0          0          0              NaN                        
0.05       NEGB        58         50         0          0          0          0              NaN                        
0.1        NEGB        58         50         0          0          0          0              NaN                        
0.15       NEGB        58         50         0          0          0          0              NaN                        
0.2        NEGB        58         50         0          0          0          0              NaN                        
0.25       NEGB        58         50         0          0          0          0              NaN                        
0.3        NEGB        58         50         0          0          0          0              NaN                        
0.0        None        75         10         0          0          20         0              -------------------- 100,00
0.001      NEGB        75         50         0          0          100        0              NaN                        
0.005      NEGB        75         50         0          0          100        1              -------------------- 100,00
0.01       NEGB        75         50         0          0          100        1              -------------------- 100,00
0.05       NEGB        75         50         0          0          100        6              -------------------- 100,00
0.1        NEGB        75         50         0          0          100        14             -------------------- 100,00
0.15       NEGB        75         50         0          0          100        20             -------------------- 100,00
0.2        NEGB        75         50         0          0          100        24             -------------------- 100,00
0.25       NEGB        75         50         0          0          100        28             -------------------- 100,00
0.3        NEGB        75         50         0          0          100        31             -------------------- 100,00
0.0        None        76         10         0          0          20         0              -------------------- 100,00
0.001      NEGB        76         50         0          0          100        0              NaN                        
0.005      NEGB        76         49         0          1          100        1              -------------------- 98,00 
0.01       NEGB        76         49         0          1          100        1              -------------------- 98,00 
0.05       NEGB        76         44         0          6          100        6              ------------------ 88,00   
0.1        NEGB        76         38         0          12         100        14             ---------------- 76,00     
0.15       NEGB        76         32         0          18         100        20             ------------- 64,00        
0.2        NEGB        76         28         0          22         100        24             ------------ 56,00         
0.25       NEGB        76         24         0          26         100        28             ---------- 48,00           
0.3        NEGB        76         23         0          27         100        31             ---------- 46,00           
0.0        None        82         10         0          0          0          0              -------------------- 100,00
0.001      NEGB        82         50         0          0          0          0              NaN                        
0.005      NEGB        82         50         0          0          0          0              NaN                        
0.01       NEGB        82         50         0          0          0          0              NaN                        
0.05       NEGB        82         50         0          0          0          0              NaN                        
0.1        NEGB        82         50         0          0          0          0              NaN                        
0.15       NEGB        82         50         0          0          0          0              NaN                        
0.2        NEGB        82         50         0          0          0          0              NaN                        
0.25       NEGB        82         50         0          0          0          0              NaN                        
0.3        NEGB        82         50         0          0          0          0              NaN                        
0.0        None        83         10         0          0          0          0              -------------------- 100,00
0.001      NEGB        83         50         0          0          0          0              NaN                        
0.005      NEGB        83         50         0          0          0          0              NaN                        
0.01       NEGB        83         50         0          0          0          0              NaN                        
0.05       NEGB        83         50         0          0          0          0              NaN                        
0.1        NEGB        83         50         0          0          0          0              NaN                        
0.15       NEGB        83         50         0          0          0          0              NaN                        
0.2        NEGB        83         50         0          0          0          0              NaN                        
0.25       NEGB        83         50         0          0          0          0              NaN                        
0.3        NEGB        83         50         0          0          0          0              NaN                        
0.0        None        84         10         0          0          0          0              -------------------- 100,00
0.001      NEGB        84         50         0          0          0          0              NaN                        
0.005      NEGB        84         50         0          0          0          0              NaN                        
0.01       NEGB        84         50         0          0          0          0              NaN                        
0.05       NEGB        84         50         0          0          0          0              NaN                        
0.1        NEGB        84         50         0          0          0          0              NaN                        
0.15       NEGB        84         50         0          0          0          0              NaN                        
0.2        NEGB        84         50         0          0          0          0              NaN                        
0.25       NEGB        84         50         0          0          0          0              NaN                        
0.3        NEGB        84         50         0          0          0          0              NaN                        
0.0        None        86         10         0          0          200        0              -------------------- 100,00
0.001      NEGB        86         50         0          0          1000       0              NaN                        
0.005      NEGB        86         50         0          0          1000       2              -------------------- 100,00
0.01       NEGB        86         50         0          0          1000       6              -------------------- 100,00
0.05       NEGB        86         50         0          0          1000       50             -------------------- 100,00
0.1        NEGB        86         50         0          0          1000       114            -------------------- 100,00
0.15       NEGB        86         50         0          0          1000       167            -------------------- 100,00
0.2        NEGB        86         50         0          0          1000       215            -------------------- 100,00
0.25       NEGB        86         50         0          0          1000       258            -------------------- 100,00
0.3        NEGB        86         50         0          0          1000       308            -------------------- 100,00
0.0        None        87         10         0          0          0          0              -------------------- 100,00
0.001      NEGB        87         50         0          0          0          0              NaN                        
0.005      NEGB        87         50         0          0          0          0              NaN                        
0.01       NEGB        87         50         0          0          0          0              NaN                        
0.05       NEGB        87         50         0          0          0          0              NaN                        
0.1        NEGB        87         50         0          0          0          0              NaN                        
0.15       NEGB        87         50         0          0          0          0              NaN                        
0.2        NEGB        87         50         0          0          0          0              NaN                        
0.25       NEGB        87         50         0          0          0          0              NaN                        
0.3        NEGB        87         50         0          0          0          0              NaN                        
0.0        None        88         10         0          0          200        0              -------------------- 100,00
0.001      NEGB        88         50         0          0          1000       0              NaN                        
0.005      NEGB        88         49         1          0          1000       2              -------------------- 98,00 
0.01       NEGB        88         48         2          0          1000       6              -------------------- 96,00 
0.05       NEGB        88         24         26         0          1000       50             ---------- 48,00           
0.1        NEGB        88         12         38         0          1000       114            ----- 24,00                
0.15       NEGB        88         9          41         0          1000       167            ---- 18,00                 
0.2        NEGB        88         6          44         0          1000       215            --- 12,00                  
0.25       NEGB        88         3          47         0          1000       258            -- 6,00                    
0.3        NEGB        88         2          48         0          1000       308            - 4,00                     
0.0        None        90         10         0          0          200        0              -------------------- 100,00
0.001      NEGB        90         50         0          0          1000       0              NaN                        
0.005      NEGB        90         48         2          0          1000       2              -------------------- 96,00 
0.01       NEGB        90         46         4          0          1000       6              ------------------- 92,00  
0.05       NEGB        90         21         29         0          1000       50             --------- 42,00            
0.1        NEGB        90         11         39         0          1000       114            ----- 22,00                
0.15       NEGB        90         4          46         0          1000       167            -- 8,00                    
0.2        NEGB        90         3          47         0          1000       215            -- 6,00                    
0.25       NEGB        90         2          48         0          1000       258            - 4,00                     
0.3        NEGB        90         2          48         0          1000       308            - 4,00                     
0.0        None        106        10         0          0          2000       0              -------------------- 100,00
0.001      NEGB        106        46         4          0          9973       11             ------------------- 92,00  
0.005      NEGB        106        30         20         0          9753       45             ------------ 60,00         
0.01       NEGB        106        16         34         0          9418       97             ------- 32,00              
0.05       NEGB        106        3          47         0          7857       367            -- 6,00                    
0.1        NEGB        106        1          49         0          6291       629            - 2,00                     
0.15       NEGB        106        0          50         0          4875       768             0,00                      
0.2        NEGB        106        0          50         0          4074       828             0,00                      
0.25       NEGB        106        0          50         0          3416       847             0,00                      
0.3        NEGB        106        0          50         0          2898       853             0,00                      
0.0        None        118        10         0          0          2000       0              -------------------- 100,00
0.001      NEGB        118        47         3          0          9973       11             ------------------- 94,00  
0.005      NEGB        118        33         17         0          9753       45             -------------- 66,00       
0.01       NEGB        118        23         27         0          9418       97             ---------- 46,00           
0.05       NEGB        118        0          50         0          7626       353             0,00                      
0.1        NEGB        118        1          49         0          5567       563            - 2,00                     
0.15       NEGB        118        0          50         0          3757       589             0,00                      
0.2        NEGB        118        1          49         0          2831       558            - 2,00                     
0.25       NEGB        118        0          50         0          2166       535             0,00                      
0.3        NEGB        118        0          50         0          1780       517             0,00                      
0.0        None        123        10         0          0          0          0              -------------------- 100,00
0.001      NEGB        123        50         0          0          0          0              NaN                        
0.005      NEGB        123        50         0          0          0          0              NaN                        
0.01       NEGB        123        50         0          0          0          0              NaN                        
0.05       NEGB        123        50         0          0          0          0              NaN                        
0.1        NEGB        123        50         0          0          0          0              NaN                        
0.15       NEGB        123        50         0          0          0          0              NaN                        
0.2        NEGB        123        50         0          0          0          0              NaN                        
0.25       NEGB        123        50         0          0          0          0              NaN                        
0.3        NEGB        123        50         0          0          0          0              NaN                        
0.0        None        138        10         0          0          0          0              -------------------- 100,00
0.001      NEGB        138        50         0          0          0          0              NaN                        
0.005      NEGB        138        50         0          0          0          0              NaN                        
0.01       NEGB        138        50         0          0          0          0              NaN                        
0.05       NEGB        138        50         0          0          0          0              NaN                        
0.1        NEGB        138        50         0          0          0          0              NaN                        
0.15       NEGB        138        50         0          0          0          0              NaN                        
0.2        NEGB        138        50         0          0          0          0              NaN                        
0.25       NEGB        138        50         0          0          0          0              NaN                        
0.3        NEGB        138        50         0          0          0          0              NaN                        
