aggregate data per location for random rate = 0.2 and with Perturbator = NEGB
Exploration Boolean Negation
NEGB : negation of boolean value.
10 datasets
Picked up in the directory resources/classifier
35 perturbations points
IndexLoc   #Success   #Failure   #Exception #CallAllExecs      AvgCallPerExec     #Perturbations AvgPerturbationPerExec   #Execs     #Tasks     %Success                   
308        50         0          0          50                 1,00               11             0,22                     50         10         -------------------- 100,00
309        50         0          0          0                  0,00               0              0,00                     50         10         NaN                        
310        39         0          11         50                 1,00               11             0,22                     50         10         ---------------- 78,00     
311        39         0          11         50                 1,00               11             0,22                     50         10         ---------------- 78,00     
312        50         0          0          50                 1,00               11             0,22                     50         10         -------------------- 100,00
315        50         0          0          0                  0,00               0              0,00                     50         10         NaN                        
319        50         0          0          0                  0,00               0              0,00                     50         10         NaN                        
323        50         0          0          0                  0,00               0              0,00                     50         10         NaN                        
329        50         0          0          0                  0,00               0              0,00                     50         10         NaN                        
330        50         0          0          0                  0,00               0              0,00                     50         10         NaN                        
331        50         0          0          0                  0,00               0              0,00                     50         10         NaN                        
1          50         0          0          0                  0,00               0              0,00                     50         10         NaN                        
2          50         0          0          1000               20,00              215            4,30                     50         10         -------------------- 100,00
3          50         0          0          0                  0,00               0              0,00                     50         10         NaN                        
31         50         0          0          0                  0,00               0              0,00                     50         10         NaN                        
32         50         0          0          0                  0,00               0              0,00                     50         10         NaN                        
51         50         0          0          0                  0,00               0              0,00                     50         10         NaN                        
52         50         0          0          0                  0,00               0              0,00                     50         10         NaN                        
53         50         0          0          0                  0,00               0              0,00                     50         10         NaN                        
54         50         0          0          0                  0,00               0              0,00                     50         10         NaN                        
55         50         0          0          0                  0,00               0              0,00                     50         10         NaN                        
58         50         0          0          0                  0,00               0              0,00                     50         10         NaN                        
75         50         0          0          100                2,00               24             0,48                     50         10         -------------------- 100,00
76         28         0          22         100                2,00               24             0,48                     50         10         ------------ 56,00         
82         50         0          0          0                  0,00               0              0,00                     50         10         NaN                        
83         50         0          0          0                  0,00               0              0,00                     50         10         NaN                        
84         50         0          0          0                  0,00               0              0,00                     50         10         NaN                        
86         50         0          0          1000               20,00              215            4,30                     50         10         -------------------- 100,00
87         50         0          0          0                  0,00               0              0,00                     50         10         NaN                        
88         6          44         0          1000               20,00              215            4,30                     50         10         --- 12,00                  
90         3          47         0          1000               20,00              215            4,30                     50         10         -- 6,00                    
106        0          50         0          4074               81,48              828            16,56                    50         10          0,00                      
118        1          49         0          2831               56,62              558            11,16                    50         10         - 2,00                     
123        50         0          0          0                  0,00               0              0,00                     50         10         NaN                        
138        50         0          0          0                  0,00               0              0,00                     50         10         NaN                        
