aggregate data per location for random rate = 0.25 and with Perturbator = NEGB
Exploration Boolean Negation
NEGB : negation of boolean value.
10 datasets
Picked up in the directory resources/classifier
35 perturbations points
IndexLoc   #Success   #Failure   #Exception #CallAllExecs      AvgCallPerExec     #Perturbations AvgPerturbationPerExec   #Execs     #Tasks     %Success                   
308        50         0          0          50                 1,00               13             0,26                     50         10         -------------------- 100,00
309        50         0          0          0                  0,00               0              0,00                     50         10         NaN                        
310        37         0          13         50                 1,00               13             0,26                     50         10         --------------- 74,00      
311        37         0          13         50                 1,00               13             0,26                     50         10         --------------- 74,00      
312        50         0          0          50                 1,00               13             0,26                     50         10         -------------------- 100,00
315        50         0          0          0                  0,00               0              0,00                     50         10         NaN                        
319        50         0          0          0                  0,00               0              0,00                     50         10         NaN                        
323        50         0          0          0                  0,00               0              0,00                     50         10         NaN                        
329        50         0          0          0                  0,00               0              0,00                     50         10         NaN                        
330        50         0          0          0                  0,00               0              0,00                     50         10         NaN                        
331        50         0          0          0                  0,00               0              0,00                     50         10         NaN                        
1          50         0          0          0                  0,00               0              0,00                     50         10         NaN                        
2          50         0          0          1000               20,00              258            5,16                     50         10         -------------------- 100,00
3          50         0          0          0                  0,00               0              0,00                     50         10         NaN                        
31         50         0          0          0                  0,00               0              0,00                     50         10         NaN                        
32         50         0          0          0                  0,00               0              0,00                     50         10         NaN                        
51         50         0          0          0                  0,00               0              0,00                     50         10         NaN                        
52         50         0          0          0                  0,00               0              0,00                     50         10         NaN                        
53         50         0          0          0                  0,00               0              0,00                     50         10         NaN                        
54         50         0          0          0                  0,00               0              0,00                     50         10         NaN                        
55         50         0          0          0                  0,00               0              0,00                     50         10         NaN                        
58         50         0          0          0                  0,00               0              0,00                     50         10         NaN                        
75         50         0          0          100                2,00               28             0,56                     50         10         -------------------- 100,00
76         24         0          26         100                2,00               28             0,56                     50         10         ---------- 48,00           
82         50         0          0          0                  0,00               0              0,00                     50         10         NaN                        
83         50         0          0          0                  0,00               0              0,00                     50         10         NaN                        
84         50         0          0          0                  0,00               0              0,00                     50         10         NaN                        
86         50         0          0          1000               20,00              258            5,16                     50         10         -------------------- 100,00
87         50         0          0          0                  0,00               0              0,00                     50         10         NaN                        
88         3          47         0          1000               20,00              258            5,16                     50         10         -- 6,00                    
90         2          48         0          1000               20,00              258            5,16                     50         10         - 4,00                     
106        0          50         0          3416               68,32              847            16,94                    50         10          0,00                      
118        0          50         0          2166               43,32              535            10,70                    50         10          0,00                      
123        50         0          0          0                  0,00               0              0,00                     50         10         NaN                        
138        50         0          0          0                  0,00               0              0,00                     50         10         NaN                        
