aggregate data per location for random rate = 0.002 and with Perturbator = 1
Exploration Plus One
130 perturbation point
PONE : plus one perturbator
7 datasets
Picked up in the data set provided by Weka.
IndexLoc   #Success   #Failure   #Exception #CallAllExecs      AvgCallPerExec     #Perturbations AvgPerturbationPerExec   #Execs     #Tasks     %Success                   
0          35         0          0          0                  0,00               0              0,00                     35         7          NaN                        
4          35         0          0          0                  0,00               0              0,00                     35         7          NaN                        
5          35         0          0          0                  0,00               0              0,00                     35         7          NaN                        
6          35         0          0          3500               100,00             5              0,14                     35         7          -------------------- 100,00
7          35         0          0          3500               100,00             5              0,14                     35         7          -------------------- 100,00
8          35         0          0          3500               100,00             5              0,14                     35         7          -------------------- 100,00
9          35         0          0          3500               100,00             5              0,14                     35         7          -------------------- 100,00
10         35         0          0          3500               100,00             5              0,14                     35         7          -------------------- 100,00
11         35         0          0          3500               100,00             5              0,14                     35         7          -------------------- 100,00
12         35         0          0          3500               100,00             5              0,14                     35         7          -------------------- 100,00
13         35         0          0          3500               100,00             5              0,14                     35         7          -------------------- 100,00
14         35         0          0          3500               100,00             5              0,14                     35         7          -------------------- 100,00
15         35         0          0          3500               100,00             5              0,14                     35         7          -------------------- 100,00
16         35         0          0          3500               100,00             5              0,14                     35         7          -------------------- 100,00
17         35         0          0          3500               100,00             5              0,14                     35         7          -------------------- 100,00
18         35         0          0          3500               100,00             5              0,14                     35         7          -------------------- 100,00
19         35         0          0          3500               100,00             5              0,14                     35         7          -------------------- 100,00
20         35         0          0          3500               100,00             5              0,14                     35         7          -------------------- 100,00
21         35         0          0          3500               100,00             5              0,14                     35         7          -------------------- 100,00
22         35         0          0          3500               100,00             5              0,14                     35         7          -------------------- 100,00
23         35         0          0          3500               100,00             5              0,14                     35         7          -------------------- 100,00
24         35         0          0          3500               100,00             5              0,14                     35         7          -------------------- 100,00
25         35         0          0          3500               100,00             5              0,14                     35         7          -------------------- 100,00
26         35         0          0          3500               100,00             5              0,14                     35         7          -------------------- 100,00
27         35         0          0          3500               100,00             5              0,14                     35         7          -------------------- 100,00
28         35         0          0          3500               100,00             5              0,14                     35         7          -------------------- 100,00
29         35         0          0          3500               100,00             5              0,14                     35         7          -------------------- 100,00
30         35         0          0          3500               100,00             5              0,14                     35         7          -------------------- 100,00
33         35         0          0          35                 1,00               0              0,00                     35         7          NaN                        
34         35         0          0          35                 1,00               0              0,00                     35         7          NaN                        
35         35         0          0          35                 1,00               0              0,00                     35         7          NaN                        
36         35         0          0          35                 1,00               0              0,00                     35         7          NaN                        
37         35         0          0          35                 1,00               0              0,00                     35         7          NaN                        
38         35         0          0          35                 1,00               0              0,00                     35         7          NaN                        
39         35         0          0          35                 1,00               0              0,00                     35         7          NaN                        
40         35         0          0          35                 1,00               0              0,00                     35         7          NaN                        
41         35         0          0          35                 1,00               0              0,00                     35         7          NaN                        
42         35         0          0          35                 1,00               0              0,00                     35         7          NaN                        
43         35         0          0          35                 1,00               0              0,00                     35         7          NaN                        
44         35         0          0          35                 1,00               0              0,00                     35         7          NaN                        
45         35         0          0          35                 1,00               0              0,00                     35         7          NaN                        
46         35         0          0          35                 1,00               0              0,00                     35         7          NaN                        
47         35         0          0          35                 1,00               0              0,00                     35         7          NaN                        
48         35         0          0          35                 1,00               0              0,00                     35         7          NaN                        
49         35         0          0          35                 1,00               0              0,00                     35         7          NaN                        
50         35         0          0          35                 1,00               0              0,00                     35         7          NaN                        
56         35         0          0          0                  0,00               0              0,00                     35         7          NaN                        
57         35         0          0          0                  0,00               0              0,00                     35         7          NaN                        
59         35         0          0          0                  0,00               0              0,00                     35         7          NaN                        
60         35         0          0          35                 1,00               0              0,00                     35         7          NaN                        
61         35         0          0          35                 1,00               0              0,00                     35         7          NaN                        
62         35         0          0          35                 1,00               0              0,00                     35         7          NaN                        
63         35         0          0          35                 1,00               0              0,00                     35         7          NaN                        
64         35         0          0          35                 1,00               0              0,00                     35         7          NaN                        
65         35         0          0          35                 1,00               0              0,00                     35         7          NaN                        
66         35         0          0          35                 1,00               0              0,00                     35         7          NaN                        
67         35         0          0          35                 1,00               0              0,00                     35         7          NaN                        
68         35         0          0          35                 1,00               0              0,00                     35         7          NaN                        
69         35         0          0          35                 1,00               0              0,00                     35         7          NaN                        
70         35         0          0          35                 1,00               0              0,00                     35         7          NaN                        
71         35         0          0          35                 1,00               0              0,00                     35         7          NaN                        
72         35         0          0          35                 1,00               0              0,00                     35         7          NaN                        
73         35         0          0          35                 1,00               0              0,00                     35         7          NaN                        
74         35         0          0          35                 1,00               0              0,00                     35         7          NaN                        
77         35         0          0          0                  0,00               0              0,00                     35         7          NaN                        
78         35         0          0          0                  0,00               0              0,00                     35         7          NaN                        
79         35         0          0          0                  0,00               0              0,00                     35         7          NaN                        
80         35         0          0          0                  0,00               0              0,00                     35         7          NaN                        
81         35         0          0          0                  0,00               0              0,00                     35         7          NaN                        
85         35         0          0          0                  0,00               0              0,00                     35         7          NaN                        
89         35         0          0          350                10,00              0              0,00                     35         7          NaN                        
91         35         0          0          350                10,00              0              0,00                     35         7          NaN                        
92         35         0          0          350                10,00              0              0,00                     35         7          NaN                        
93         34         1          0          3849               109,97             5              0,14                     35         7          -------------------- 97,14 
94         35         0          0          3850               110,00             5              0,14                     35         7          -------------------- 100,00
96         34         1          0          3493               99,80              5              0,14                     35         7          -------------------- 97,14 
97         34         1          0          3493               99,80              5              0,14                     35         7          -------------------- 97,14 
98         34         1          0          3493               99,80              5              0,14                     35         7          -------------------- 97,14 
99         30         5          0          3500               100,00             5              0,14                     35         7          ------------------ 85,71   
100        30         5          0          3500               100,00             5              0,14                     35         7          ------------------ 85,71   
101        35         0          0          3500               100,00             5              0,14                     35         7          -------------------- 100,00
102        35         0          0          3500               100,00             5              0,14                     35         7          -------------------- 100,00
103        35         0          0          3500               100,00             5              0,14                     35         7          -------------------- 100,00
104        34         1          0          3493               99,80              5              0,14                     35         7          -------------------- 97,14 
105        34         1          0          3493               99,80              5              0,14                     35         7          -------------------- 97,14 
106        34         1          0          3493               99,80              5              0,14                     35         7          -------------------- 97,14 
108        35         0          0          3500               100,00             5              0,14                     35         7          -------------------- 100,00
109        35         0          0          3500               100,00             5              0,14                     35         7          -------------------- 100,00
110        34         1          0          3500               100,00             5              0,14                     35         7          -------------------- 97,14 
111        31         4          0          3500               100,00             5              0,14                     35         7          ------------------ 88,57   
112        35         0          0          3500               100,00             5              0,14                     35         7          -------------------- 100,00
113        35         0          0          3500               100,00             5              0,14                     35         7          -------------------- 100,00
114        35         0          0          3500               100,00             5              0,14                     35         7          -------------------- 100,00
115        35         0          0          3500               100,00             5              0,14                     35         7          -------------------- 100,00
116        34         1          0          3493               99,80              5              0,14                     35         7          -------------------- 97,14 
117        34         1          0          3493               99,80              5              0,14                     35         7          -------------------- 97,14 
118        34         1          0          3493               99,80              5              0,14                     35         7          -------------------- 97,14 
120        35         0          0          0                  0,00               0              0,00                     35         7          NaN                        
121        35         0          0          0                  0,00               0              0,00                     35         7          NaN                        
122        35         0          0          0                  0,00               0              0,00                     35         7          NaN                        
123        35         0          0          0                  0,00               0              0,00                     35         7          NaN                        
125        35         0          0          0                  0,00               0              0,00                     35         7          NaN                        
126        35         0          0          0                  0,00               0              0,00                     35         7          NaN                        
127        35         0          0          0                  0,00               0              0,00                     35         7          NaN                        
129        35         0          0          0                  0,00               0              0,00                     35         7          NaN                        
130        35         0          0          0                  0,00               0              0,00                     35         7          NaN                        
131        35         0          0          0                  0,00               0              0,00                     35         7          NaN                        
132        35         0          0          0                  0,00               0              0,00                     35         7          NaN                        
133        35         0          0          0                  0,00               0              0,00                     35         7          NaN                        
134        35         0          0          0                  0,00               0              0,00                     35         7          NaN                        
135        35         0          0          0                  0,00               0              0,00                     35         7          NaN                        
136        35         0          0          0                  0,00               0              0,00                     35         7          NaN                        
137        35         0          0          0                  0,00               0              0,00                     35         7          NaN                        
138        35         0          0          0                  0,00               0              0,00                     35         7          NaN                        
139        35         0          0          0                  0,00               0              0,00                     35         7          NaN                        
141        35         0          0          0                  0,00               0              0,00                     35         7          NaN                        
142        35         0          0          0                  0,00               0              0,00                     35         7          NaN                        
148        35         0          0          0                  0,00               0              0,00                     35         7          NaN                        
149        35         0          0          0                  0,00               0              0,00                     35         7          NaN                        
151        35         0          0          0                  0,00               0              0,00                     35         7          NaN                        
152        35         0          0          0                  0,00               0              0,00                     35         7          NaN                        
153        35         0          0          0                  0,00               0              0,00                     35         7          NaN                        
155        35         0          0          0                  0,00               0              0,00                     35         7          NaN                        
156        35         0          0          0                  0,00               0              0,00                     35         7          NaN                        
157        35         0          0          0                  0,00               0              0,00                     35         7          NaN                        
159        35         0          0          0                  0,00               0              0,00                     35         7          NaN                        
160        35         0          0          0                  0,00               0              0,00                     35         7          NaN                        
161        35         0          0          0                  0,00               0              0,00                     35         7          NaN                        
162        35         0          0          0                  0,00               0              0,00                     35         7          NaN                        
163        35         0          0          0                  0,00               0              0,00                     35         7          NaN                        
