aggregate data per location for random rate = 0.01 and with Perturbator = 1
Exploration Plus One
PONE : plus one perturbator
10 datasets
Picked up in the directory resources/classifier
297 perturbations points
IndexLoc   #Success   #Failure   #Exception #CallAllExecs      AvgCallPerExec     #Perturbations AvgPerturbationPerExec   #Execs     #Tasks     %Success                   
167        50         0          0          0                  0,00               0              0,00                     50         10         NaN                        
168        50         0          0          0                  0,00               0              0,00                     50         10         NaN                        
169        50         0          0          0                  0,00               0              0,00                     50         10         NaN                        
170        50         0          0          0                  0,00               0              0,00                     50         10         NaN                        
171        50         0          0          0                  0,00               0              0,00                     50         10         NaN                        
172        50         0          0          0                  0,00               0              0,00                     50         10         NaN                        
173        50         0          0          0                  0,00               0              0,00                     50         10         NaN                        
174        50         0          0          0                  0,00               0              0,00                     50         10         NaN                        
175        50         0          0          0                  0,00               0              0,00                     50         10         NaN                        
176        50         0          0          0                  0,00               0              0,00                     50         10         NaN                        
177        50         0          0          0                  0,00               0              0,00                     50         10         NaN                        
178        50         0          0          0                  0,00               0              0,00                     50         10         NaN                        
179        50         0          0          0                  0,00               0              0,00                     50         10         NaN                        
180        50         0          0          0                  0,00               0              0,00                     50         10         NaN                        
181        50         0          0          0                  0,00               0              0,00                     50         10         NaN                        
182        50         0          0          0                  0,00               0              0,00                     50         10         NaN                        
183        50         0          0          0                  0,00               0              0,00                     50         10         NaN                        
184        50         0          0          0                  0,00               0              0,00                     50         10         NaN                        
185        50         0          0          0                  0,00               0              0,00                     50         10         NaN                        
186        50         0          0          0                  0,00               0              0,00                     50         10         NaN                        
187        50         0          0          0                  0,00               0              0,00                     50         10         NaN                        
188        50         0          0          0                  0,00               0              0,00                     50         10         NaN                        
189        50         0          0          0                  0,00               0              0,00                     50         10         NaN                        
190        50         0          0          0                  0,00               0              0,00                     50         10         NaN                        
191        50         0          0          0                  0,00               0              0,00                     50         10         NaN                        
192        50         0          0          0                  0,00               0              0,00                     50         10         NaN                        
193        50         0          0          0                  0,00               0              0,00                     50         10         NaN                        
194        50         0          0          0                  0,00               0              0,00                     50         10         NaN                        
195        50         0          0          0                  0,00               0              0,00                     50         10         NaN                        
196        50         0          0          0                  0,00               0              0,00                     50         10         NaN                        
197        50         0          0          0                  0,00               0              0,00                     50         10         NaN                        
198        50         0          0          0                  0,00               0              0,00                     50         10         NaN                        
199        50         0          0          0                  0,00               0              0,00                     50         10         NaN                        
200        50         0          0          0                  0,00               0              0,00                     50         10         NaN                        
201        50         0          0          0                  0,00               0              0,00                     50         10         NaN                        
202        50         0          0          0                  0,00               0              0,00                     50         10         NaN                        
203        50         0          0          0                  0,00               0              0,00                     50         10         NaN                        
204        50         0          0          0                  0,00               0              0,00                     50         10         NaN                        
205        50         0          0          0                  0,00               0              0,00                     50         10         NaN                        
206        50         0          0          0                  0,00               0              0,00                     50         10         NaN                        
207        50         0          0          0                  0,00               0              0,00                     50         10         NaN                        
208        50         0          0          0                  0,00               0              0,00                     50         10         NaN                        
209        50         0          0          0                  0,00               0              0,00                     50         10         NaN                        
210        50         0          0          0                  0,00               0              0,00                     50         10         NaN                        
211        50         0          0          0                  0,00               0              0,00                     50         10         NaN                        
212        50         0          0          0                  0,00               0              0,00                     50         10         NaN                        
213        50         0          0          0                  0,00               0              0,00                     50         10         NaN                        
214        50         0          0          0                  0,00               0              0,00                     50         10         NaN                        
215        50         0          0          0                  0,00               0              0,00                     50         10         NaN                        
216        50         0          0          0                  0,00               0              0,00                     50         10         NaN                        
217        50         0          0          0                  0,00               0              0,00                     50         10         NaN                        
218        50         0          0          0                  0,00               0              0,00                     50         10         NaN                        
219        50         0          0          0                  0,00               0              0,00                     50         10         NaN                        
220        50         0          0          0                  0,00               0              0,00                     50         10         NaN                        
221        50         0          0          0                  0,00               0              0,00                     50         10         NaN                        
222        50         0          0          0                  0,00               0              0,00                     50         10         NaN                        
223        50         0          0          0                  0,00               0              0,00                     50         10         NaN                        
224        50         0          0          0                  0,00               0              0,00                     50         10         NaN                        
225        50         0          0          0                  0,00               0              0,00                     50         10         NaN                        
226        50         0          0          0                  0,00               0              0,00                     50         10         NaN                        
227        50         0          0          0                  0,00               0              0,00                     50         10         NaN                        
228        50         0          0          0                  0,00               0              0,00                     50         10         NaN                        
229        50         0          0          0                  0,00               0              0,00                     50         10         NaN                        
230        50         0          0          0                  0,00               0              0,00                     50         10         NaN                        
231        50         0          0          0                  0,00               0              0,00                     50         10         NaN                        
232        50         0          0          0                  0,00               0              0,00                     50         10         NaN                        
233        50         0          0          0                  0,00               0              0,00                     50         10         NaN                        
234        50         0          0          0                  0,00               0              0,00                     50         10         NaN                        
235        50         0          0          0                  0,00               0              0,00                     50         10         NaN                        
236        50         0          0          0                  0,00               0              0,00                     50         10         NaN                        
237        50         0          0          0                  0,00               0              0,00                     50         10         NaN                        
238        50         0          0          0                  0,00               0              0,00                     50         10         NaN                        
239        50         0          0          0                  0,00               0              0,00                     50         10         NaN                        
240        50         0          0          0                  0,00               0              0,00                     50         10         NaN                        
241        50         0          0          0                  0,00               0              0,00                     50         10         NaN                        
242        50         0          0          0                  0,00               0              0,00                     50         10         NaN                        
243        50         0          0          0                  0,00               0              0,00                     50         10         NaN                        
244        50         0          0          0                  0,00               0              0,00                     50         10         NaN                        
245        50         0          0          0                  0,00               0              0,00                     50         10         NaN                        
246        50         0          0          0                  0,00               0              0,00                     50         10         NaN                        
247        50         0          0          0                  0,00               0              0,00                     50         10         NaN                        
248        50         0          0          0                  0,00               0              0,00                     50         10         NaN                        
249        50         0          0          0                  0,00               0              0,00                     50         10         NaN                        
250        50         0          0          0                  0,00               0              0,00                     50         10         NaN                        
251        50         0          0          0                  0,00               0              0,00                     50         10         NaN                        
252        50         0          0          0                  0,00               0              0,00                     50         10         NaN                        
253        50         0          0          0                  0,00               0              0,00                     50         10         NaN                        
254        50         0          0          0                  0,00               0              0,00                     50         10         NaN                        
255        50         0          0          0                  0,00               0              0,00                     50         10         NaN                        
256        50         0          0          0                  0,00               0              0,00                     50         10         NaN                        
257        50         0          0          0                  0,00               0              0,00                     50         10         NaN                        
258        50         0          0          0                  0,00               0              0,00                     50         10         NaN                        
259        50         0          0          0                  0,00               0              0,00                     50         10         NaN                        
260        50         0          0          0                  0,00               0              0,00                     50         10         NaN                        
261        50         0          0          0                  0,00               0              0,00                     50         10         NaN                        
262        50         0          0          0                  0,00               0              0,00                     50         10         NaN                        
263        50         0          0          0                  0,00               0              0,00                     50         10         NaN                        
264        50         0          0          0                  0,00               0              0,00                     50         10         NaN                        
265        50         0          0          0                  0,00               0              0,00                     50         10         NaN                        
266        50         0          0          0                  0,00               0              0,00                     50         10         NaN                        
267        50         0          0          0                  0,00               0              0,00                     50         10         NaN                        
268        50         0          0          0                  0,00               0              0,00                     50         10         NaN                        
269        50         0          0          0                  0,00               0              0,00                     50         10         NaN                        
270        50         0          0          0                  0,00               0              0,00                     50         10         NaN                        
271        50         0          0          0                  0,00               0              0,00                     50         10         NaN                        
272        50         0          0          0                  0,00               0              0,00                     50         10         NaN                        
273        50         0          0          0                  0,00               0              0,00                     50         10         NaN                        
274        50         0          0          0                  0,00               0              0,00                     50         10         NaN                        
275        50         0          0          0                  0,00               0              0,00                     50         10         NaN                        
276        50         0          0          0                  0,00               0              0,00                     50         10         NaN                        
277        50         0          0          0                  0,00               0              0,00                     50         10         NaN                        
278        50         0          0          0                  0,00               0              0,00                     50         10         NaN                        
279        50         0          0          0                  0,00               0              0,00                     50         10         NaN                        
280        50         0          0          0                  0,00               0              0,00                     50         10         NaN                        
281        50         0          0          0                  0,00               0              0,00                     50         10         NaN                        
282        50         0          0          0                  0,00               0              0,00                     50         10         NaN                        
283        50         0          0          0                  0,00               0              0,00                     50         10         NaN                        
284        50         0          0          0                  0,00               0              0,00                     50         10         NaN                        
285        50         0          0          0                  0,00               0              0,00                     50         10         NaN                        
286        50         0          0          0                  0,00               0              0,00                     50         10         NaN                        
287        50         0          0          0                  0,00               0              0,00                     50         10         NaN                        
288        50         0          0          0                  0,00               0              0,00                     50         10         NaN                        
289        50         0          0          0                  0,00               0              0,00                     50         10         NaN                        
290        50         0          0          0                  0,00               0              0,00                     50         10         NaN                        
291        50         0          0          0                  0,00               0              0,00                     50         10         NaN                        
292        50         0          0          0                  0,00               0              0,00                     50         10         NaN                        
293        50         0          0          0                  0,00               0              0,00                     50         10         NaN                        
294        50         0          0          0                  0,00               0              0,00                     50         10         NaN                        
295        50         0          0          0                  0,00               0              0,00                     50         10         NaN                        
296        50         0          0          0                  0,00               0              0,00                     50         10         NaN                        
297        50         0          0          0                  0,00               0              0,00                     50         10         NaN                        
298        50         0          0          0                  0,00               0              0,00                     50         10         NaN                        
299        50         0          0          0                  0,00               0              0,00                     50         10         NaN                        
300        50         0          0          0                  0,00               0              0,00                     50         10         NaN                        
301        50         0          0          0                  0,00               0              0,00                     50         10         NaN                        
302        50         0          0          0                  0,00               0              0,00                     50         10         NaN                        
303        50         0          0          0                  0,00               0              0,00                     50         10         NaN                        
304        50         0          0          0                  0,00               0              0,00                     50         10         NaN                        
305        50         0          0          0                  0,00               0              0,00                     50         10         NaN                        
306        50         0          0          0                  0,00               0              0,00                     50         10         NaN                        
307        50         0          0          0                  0,00               0              0,00                     50         10         NaN                        
313        50         0          0          0                  0,00               0              0,00                     50         10         NaN                        
314        50         0          0          0                  0,00               0              0,00                     50         10         NaN                        
316        50         0          0          0                  0,00               0              0,00                     50         10         NaN                        
317        50         0          0          0                  0,00               0              0,00                     50         10         NaN                        
318        50         0          0          0                  0,00               0              0,00                     50         10         NaN                        
320        50         0          0          0                  0,00               0              0,00                     50         10         NaN                        
321        50         0          0          0                  0,00               0              0,00                     50         10         NaN                        
322        50         0          0          0                  0,00               0              0,00                     50         10         NaN                        
324        50         0          0          0                  0,00               0              0,00                     50         10         NaN                        
325        50         0          0          0                  0,00               0              0,00                     50         10         NaN                        
326        50         0          0          0                  0,00               0              0,00                     50         10         NaN                        
327        50         0          0          0                  0,00               0              0,00                     50         10         NaN                        
328        50         0          0          0                  0,00               0              0,00                     50         10         NaN                        
0          50         0          0          0                  0,00               0              0,00                     50         10         NaN                        
4          50         0          0          0                  0,00               0              0,00                     50         10         NaN                        
5          50         0          0          0                  0,00               0              0,00                     50         10         NaN                        
6          50         0          0          10000              200,00             103            2,06                     50         10         -------------------- 100,00
7          50         0          0          10000              200,00             103            2,06                     50         10         -------------------- 100,00
8          50         0          0          10000              200,00             103            2,06                     50         10         -------------------- 100,00
9          50         0          0          10000              200,00             103            2,06                     50         10         -------------------- 100,00
10         50         0          0          10000              200,00             103            2,06                     50         10         -------------------- 100,00
11         50         0          0          10000              200,00             103            2,06                     50         10         -------------------- 100,00
12         50         0          0          10000              200,00             103            2,06                     50         10         -------------------- 100,00
13         50         0          0          10000              200,00             103            2,06                     50         10         -------------------- 100,00
14         50         0          0          10000              200,00             103            2,06                     50         10         -------------------- 100,00
15         50         0          0          10000              200,00             103            2,06                     50         10         -------------------- 100,00
16         50         0          0          10000              200,00             103            2,06                     50         10         -------------------- 100,00
17         50         0          0          10000              200,00             103            2,06                     50         10         -------------------- 100,00
18         50         0          0          10000              200,00             103            2,06                     50         10         -------------------- 100,00
19         50         0          0          10000              200,00             103            2,06                     50         10         -------------------- 100,00
20         50         0          0          10000              200,00             103            2,06                     50         10         -------------------- 100,00
21         50         0          0          10000              200,00             103            2,06                     50         10         -------------------- 100,00
22         50         0          0          10000              200,00             103            2,06                     50         10         -------------------- 100,00
23         50         0          0          10000              200,00             103            2,06                     50         10         -------------------- 100,00
24         50         0          0          10000              200,00             103            2,06                     50         10         -------------------- 100,00
25         50         0          0          10000              200,00             103            2,06                     50         10         -------------------- 100,00
26         50         0          0          10000              200,00             103            2,06                     50         10         -------------------- 100,00
27         50         0          0          10000              200,00             103            2,06                     50         10         -------------------- 100,00
28         50         0          0          10000              200,00             103            2,06                     50         10         -------------------- 100,00
29         50         0          0          10000              200,00             103            2,06                     50         10         -------------------- 100,00
30         50         0          0          10000              200,00             103            2,06                     50         10         -------------------- 100,00
33         49         1          0          100                2,00               1              0,02                     50         10         -------------------- 98,00 
34         49         1          0          100                2,00               1              0,02                     50         10         -------------------- 98,00 
35         49         1          0          100                2,00               1              0,02                     50         10         -------------------- 98,00 
36         49         0          1          100                2,00               1              0,02                     50         10         -------------------- 98,00 
37         49         0          1          100                2,00               1              0,02                     50         10         -------------------- 98,00 
38         49         0          1          100                2,00               1              0,02                     50         10         -------------------- 98,00 
39         49         0          1          100                2,00               1              0,02                     50         10         -------------------- 98,00 
40         49         0          1          100                2,00               1              0,02                     50         10         -------------------- 98,00 
41         49         0          1          100                2,00               1              0,02                     50         10         -------------------- 98,00 
42         49         0          1          100                2,00               1              0,02                     50         10         -------------------- 98,00 
43         49         0          1          100                2,00               1              0,02                     50         10         -------------------- 98,00 
44         49         0          1          100                2,00               1              0,02                     50         10         -------------------- 98,00 
45         49         0          1          100                2,00               1              0,02                     50         10         -------------------- 98,00 
46         49         0          1          100                2,00               1              0,02                     50         10         -------------------- 98,00 
47         49         0          1          100                2,00               1              0,02                     50         10         -------------------- 98,00 
48         49         0          1          100                2,00               1              0,02                     50         10         -------------------- 98,00 
49         49         0          1          100                2,00               1              0,02                     50         10         -------------------- 98,00 
50         49         0          1          100                2,00               1              0,02                     50         10         -------------------- 98,00 
56         50         0          0          0                  0,00               0              0,00                     50         10         NaN                        
57         50         0          0          0                  0,00               0              0,00                     50         10         NaN                        
59         50         0          0          0                  0,00               0              0,00                     50         10         NaN                        
60         50         0          0          100                2,00               1              0,02                     50         10         -------------------- 100,00
61         50         0          0          100                2,00               1              0,02                     50         10         -------------------- 100,00
62         50         0          0          100                2,00               1              0,02                     50         10         -------------------- 100,00
63         49         0          1          100                2,00               1              0,02                     50         10         -------------------- 98,00 
64         49         0          1          100                2,00               1              0,02                     50         10         -------------------- 98,00 
65         49         0          1          100                2,00               1              0,02                     50         10         -------------------- 98,00 
66         49         0          1          100                2,00               1              0,02                     50         10         -------------------- 98,00 
67         49         0          1          100                2,00               1              0,02                     50         10         -------------------- 98,00 
68         49         0          1          100                2,00               1              0,02                     50         10         -------------------- 98,00 
69         49         0          1          100                2,00               1              0,02                     50         10         -------------------- 98,00 
70         49         0          1          100                2,00               1              0,02                     50         10         -------------------- 98,00 
71         50         0          0          100                2,00               1              0,02                     50         10         -------------------- 100,00
72         49         0          1          100                2,00               1              0,02                     50         10         -------------------- 98,00 
73         49         0          1          100                2,00               1              0,02                     50         10         -------------------- 98,00 
74         49         0          1          100                2,00               1              0,02                     50         10         -------------------- 98,00 
77         50         0          0          0                  0,00               0              0,00                     50         10         NaN                        
78         50         0          0          0                  0,00               0              0,00                     50         10         NaN                        
79         50         0          0          0                  0,00               0              0,00                     50         10         NaN                        
80         50         0          0          0                  0,00               0              0,00                     50         10         NaN                        
81         50         0          0          0                  0,00               0              0,00                     50         10         NaN                        
85         50         0          0          0                  0,00               0              0,00                     50         10         NaN                        
89         46         4          0          1000               20,00              6              0,12                     50         10         ------------------- 92,00  
91         45         5          0          1000               20,00              6              0,12                     50         10         ------------------ 90,00   
92         49         1          0          1000               20,00              6              0,12                     50         10         -------------------- 98,00 
93         44         6          0          10980              219,60             114            2,28                     50         10         ------------------ 88,00   
94         50         0          0          11000              220,00             114            2,28                     50         10         -------------------- 100,00
95         12         38         0          9481               189,62             97             1,94                     50         10         ----- 24,00                
96         13         37         0          9138               182,76             94             1,88                     50         10         ------ 26,00               
97         13         37         0          9138               182,76             94             1,88                     50         10         ------ 26,00               
98         7          43         0          9546               190,92             98             1,96                     50         10         --- 14,00                  
99         6          44         0          10000              200,00             103            2,06                     50         10         --- 12,00                  
100        18         32         0          10000              200,00             103            2,06                     50         10         -------- 36,00             
101        50         0          0          10000              200,00             103            2,06                     50         10         -------------------- 100,00
102        50         0          0          10000              200,00             103            2,06                     50         10         -------------------- 100,00
103        26         24         0          9578               191,56             98             1,96                     50         10         ----------- 52,00          
104        13         37         0          9138               182,76             94             1,88                     50         10         ------ 26,00               
105        13         37         0          9138               182,76             94             1,88                     50         10         ------ 26,00               
107        22         28         0          9418               188,36             97             1,94                     50         10         --------- 44,00            
108        32         18         0          10000              200,00             103            2,06                     50         10         ------------- 64,00        
109        33         17         0          10000              200,00             103            2,06                     50         10         -------------- 66,00       
110        22         28         0          10000              200,00             103            2,06                     50         10         --------- 44,00            
111        27         23         0          9996               199,92             103            2,06                     50         10         ----------- 54,00          
112        50         0          0          10000              200,00             103            2,06                     50         10         -------------------- 100,00
113        50         0          0          10000              200,00             103            2,06                     50         10         -------------------- 100,00
114        50         0          0          10000              200,00             103            2,06                     50         10         -------------------- 100,00
115        26         24         0          9578               191,56             98             1,96                     50         10         ----------- 52,00          
116        13         37         0          9138               182,76             94             1,88                     50         10         ------ 26,00               
117        13         37         0          9138               182,76             94             1,88                     50         10         ------ 26,00               
119        22         28         0          4759               95,18              52             1,04                     50         10         --------- 44,00            
120        50         0          0          0                  0,00               0              0,00                     50         10         NaN                        
121        50         0          0          0                  0,00               0              0,00                     50         10         NaN                        
122        50         0          0          0                  0,00               0              0,00                     50         10         NaN                        
124        50         0          0          0                  0,00               0              0,00                     50         10         NaN                        
125        50         0          0          0                  0,00               0              0,00                     50         10         NaN                        
126        50         0          0          0                  0,00               0              0,00                     50         10         NaN                        
127        50         0          0          0                  0,00               0              0,00                     50         10         NaN                        
128        50         0          0          0                  0,00               0              0,00                     50         10         NaN                        
129        50         0          0          0                  0,00               0              0,00                     50         10         NaN                        
130        50         0          0          0                  0,00               0              0,00                     50         10         NaN                        
131        50         0          0          0                  0,00               0              0,00                     50         10         NaN                        
132        50         0          0          0                  0,00               0              0,00                     50         10         NaN                        
133        50         0          0          0                  0,00               0              0,00                     50         10         NaN                        
134        50         0          0          0                  0,00               0              0,00                     50         10         NaN                        
135        50         0          0          0                  0,00               0              0,00                     50         10         NaN                        
136        50         0          0          0                  0,00               0              0,00                     50         10         NaN                        
137        50         0          0          0                  0,00               0              0,00                     50         10         NaN                        
139        50         0          0          0                  0,00               0              0,00                     50         10         NaN                        
140        50         0          0          0                  0,00               0              0,00                     50         10         NaN                        
141        50         0          0          0                  0,00               0              0,00                     50         10         NaN                        
142        50         0          0          0                  0,00               0              0,00                     50         10         NaN                        
143        50         0          0          50                 1,00               0              0,00                     50         10         NaN                        
144        50         0          0          0                  0,00               0              0,00                     50         10         NaN                        
145        50         0          0          50                 1,00               0              0,00                     50         10         NaN                        
146        50         0          0          50                 1,00               0              0,00                     50         10         NaN                        
147        50         0          0          50                 1,00               0              0,00                     50         10         NaN                        
148        50         0          0          0                  0,00               0              0,00                     50         10         NaN                        
149        50         0          0          0                  0,00               0              0,00                     50         10         NaN                        
150        50         0          0          0                  0,00               0              0,00                     50         10         NaN                        
151        50         0          0          0                  0,00               0              0,00                     50         10         NaN                        
152        50         0          0          0                  0,00               0              0,00                     50         10         NaN                        
153        50         0          0          0                  0,00               0              0,00                     50         10         NaN                        
154        50         0          0          0                  0,00               0              0,00                     50         10         NaN                        
155        50         0          0          0                  0,00               0              0,00                     50         10         NaN                        
156        50         0          0          0                  0,00               0              0,00                     50         10         NaN                        
157        50         0          0          0                  0,00               0              0,00                     50         10         NaN                        
158        50         0          0          0                  0,00               0              0,00                     50         10         NaN                        
159        50         0          0          0                  0,00               0              0,00                     50         10         NaN                        
160        50         0          0          0                  0,00               0              0,00                     50         10         NaN                        
161        50         0          0          0                  0,00               0              0,00                     50         10         NaN                        
162        50         0          0          0                  0,00               0              0,00                     50         10         NaN                        
163        50         0          0          0                  0,00               0              0,00                     50         10         NaN                        
164        50         0          0          0                  0,00               0              0,00                     50         10         NaN                        
165        50         0          0          0                  0,00               0              0,00                     50         10         NaN                        
166        50         0          0          0                  0,00               0              0,00                     50         10         NaN                        
