Number of Execution of the reference run per location and per task 
With the aggregation by task for each location, and the total of the execution ref
IndexLoc   IndexTask  #ExecRef  
0          0          0         
0          1          0         
0          2          0         
0          3          0         
0          4          0         
0          5          0         
0          6          0         
0          7          0         
0          8          0         
0          9          0         
0          TotalExcRef 0         
1          0          0         
1          1          0         
1          2          0         
1          3          0         
1          4          0         
1          5          0         
1          6          0         
1          7          0         
1          8          0         
1          9          0         
1          TotalExcRef 0         
5          0          0         
5          1          0         
5          2          0         
5          3          0         
5          4          0         
5          5          0         
5          6          0         
5          7          0         
5          8          0         
5          9          0         
5          TotalExcRef 0         
6          0          0         
6          1          0         
6          2          0         
6          3          0         
6          4          0         
6          5          0         
6          6          0         
6          7          0         
6          8          0         
6          9          0         
6          TotalExcRef 0         
7          0          100       
7          1          100       
7          2          100       
7          3          100       
7          4          100       
7          5          100       
7          6          100       
7          7          100       
7          8          100       
7          9          100       
7          TotalExcRef 1000      
8          0          100       
8          1          100       
8          2          100       
8          3          100       
8          4          100       
8          5          100       
8          6          100       
8          7          100       
8          8          100       
8          9          100       
8          TotalExcRef 1000      
9          0          100       
9          1          100       
9          2          100       
9          3          100       
9          4          100       
9          5          100       
9          6          100       
9          7          100       
9          8          100       
9          9          100       
9          TotalExcRef 1000      
10         0          100       
10         1          100       
10         2          100       
10         3          100       
10         4          100       
10         5          100       
10         6          100       
10         7          100       
10         8          100       
10         9          100       
10         TotalExcRef 1000      
11         0          100       
11         1          100       
11         2          100       
11         3          100       
11         4          100       
11         5          100       
11         6          100       
11         7          100       
11         8          100       
11         9          100       
11         TotalExcRef 1000      
12         0          100       
12         1          100       
12         2          100       
12         3          100       
12         4          100       
12         5          100       
12         6          100       
12         7          100       
12         8          100       
12         9          100       
12         TotalExcRef 1000      
13         0          100       
13         1          100       
13         2          100       
13         3          100       
13         4          100       
13         5          100       
13         6          100       
13         7          100       
13         8          100       
13         9          100       
13         TotalExcRef 1000      
14         0          100       
14         1          100       
14         2          100       
14         3          100       
14         4          100       
14         5          100       
14         6          100       
14         7          100       
14         8          100       
14         9          100       
14         TotalExcRef 1000      
15         0          100       
15         1          100       
15         2          100       
15         3          100       
15         4          100       
15         5          100       
15         6          100       
15         7          100       
15         8          100       
15         9          100       
15         TotalExcRef 1000      
16         0          100       
16         1          100       
16         2          100       
16         3          100       
16         4          100       
16         5          100       
16         6          100       
16         7          100       
16         8          100       
16         9          100       
16         TotalExcRef 1000      
17         0          100       
17         1          100       
17         2          100       
17         3          100       
17         4          100       
17         5          100       
17         6          100       
17         7          100       
17         8          100       
17         9          100       
17         TotalExcRef 1000      
18         0          100       
18         1          100       
18         2          100       
18         3          100       
18         4          100       
18         5          100       
18         6          100       
18         7          100       
18         8          100       
18         9          100       
18         TotalExcRef 1000      
19         0          100       
19         1          100       
19         2          100       
19         3          100       
19         4          100       
19         5          100       
19         6          100       
19         7          100       
19         8          100       
19         9          100       
19         TotalExcRef 1000      
20         0          100       
20         1          100       
20         2          100       
20         3          100       
20         4          100       
20         5          100       
20         6          100       
20         7          100       
20         8          100       
20         9          100       
20         TotalExcRef 1000      
21         0          100       
21         1          100       
21         2          100       
21         3          100       
21         4          100       
21         5          100       
21         6          100       
21         7          100       
21         8          100       
21         9          100       
21         TotalExcRef 1000      
22         0          100       
22         1          100       
22         2          100       
22         3          100       
22         4          100       
22         5          100       
22         6          100       
22         7          100       
22         8          100       
22         9          100       
22         TotalExcRef 1000      
23         0          100       
23         1          100       
23         2          100       
23         3          100       
23         4          100       
23         5          100       
23         6          100       
23         7          100       
23         8          100       
23         9          100       
23         TotalExcRef 1000      
24         0          100       
24         1          100       
24         2          100       
24         3          100       
24         4          100       
24         5          100       
24         6          100       
24         7          100       
24         8          100       
24         9          100       
24         TotalExcRef 1000      
25         0          100       
25         1          100       
25         2          100       
25         3          100       
25         4          100       
25         5          100       
25         6          100       
25         7          100       
25         8          100       
25         9          100       
25         TotalExcRef 1000      
26         0          100       
26         1          100       
26         2          100       
26         3          100       
26         4          100       
26         5          100       
26         6          100       
26         7          100       
26         8          100       
26         9          100       
26         TotalExcRef 1000      
27         0          100       
27         1          100       
27         2          100       
27         3          100       
27         4          100       
27         5          100       
27         6          100       
27         7          100       
27         8          100       
27         9          100       
27         TotalExcRef 1000      
28         0          100       
28         1          100       
28         2          100       
28         3          100       
28         4          100       
28         5          100       
28         6          100       
28         7          100       
28         8          100       
28         9          100       
28         TotalExcRef 1000      
29         0          100       
29         1          100       
29         2          100       
29         3          100       
29         4          100       
29         5          100       
29         6          100       
29         7          100       
29         8          100       
29         9          100       
29         TotalExcRef 1000      
30         0          100       
30         1          100       
30         2          100       
30         3          100       
30         4          100       
30         5          100       
30         6          100       
30         7          100       
30         8          100       
30         9          100       
30         TotalExcRef 1000      
31         0          100       
31         1          100       
31         2          100       
31         3          100       
31         4          100       
31         5          100       
31         6          100       
31         7          100       
31         8          100       
31         9          100       
31         TotalExcRef 1000      
34         0          1         
34         1          1         
34         2          1         
34         3          1         
34         4          1         
34         5          1         
34         6          1         
34         7          1         
34         8          1         
34         9          1         
34         TotalExcRef 10        
35         0          1         
35         1          1         
35         2          1         
35         3          1         
35         4          1         
35         5          1         
35         6          1         
35         7          1         
35         8          1         
35         9          1         
35         TotalExcRef 10        
36         0          1         
36         1          1         
36         2          1         
36         3          1         
36         4          1         
36         5          1         
36         6          1         
36         7          1         
36         8          1         
36         9          1         
36         TotalExcRef 10        
37         0          1         
37         1          1         
37         2          1         
37         3          1         
37         4          1         
37         5          1         
37         6          1         
37         7          1         
37         8          1         
37         9          1         
37         TotalExcRef 10        
38         0          1         
38         1          1         
38         2          1         
38         3          1         
38         4          1         
38         5          1         
38         6          1         
38         7          1         
38         8          1         
38         9          1         
38         TotalExcRef 10        
39         0          1         
39         1          1         
39         2          1         
39         3          1         
39         4          1         
39         5          1         
39         6          1         
39         7          1         
39         8          1         
39         9          1         
39         TotalExcRef 10        
40         0          1         
40         1          1         
40         2          1         
40         3          1         
40         4          1         
40         5          1         
40         6          1         
40         7          1         
40         8          1         
40         9          1         
40         TotalExcRef 10        
41         0          1         
41         1          1         
41         2          1         
41         3          1         
41         4          1         
41         5          1         
41         6          1         
41         7          1         
41         8          1         
41         9          1         
41         TotalExcRef 10        
42         0          1         
42         1          1         
42         2          1         
42         3          1         
42         4          1         
42         5          1         
42         6          1         
42         7          1         
42         8          1         
42         9          1         
42         TotalExcRef 10        
43         0          1         
43         1          1         
43         2          1         
43         3          1         
43         4          1         
43         5          1         
43         6          1         
43         7          1         
43         8          1         
43         9          1         
43         TotalExcRef 10        
44         0          1         
44         1          1         
44         2          1         
44         3          1         
44         4          1         
44         5          1         
44         6          1         
44         7          1         
44         8          1         
44         9          1         
44         TotalExcRef 10        
45         0          1         
45         1          1         
45         2          1         
45         3          1         
45         4          1         
45         5          1         
45         6          1         
45         7          1         
45         8          1         
45         9          1         
45         TotalExcRef 10        
46         0          1         
46         1          1         
46         2          1         
46         3          1         
46         4          1         
46         5          1         
46         6          1         
46         7          1         
46         8          1         
46         9          1         
46         TotalExcRef 10        
47         0          1         
47         1          1         
47         2          1         
47         3          1         
47         4          1         
47         5          1         
47         6          1         
47         7          1         
47         8          1         
47         9          1         
47         TotalExcRef 10        
48         0          1         
48         1          1         
48         2          1         
48         3          1         
48         4          1         
48         5          1         
48         6          1         
48         7          1         
48         8          1         
48         9          1         
48         TotalExcRef 10        
49         0          1         
49         1          1         
49         2          1         
49         3          1         
49         4          1         
49         5          1         
49         6          1         
49         7          1         
49         8          1         
49         9          1         
49         TotalExcRef 10        
50         0          1         
50         1          1         
50         2          1         
50         3          1         
50         4          1         
50         5          1         
50         6          1         
50         7          1         
50         8          1         
50         9          1         
50         TotalExcRef 10        
51         0          1         
51         1          1         
51         2          1         
51         3          1         
51         4          1         
51         5          1         
51         6          1         
51         7          1         
51         8          1         
51         9          1         
51         TotalExcRef 10        
57         0          0         
57         1          0         
57         2          0         
57         3          0         
57         4          0         
57         5          0         
57         6          0         
57         7          0         
57         8          0         
57         9          0         
57         TotalExcRef 0         
58         0          0         
58         1          0         
58         2          0         
58         3          0         
58         4          0         
58         5          0         
58         6          0         
58         7          0         
58         8          0         
58         9          0         
58         TotalExcRef 0         
60         0          0         
60         1          0         
60         2          0         
60         3          0         
60         4          0         
60         5          0         
60         6          0         
60         7          0         
60         8          0         
60         9          0         
60         TotalExcRef 0         
61         0          1         
61         1          1         
61         2          1         
61         3          1         
61         4          1         
61         5          1         
61         6          1         
61         7          1         
61         8          1         
61         9          1         
61         TotalExcRef 10        
62         0          1         
62         1          1         
62         2          1         
62         3          1         
62         4          1         
62         5          1         
62         6          1         
62         7          1         
62         8          1         
62         9          1         
62         TotalExcRef 10        
63         0          1         
63         1          1         
63         2          1         
63         3          1         
63         4          1         
63         5          1         
63         6          1         
63         7          1         
63         8          1         
63         9          1         
63         TotalExcRef 10        
64         0          1         
64         1          1         
64         2          1         
64         3          1         
64         4          1         
64         5          1         
64         6          1         
64         7          1         
64         8          1         
64         9          1         
64         TotalExcRef 10        
65         0          1         
65         1          1         
65         2          1         
65         3          1         
65         4          1         
65         5          1         
65         6          1         
65         7          1         
65         8          1         
65         9          1         
65         TotalExcRef 10        
66         0          1         
66         1          1         
66         2          1         
66         3          1         
66         4          1         
66         5          1         
66         6          1         
66         7          1         
66         8          1         
66         9          1         
66         TotalExcRef 10        
67         0          1         
67         1          1         
67         2          1         
67         3          1         
67         4          1         
67         5          1         
67         6          1         
67         7          1         
67         8          1         
67         9          1         
67         TotalExcRef 10        
68         0          1         
68         1          1         
68         2          1         
68         3          1         
68         4          1         
68         5          1         
68         6          1         
68         7          1         
68         8          1         
68         9          1         
68         TotalExcRef 10        
69         0          1         
69         1          1         
69         2          1         
69         3          1         
69         4          1         
69         5          1         
69         6          1         
69         7          1         
69         8          1         
69         9          1         
69         TotalExcRef 10        
70         0          1         
70         1          1         
70         2          1         
70         3          1         
70         4          1         
70         5          1         
70         6          1         
70         7          1         
70         8          1         
70         9          1         
70         TotalExcRef 10        
71         0          1         
71         1          1         
71         2          1         
71         3          1         
71         4          1         
71         5          1         
71         6          1         
71         7          1         
71         8          1         
71         9          1         
71         TotalExcRef 10        
72         0          1         
72         1          1         
72         2          1         
72         3          1         
72         4          1         
72         5          1         
72         6          1         
72         7          1         
72         8          1         
72         9          1         
72         TotalExcRef 10        
73         0          1         
73         1          1         
73         2          1         
73         3          1         
73         4          1         
73         5          1         
73         6          1         
73         7          1         
73         8          1         
73         9          1         
73         TotalExcRef 10        
74         0          1         
74         1          1         
74         2          1         
74         3          1         
74         4          1         
74         5          1         
74         6          1         
74         7          1         
74         8          1         
74         9          1         
74         TotalExcRef 10        
75         0          1         
75         1          1         
75         2          1         
75         3          1         
75         4          1         
75         5          1         
75         6          1         
75         7          1         
75         8          1         
75         9          1         
75         TotalExcRef 10        
78         0          0         
78         1          0         
78         2          0         
78         3          0         
78         4          0         
78         5          0         
78         6          0         
78         7          0         
78         8          0         
78         9          0         
78         TotalExcRef 0         
79         0          0         
79         1          0         
79         2          0         
79         3          0         
79         4          0         
79         5          0         
79         6          0         
79         7          0         
79         8          0         
79         9          0         
79         TotalExcRef 0         
80         0          0         
80         1          0         
80         2          0         
80         3          0         
80         4          0         
80         5          0         
80         6          0         
80         7          0         
80         8          0         
80         9          0         
80         TotalExcRef 0         
81         0          0         
81         1          0         
81         2          0         
81         3          0         
81         4          0         
81         5          0         
81         6          0         
81         7          0         
81         8          0         
81         9          0         
81         TotalExcRef 0         
82         0          0         
82         1          0         
82         2          0         
82         3          0         
82         4          0         
82         5          0         
82         6          0         
82         7          0         
82         8          0         
82         9          0         
82         TotalExcRef 0         
86         0          0         
86         1          0         
86         2          0         
86         3          0         
86         4          0         
86         5          0         
86         6          0         
86         7          0         
86         8          0         
86         9          0         
86         TotalExcRef 0         
90         0          10        
90         1          10        
90         2          10        
90         3          10        
90         4          10        
90         5          10        
90         6          10        
90         7          10        
90         8          10        
90         9          10        
90         TotalExcRef 100       
92         0          10        
92         1          10        
92         2          10        
92         3          10        
92         4          10        
92         5          10        
92         6          10        
92         7          10        
92         8          10        
92         9          10        
92         TotalExcRef 100       
93         0          10        
93         1          10        
93         2          10        
93         3          10        
93         4          10        
93         5          10        
93         6          10        
93         7          10        
93         8          10        
93         9          10        
93         TotalExcRef 100       
94         0          110       
94         1          110       
94         2          110       
94         3          110       
94         4          110       
94         5          110       
94         6          110       
94         7          110       
94         8          110       
94         9          110       
94         TotalExcRef 1100      
95         0          110       
95         1          110       
95         2          110       
95         3          110       
95         4          110       
95         5          110       
95         6          110       
95         7          110       
95         8          110       
95         9          110       
95         TotalExcRef 1100      
97         0          100       
97         1          100       
97         2          100       
97         3          100       
97         4          100       
97         5          100       
97         6          100       
97         7          100       
97         8          100       
97         9          100       
97         TotalExcRef 1000      
98         0          100       
98         1          100       
98         2          100       
98         3          100       
98         4          100       
98         5          100       
98         6          100       
98         7          100       
98         8          100       
98         9          100       
98         TotalExcRef 1000      
99         0          100       
99         1          100       
99         2          100       
99         3          100       
99         4          100       
99         5          100       
99         6          100       
99         7          100       
99         8          100       
99         9          100       
99         TotalExcRef 1000      
100        0          100       
100        1          100       
100        2          100       
100        3          100       
100        4          100       
100        5          100       
100        6          100       
100        7          100       
100        8          100       
100        9          100       
100        TotalExcRef 1000      
101        0          100       
101        1          100       
101        2          100       
101        3          100       
101        4          100       
101        5          100       
101        6          100       
101        7          100       
101        8          100       
101        9          100       
101        TotalExcRef 1000      
102        0          100       
102        1          100       
102        2          100       
102        3          100       
102        4          100       
102        5          100       
102        6          100       
102        7          100       
102        8          100       
102        9          100       
102        TotalExcRef 1000      
103        0          100       
103        1          100       
103        2          100       
103        3          100       
103        4          100       
103        5          100       
103        6          100       
103        7          100       
103        8          100       
103        9          100       
103        TotalExcRef 1000      
104        0          100       
104        1          100       
104        2          100       
104        3          100       
104        4          100       
104        5          100       
104        6          100       
104        7          100       
104        8          100       
104        9          100       
104        TotalExcRef 1000      
105        0          100       
105        1          100       
105        2          100       
105        3          100       
105        4          100       
105        5          100       
105        6          100       
105        7          100       
105        8          100       
105        9          100       
105        TotalExcRef 1000      
106        0          100       
106        1          100       
106        2          100       
106        3          100       
106        4          100       
106        5          100       
106        6          100       
106        7          100       
106        8          100       
106        9          100       
106        TotalExcRef 1000      
107        0          100       
107        1          100       
107        2          100       
107        3          100       
107        4          100       
107        5          100       
107        6          100       
107        7          100       
107        8          100       
107        9          100       
107        TotalExcRef 1000      
108        0          100       
108        1          100       
108        2          100       
108        3          100       
108        4          100       
108        5          100       
108        6          100       
108        7          100       
108        8          100       
108        9          100       
108        TotalExcRef 1000      
110        0          100       
110        1          100       
110        2          100       
110        3          100       
110        4          100       
110        5          100       
110        6          100       
110        7          100       
110        8          100       
110        9          100       
110        TotalExcRef 1000      
111        0          100       
111        1          100       
111        2          100       
111        3          100       
111        4          100       
111        5          100       
111        6          100       
111        7          100       
111        8          100       
111        9          100       
111        TotalExcRef 1000      
112        0          100       
112        1          100       
112        2          100       
112        3          100       
112        4          100       
112        5          100       
112        6          100       
112        7          100       
112        8          100       
112        9          100       
112        TotalExcRef 1000      
113        0          100       
113        1          100       
113        2          100       
113        3          100       
113        4          100       
113        5          100       
113        6          100       
113        7          100       
113        8          100       
113        9          100       
113        TotalExcRef 1000      
114        0          100       
114        1          100       
114        2          100       
114        3          100       
114        4          100       
114        5          100       
114        6          100       
114        7          100       
114        8          100       
114        9          100       
114        TotalExcRef 1000      
115        0          100       
115        1          100       
115        2          100       
115        3          100       
115        4          100       
115        5          100       
115        6          100       
115        7          100       
115        8          100       
115        9          100       
115        TotalExcRef 1000      
116        0          100       
116        1          100       
116        2          100       
116        3          100       
116        4          100       
116        5          100       
116        6          100       
116        7          100       
116        8          100       
116        9          100       
116        TotalExcRef 1000      
117        0          100       
117        1          100       
117        2          100       
117        3          100       
117        4          100       
117        5          100       
117        6          100       
117        7          100       
117        8          100       
117        9          100       
117        TotalExcRef 1000      
118        0          100       
118        1          100       
118        2          100       
118        3          100       
118        4          100       
118        5          100       
118        6          100       
118        7          100       
118        8          100       
118        9          100       
118        TotalExcRef 1000      
119        0          100       
119        1          100       
119        2          100       
119        3          100       
119        4          100       
119        5          100       
119        6          100       
119        7          100       
119        8          100       
119        9          100       
119        TotalExcRef 1000      
120        0          100       
120        1          100       
120        2          100       
120        3          100       
120        4          100       
120        5          100       
120        6          100       
120        7          100       
120        8          100       
120        9          100       
120        TotalExcRef 1000      
122        0          0         
122        1          0         
122        2          0         
122        3          0         
122        4          0         
122        5          0         
122        6          0         
122        7          0         
122        8          0         
122        9          0         
122        TotalExcRef 0         
123        0          0         
123        1          0         
123        2          0         
123        3          0         
123        4          0         
123        5          0         
123        6          0         
123        7          0         
123        8          0         
123        9          0         
123        TotalExcRef 0         
124        0          0         
124        1          0         
124        2          0         
124        3          0         
124        4          0         
124        5          0         
124        6          0         
124        7          0         
124        8          0         
124        9          0         
124        TotalExcRef 0         
125        0          0         
125        1          0         
125        2          0         
125        3          0         
125        4          0         
125        5          0         
125        6          0         
125        7          0         
125        8          0         
125        9          0         
125        TotalExcRef 0         
127        0          0         
127        1          0         
127        2          0         
127        3          0         
127        4          0         
127        5          0         
127        6          0         
127        7          0         
127        8          0         
127        9          0         
127        TotalExcRef 0         
128        0          0         
128        1          0         
128        2          0         
128        3          0         
128        4          0         
128        5          0         
128        6          0         
128        7          0         
128        8          0         
128        9          0         
128        TotalExcRef 0         
129        0          0         
129        1          0         
129        2          0         
129        3          0         
129        4          0         
129        5          0         
129        6          0         
129        7          0         
129        8          0         
129        9          0         
129        TotalExcRef 0         
131        0          0         
131        1          0         
131        2          0         
131        3          0         
131        4          0         
131        5          0         
131        6          0         
131        7          0         
131        8          0         
131        9          0         
131        TotalExcRef 0         
132        0          0         
132        1          0         
132        2          0         
132        3          0         
132        4          0         
132        5          0         
132        6          0         
132        7          0         
132        8          0         
132        9          0         
132        TotalExcRef 0         
133        0          0         
133        1          0         
133        2          0         
133        3          0         
133        4          0         
133        5          0         
133        6          0         
133        7          0         
133        8          0         
133        9          0         
133        TotalExcRef 0         
134        0          0         
134        1          0         
134        2          0         
134        3          0         
134        4          0         
134        5          0         
134        6          0         
134        7          0         
134        8          0         
134        9          0         
134        TotalExcRef 0         
135        0          0         
135        1          0         
135        2          0         
135        3          0         
135        4          0         
135        5          0         
135        6          0         
135        7          0         
135        8          0         
135        9          0         
135        TotalExcRef 0         
136        0          0         
136        1          0         
136        2          0         
136        3          0         
136        4          0         
136        5          0         
136        6          0         
136        7          0         
136        8          0         
136        9          0         
136        TotalExcRef 0         
137        0          0         
137        1          0         
137        2          0         
137        3          0         
137        4          0         
137        5          0         
137        6          0         
137        7          0         
137        8          0         
137        9          0         
137        TotalExcRef 0         
138        0          0         
138        1          0         
138        2          0         
138        3          0         
138        4          0         
138        5          0         
138        6          0         
138        7          0         
138        8          0         
138        9          0         
138        TotalExcRef 0         
139        0          0         
139        1          0         
139        2          0         
139        3          0         
139        4          0         
139        5          0         
139        6          0         
139        7          0         
139        8          0         
139        9          0         
139        TotalExcRef 0         
140        0          0         
140        1          0         
140        2          0         
140        3          0         
140        4          0         
140        5          0         
140        6          0         
140        7          0         
140        8          0         
140        9          0         
140        TotalExcRef 0         
141        0          0         
141        1          0         
141        2          0         
141        3          0         
141        4          0         
141        5          0         
141        6          0         
141        7          0         
141        8          0         
141        9          0         
141        TotalExcRef 0         
142        0          0         
142        1          0         
142        2          0         
142        3          0         
142        4          0         
142        5          0         
142        6          0         
142        7          0         
142        8          0         
142        9          0         
142        TotalExcRef 0         
144        0          0         
144        1          0         
144        2          0         
144        3          0         
144        4          0         
144        5          0         
144        6          0         
144        7          0         
144        8          0         
144        9          0         
144        TotalExcRef 0         
145        0          0         
145        1          0         
145        2          0         
145        3          0         
145        4          0         
145        5          0         
145        6          0         
145        7          0         
145        8          0         
145        9          0         
145        TotalExcRef 0         
151        0          0         
151        1          0         
151        2          0         
151        3          0         
151        4          0         
151        5          0         
151        6          0         
151        7          0         
151        8          0         
151        9          0         
151        TotalExcRef 0         
152        0          0         
152        1          0         
152        2          0         
152        3          0         
152        4          0         
152        5          0         
152        6          0         
152        7          0         
152        8          0         
152        9          0         
152        TotalExcRef 0         
154        0          0         
154        1          0         
154        2          0         
154        3          0         
154        4          0         
154        5          0         
154        6          0         
154        7          0         
154        8          0         
154        9          0         
154        TotalExcRef 0         
155        0          0         
155        1          0         
155        2          0         
155        3          0         
155        4          0         
155        5          0         
155        6          0         
155        7          0         
155        8          0         
155        9          0         
155        TotalExcRef 0         
156        0          0         
156        1          0         
156        2          0         
156        3          0         
156        4          0         
156        5          0         
156        6          0         
156        7          0         
156        8          0         
156        9          0         
156        TotalExcRef 0         
158        0          0         
158        1          0         
158        2          0         
158        3          0         
158        4          0         
158        5          0         
158        6          0         
158        7          0         
158        8          0         
158        9          0         
158        TotalExcRef 0         
159        0          0         
159        1          0         
159        2          0         
159        3          0         
159        4          0         
159        5          0         
159        6          0         
159        7          0         
159        8          0         
159        9          0         
159        TotalExcRef 0         
160        0          0         
160        1          0         
160        2          0         
160        3          0         
160        4          0         
160        5          0         
160        6          0         
160        7          0         
160        8          0         
160        9          0         
160        TotalExcRef 0         
162        0          0         
162        1          0         
162        2          0         
162        3          0         
162        4          0         
162        5          0         
162        6          0         
162        7          0         
162        8          0         
162        9          0         
162        TotalExcRef 0         
163        0          0         
163        1          0         
163        2          0         
163        3          0         
163        4          0         
163        5          0         
163        6          0         
163        7          0         
163        8          0         
163        9          0         
163        TotalExcRef 0         
164        0          0         
164        1          0         
164        2          0         
164        3          0         
164        4          0         
164        5          0         
164        6          0         
164        7          0         
164        8          0         
164        9          0         
164        TotalExcRef 0         
165        0          0         
165        1          0         
165        2          0         
165        3          0         
165        4          0         
165        5          0         
165        6          0         
165        7          0         
165        8          0         
165        9          0         
165        TotalExcRef 0         
166        0          0         
166        1          0         
166        2          0         
166        3          0         
166        4          0         
166        5          0         
166        6          0         
166        7          0         
166        8          0         
166        9          0         
166        TotalExcRef 0         
Total execution ref: 50830
