aggregate data per location for Perturbator = 1
Exploration Plus One
PONE : plus one perturbator
10 datasets
Picked up in the directory resources/classifier
133 perturbations points
IndexLoc   #Success   #Failure   #Exception #CallAllExecs      AvgCallPerExec     #Perturbations AvgPerturbationPerExec   #Execs     #ExecsRef  AvgCallRefPerTask #Tasks     %Success                   
0          0          0          0          0                  NaN                0              NaN                      0          0          0.0               10         NaN                        
1          0          0          0          0                  NaN                0              NaN                      0          0          0.0               10         NaN                        
5          0          0          0          0                  NaN                0              NaN                      0          0          0.0               10         NaN                        
6          0          0          0          0                  NaN                0              NaN                      0          0          0.0               10         NaN                        
7          1000       0          0          100000             100,00             1000           1,00                     1000       1000       100.0             10         -------------------- 100,00
8          1000       0          0          100000             100,00             1000           1,00                     1000       1000       100.0             10         -------------------- 100,00
9          1000       0          0          100000             100,00             1000           1,00                     1000       1000       100.0             10         -------------------- 100,00
10         1000       0          0          100000             100,00             1000           1,00                     1000       1000       100.0             10         -------------------- 100,00
11         1000       0          0          100000             100,00             1000           1,00                     1000       1000       100.0             10         -------------------- 100,00
12         1000       0          0          100000             100,00             1000           1,00                     1000       1000       100.0             10         -------------------- 100,00
13         1000       0          0          100000             100,00             1000           1,00                     1000       1000       100.0             10         -------------------- 100,00
14         1000       0          0          100000             100,00             1000           1,00                     1000       1000       100.0             10         -------------------- 100,00
15         1000       0          0          100000             100,00             1000           1,00                     1000       1000       100.0             10         -------------------- 100,00
16         1000       0          0          100000             100,00             1000           1,00                     1000       1000       100.0             10         -------------------- 100,00
17         1000       0          0          100000             100,00             1000           1,00                     1000       1000       100.0             10         -------------------- 100,00
18         1000       0          0          100000             100,00             1000           1,00                     1000       1000       100.0             10         -------------------- 100,00
19         1000       0          0          100000             100,00             1000           1,00                     1000       1000       100.0             10         -------------------- 100,00
20         1000       0          0          100000             100,00             1000           1,00                     1000       1000       100.0             10         -------------------- 100,00
21         1000       0          0          100000             100,00             1000           1,00                     1000       1000       100.0             10         -------------------- 100,00
22         1000       0          0          100000             100,00             1000           1,00                     1000       1000       100.0             10         -------------------- 100,00
23         1000       0          0          100000             100,00             1000           1,00                     1000       1000       100.0             10         -------------------- 100,00
24         1000       0          0          100000             100,00             1000           1,00                     1000       1000       100.0             10         -------------------- 100,00
25         1000       0          0          100000             100,00             1000           1,00                     1000       1000       100.0             10         -------------------- 100,00
26         1000       0          0          100000             100,00             1000           1,00                     1000       1000       100.0             10         -------------------- 100,00
27         1000       0          0          100000             100,00             1000           1,00                     1000       1000       100.0             10         -------------------- 100,00
28         1000       0          0          100000             100,00             1000           1,00                     1000       1000       100.0             10         -------------------- 100,00
29         1000       0          0          100000             100,00             1000           1,00                     1000       1000       100.0             10         -------------------- 100,00
30         1000       0          0          100000             100,00             1000           1,00                     1000       1000       100.0             10         -------------------- 100,00
31         1000       0          0          100000             100,00             1000           1,00                     1000       1000       100.0             10         -------------------- 100,00
34         0          10         0          10                 1,00               10             1,00                     10         10         1.0               10          0,00                      
35         0          10         0          10                 1,00               10             1,00                     10         10         1.0               10          0,00                      
36         0          10         0          10                 1,00               10             1,00                     10         10         1.0               10          0,00                      
37         0          0          10         10                 1,00               10             1,00                     10         10         1.0               10          0,00                      
38         0          0          10         10                 1,00               10             1,00                     10         10         1.0               10          0,00                      
39         0          0          10         10                 1,00               10             1,00                     10         10         1.0               10          0,00                      
40         0          0          10         10                 1,00               10             1,00                     10         10         1.0               10          0,00                      
41         0          0          10         10                 1,00               10             1,00                     10         10         1.0               10          0,00                      
42         0          0          10         10                 1,00               10             1,00                     10         10         1.0               10          0,00                      
43         0          0          10         10                 1,00               10             1,00                     10         10         1.0               10          0,00                      
44         0          0          10         10                 1,00               10             1,00                     10         10         1.0               10          0,00                      
45         0          0          10         10                 1,00               10             1,00                     10         10         1.0               10          0,00                      
46         0          0          10         10                 1,00               10             1,00                     10         10         1.0               10          0,00                      
47         0          0          10         10                 1,00               10             1,00                     10         10         1.0               10          0,00                      
48         0          0          10         10                 1,00               10             1,00                     10         10         1.0               10          0,00                      
49         0          0          10         10                 1,00               10             1,00                     10         10         1.0               10          0,00                      
50         0          0          10         10                 1,00               10             1,00                     10         10         1.0               10          0,00                      
51         0          0          10         10                 1,00               10             1,00                     10         10         1.0               10          0,00                      
57         0          0          0          0                  NaN                0              NaN                      0          0          0.0               10         NaN                        
58         0          0          0          0                  NaN                0              NaN                      0          0          0.0               10         NaN                        
60         0          0          0          0                  NaN                0              NaN                      0          0          0.0               10         NaN                        
61         10         0          0          10                 1,00               10             1,00                     10         10         1.0               10         -------------------- 100,00
62         10         0          0          10                 1,00               10             1,00                     10         10         1.0               10         -------------------- 100,00
63         10         0          0          10                 1,00               10             1,00                     10         10         1.0               10         -------------------- 100,00
64         0          0          10         10                 1,00               10             1,00                     10         10         1.0               10          0,00                      
65         0          0          10         10                 1,00               10             1,00                     10         10         1.0               10          0,00                      
66         0          0          10         10                 1,00               10             1,00                     10         10         1.0               10          0,00                      
67         0          0          10         10                 1,00               10             1,00                     10         10         1.0               10          0,00                      
68         0          0          10         10                 1,00               10             1,00                     10         10         1.0               10          0,00                      
69         0          0          10         10                 1,00               10             1,00                     10         10         1.0               10          0,00                      
70         0          0          10         10                 1,00               10             1,00                     10         10         1.0               10          0,00                      
71         0          0          10         10                 1,00               10             1,00                     10         10         1.0               10          0,00                      
72         10         0          0          10                 1,00               10             1,00                     10         10         1.0               10         -------------------- 100,00
73         0          0          10         10                 1,00               10             1,00                     10         10         1.0               10          0,00                      
74         0          0          10         10                 1,00               10             1,00                     10         10         1.0               10          0,00                      
75         0          0          10         10                 1,00               10             1,00                     10         10         1.0               10          0,00                      
78         0          0          0          0                  NaN                0              NaN                      0          0          0.0               10         NaN                        
79         0          0          0          0                  NaN                0              NaN                      0          0          0.0               10         NaN                        
80         0          0          0          0                  NaN                0              NaN                      0          0          0.0               10         NaN                        
81         0          0          0          0                  NaN                0              NaN                      0          0          0.0               10         NaN                        
82         0          0          0          0                  NaN                0              NaN                      0          0          0.0               10         NaN                        
86         0          0          0          0                  NaN                0              NaN                      0          0          0.0               10         NaN                        
90         15         85         0          1000               10,00              100            1,00                     100        100        10.0              10         --- 15,00                  
92         7          93         0          1000               10,00              100            1,00                     100        100        10.0              10         -- 7,00                    
93         54         46         0          1000               10,00              100            1,00                     100        100        10.0              10         ----------- 54,00          
94         1057       43         0          120900             109,91             1100           1,00                     1100       1100       110.0             10         -------------------- 96,09 
95         1100       0          0          121000             110,00             1100           1,00                     1100       1100       110.0             10         -------------------- 100,00
97         1000       0          0          100000             100,00             1000           1,00                     1000       1000       100.0             10         -------------------- 100,00
98         222        778        0          95500              95,50              1000           1,00                     1000       1000       100.0             10         ----- 22,20                
99         222        778        0          95500              95,50              1000           1,00                     1000       1000       100.0             10         ----- 22,20                
100        222        778        0          95500              95,50              1000           1,00                     1000       1000       100.0             10         ----- 22,20                
101        0          1000       0          100000             100,00             1000           1,00                     1000       1000       100.0             10          0,00                      
102        0          1000       0          100000             100,00             1000           1,00                     1000       1000       100.0             10          0,00                      
103        1000       0          0          100000             100,00             1000           1,00                     1000       1000       100.0             10         -------------------- 100,00
104        1000       0          0          100000             100,00             1000           1,00                     1000       1000       100.0             10         -------------------- 100,00
105        1000       0          0          100000             100,00             1000           1,00                     1000       1000       100.0             10         -------------------- 100,00
106        222        778        0          95500              95,50              1000           1,00                     1000       1000       100.0             10         ----- 22,20                
107        222        778        0          95500              95,50              1000           1,00                     1000       1000       100.0             10         ----- 22,20                
108        222        778        0          95500              95,50              1000           1,00                     1000       1000       100.0             10         ----- 22,20                
110        893        107        0          100000             100,00             1000           1,00                     1000       1000       100.0             10         ------------------ 89,30   
111        791        209        0          100000             100,00             1000           1,00                     1000       1000       100.0             10         ---------------- 79,10     
112        637        363        0          100000             100,00             1000           1,00                     1000       1000       100.0             10         ------------- 63,70        
113        462        538        0          100000             100,00             1000           1,00                     1000       1000       100.0             10         ---------- 46,20           
114        1000       0          0          100000             100,00             1000           1,00                     1000       1000       100.0             10         -------------------- 100,00
115        1000       0          0          100000             100,00             1000           1,00                     1000       1000       100.0             10         -------------------- 100,00
116        1000       0          0          100000             100,00             1000           1,00                     1000       1000       100.0             10         -------------------- 100,00
117        1000       0          0          100000             100,00             1000           1,00                     1000       1000       100.0             10         -------------------- 100,00
118        222        778        0          95500              95,50              1000           1,00                     1000       1000       100.0             10         ----- 22,20                
119        222        778        0          95500              95,50              1000           1,00                     1000       1000       100.0             10         ----- 22,20                
120        222        778        0          95500              95,50              1000           1,00                     1000       1000       100.0             10         ----- 22,20                
122        0          0          0          0                  NaN                0              NaN                      0          0          0.0               10         NaN                        
123        0          0          0          0                  NaN                0              NaN                      0          0          0.0               10         NaN                        
124        0          0          0          0                  NaN                0              NaN                      0          0          0.0               10         NaN                        
125        0          0          0          0                  NaN                0              NaN                      0          0          0.0               10         NaN                        
127        0          0          0          0                  NaN                0              NaN                      0          0          0.0               10         NaN                        
128        0          0          0          0                  NaN                0              NaN                      0          0          0.0               10         NaN                        
129        0          0          0          0                  NaN                0              NaN                      0          0          0.0               10         NaN                        
131        0          0          0          0                  NaN                0              NaN                      0          0          0.0               10         NaN                        
132        0          0          0          0                  NaN                0              NaN                      0          0          0.0               10         NaN                        
133        0          0          0          0                  NaN                0              NaN                      0          0          0.0               10         NaN                        
134        0          0          0          0                  NaN                0              NaN                      0          0          0.0               10         NaN                        
135        0          0          0          0                  NaN                0              NaN                      0          0          0.0               10         NaN                        
136        0          0          0          0                  NaN                0              NaN                      0          0          0.0               10         NaN                        
137        0          0          0          0                  NaN                0              NaN                      0          0          0.0               10         NaN                        
138        0          0          0          0                  NaN                0              NaN                      0          0          0.0               10         NaN                        
139        0          0          0          0                  NaN                0              NaN                      0          0          0.0               10         NaN                        
140        0          0          0          0                  NaN                0              NaN                      0          0          0.0               10         NaN                        
141        0          0          0          0                  NaN                0              NaN                      0          0          0.0               10         NaN                        
142        0          0          0          0                  NaN                0              NaN                      0          0          0.0               10         NaN                        
144        0          0          0          0                  NaN                0              NaN                      0          0          0.0               10         NaN                        
145        0          0          0          0                  NaN                0              NaN                      0          0          0.0               10         NaN                        
151        0          0          0          0                  NaN                0              NaN                      0          0          0.0               10         NaN                        
152        0          0          0          0                  NaN                0              NaN                      0          0          0.0               10         NaN                        
154        0          0          0          0                  NaN                0              NaN                      0          0          0.0               10         NaN                        
155        0          0          0          0                  NaN                0              NaN                      0          0          0.0               10         NaN                        
156        0          0          0          0                  NaN                0              NaN                      0          0          0.0               10         NaN                        
158        0          0          0          0                  NaN                0              NaN                      0          0          0.0               10         NaN                        
159        0          0          0          0                  NaN                0              NaN                      0          0          0.0               10         NaN                        
160        0          0          0          0                  NaN                0              NaN                      0          0          0.0               10         NaN                        
162        0          0          0          0                  NaN                0              NaN                      0          0          0.0               10         NaN                        
163        0          0          0          0                  NaN                0              NaN                      0          0          0.0               10         NaN                        
164        0          0          0          0                  NaN                0              NaN                      0          0          0.0               10         NaN                        
165        0          0          0          0                  NaN                0              NaN                      0          0          0.0               10         NaN                        
166        0          0          0          0                  NaN                0              NaN                      0          0          0.0               10         NaN                        
