aggregate data per location for random rate = 0.5 and with Perturbator = 1
Exploration Plus One
130 perturbation point
PONE : plus one perturbator
7 datasets
Picked up in the data set provided by Weka.
IndexLoc   #Success   #Failure   #Exception #CallAllExecs      AvgCallPerExec     #Perturbations AvgPerturbationPerExec   #Execs     #Tasks     %Success                   
0          35         0          0          0                  0,00               0              0,00                     35         7          NaN                        
4          35         0          0          0                  0,00               0              0,00                     35         7          NaN                        
5          35         0          0          0                  0,00               0              0,00                     35         7          NaN                        
6          35         0          0          3500               100,00             1733           49,51                    35         7          -------------------- 100,00
7          35         0          0          3500               100,00             1733           49,51                    35         7          -------------------- 100,00
8          35         0          0          3500               100,00             1733           49,51                    35         7          -------------------- 100,00
9          35         0          0          3500               100,00             1733           49,51                    35         7          -------------------- 100,00
10         35         0          0          3500               100,00             1733           49,51                    35         7          -------------------- 100,00
11         35         0          0          3500               100,00             1733           49,51                    35         7          -------------------- 100,00
12         35         0          0          3500               100,00             1733           49,51                    35         7          -------------------- 100,00
13         35         0          0          3500               100,00             1733           49,51                    35         7          -------------------- 100,00
14         35         0          0          3500               100,00             1733           49,51                    35         7          -------------------- 100,00
15         35         0          0          3500               100,00             1733           49,51                    35         7          -------------------- 100,00
16         35         0          0          3500               100,00             1733           49,51                    35         7          -------------------- 100,00
17         35         0          0          3500               100,00             1733           49,51                    35         7          -------------------- 100,00
18         35         0          0          3500               100,00             1733           49,51                    35         7          -------------------- 100,00
19         35         0          0          3500               100,00             1733           49,51                    35         7          -------------------- 100,00
20         35         0          0          3500               100,00             1733           49,51                    35         7          -------------------- 100,00
21         35         0          0          3500               100,00             1733           49,51                    35         7          -------------------- 100,00
22         35         0          0          3500               100,00             1733           49,51                    35         7          -------------------- 100,00
23         35         0          0          3500               100,00             1733           49,51                    35         7          -------------------- 100,00
24         35         0          0          3500               100,00             1733           49,51                    35         7          -------------------- 100,00
25         35         0          0          3500               100,00             1733           49,51                    35         7          -------------------- 100,00
26         35         0          0          3500               100,00             1733           49,51                    35         7          -------------------- 100,00
27         35         0          0          3500               100,00             1733           49,51                    35         7          -------------------- 100,00
28         35         0          0          3500               100,00             1733           49,51                    35         7          -------------------- 100,00
29         35         0          0          3500               100,00             1733           49,51                    35         7          -------------------- 100,00
30         35         0          0          3500               100,00             1733           49,51                    35         7          -------------------- 100,00
33         21         14         0          35                 1,00               14             0,40                     35         7          ------------ 60,00         
34         21         14         0          35                 1,00               14             0,40                     35         7          ------------ 60,00         
35         21         14         0          35                 1,00               14             0,40                     35         7          ------------ 60,00         
36         21         0          14         35                 1,00               14             0,40                     35         7          ------------ 60,00         
37         21         0          14         35                 1,00               14             0,40                     35         7          ------------ 60,00         
38         21         0          14         35                 1,00               14             0,40                     35         7          ------------ 60,00         
39         21         0          14         35                 1,00               14             0,40                     35         7          ------------ 60,00         
40         21         0          14         35                 1,00               14             0,40                     35         7          ------------ 60,00         
41         21         0          14         35                 1,00               14             0,40                     35         7          ------------ 60,00         
42         21         0          14         35                 1,00               14             0,40                     35         7          ------------ 60,00         
43         21         0          14         35                 1,00               14             0,40                     35         7          ------------ 60,00         
44         21         0          14         35                 1,00               14             0,40                     35         7          ------------ 60,00         
45         21         0          14         35                 1,00               14             0,40                     35         7          ------------ 60,00         
46         21         0          14         35                 1,00               14             0,40                     35         7          ------------ 60,00         
47         21         0          14         35                 1,00               14             0,40                     35         7          ------------ 60,00         
48         21         0          14         35                 1,00               14             0,40                     35         7          ------------ 60,00         
49         21         0          14         35                 1,00               14             0,40                     35         7          ------------ 60,00         
50         21         0          14         35                 1,00               14             0,40                     35         7          ------------ 60,00         
56         35         0          0          0                  0,00               0              0,00                     35         7          NaN                        
57         35         0          0          0                  0,00               0              0,00                     35         7          NaN                        
59         35         0          0          0                  0,00               0              0,00                     35         7          NaN                        
60         35         0          0          35                 1,00               14             0,40                     35         7          -------------------- 100,00
61         35         0          0          35                 1,00               14             0,40                     35         7          -------------------- 100,00
62         35         0          0          35                 1,00               14             0,40                     35         7          -------------------- 100,00
63         21         0          14         35                 1,00               14             0,40                     35         7          ------------ 60,00         
64         21         0          14         35                 1,00               14             0,40                     35         7          ------------ 60,00         
65         21         0          14         35                 1,00               14             0,40                     35         7          ------------ 60,00         
66         21         0          14         35                 1,00               14             0,40                     35         7          ------------ 60,00         
67         21         0          14         35                 1,00               14             0,40                     35         7          ------------ 60,00         
68         21         0          14         35                 1,00               14             0,40                     35         7          ------------ 60,00         
69         21         0          14         35                 1,00               14             0,40                     35         7          ------------ 60,00         
70         21         0          14         35                 1,00               14             0,40                     35         7          ------------ 60,00         
71         35         0          0          35                 1,00               14             0,40                     35         7          -------------------- 100,00
72         21         0          14         35                 1,00               14             0,40                     35         7          ------------ 60,00         
73         21         0          14         35                 1,00               14             0,40                     35         7          ------------ 60,00         
74         21         0          14         35                 1,00               14             0,40                     35         7          ------------ 60,00         
77         35         0          0          0                  0,00               0              0,00                     35         7          NaN                        
78         35         0          0          0                  0,00               0              0,00                     35         7          NaN                        
79         35         0          0          0                  0,00               0              0,00                     35         7          NaN                        
80         35         0          0          0                  0,00               0              0,00                     35         7          NaN                        
81         35         0          0          0                  0,00               0              0,00                     35         7          NaN                        
85         35         0          0          0                  0,00               0              0,00                     35         7          NaN                        
89         0          35         0          350                10,00              176            5,03                     35         7           0,00                      
91         0          35         0          350                10,00              176            5,03                     35         7           0,00                      
92         4          31         0          350                10,00              176            5,03                     35         7          --- 11,43                  
93         4          31         0          3680               105,14             1822           52,06                    35         7          --- 11,43                  
94         35         0          0          3850               110,00             1912           54,63                    35         7          -------------------- 100,00
96         0          35         0          654                18,69              350            10,00                    35         7           0,00                      
97         0          35         0          654                18,69              350            10,00                    35         7           0,00                      
98         0          35         0          654                18,69              350            10,00                    35         7           0,00                      
99         0          35         0          3500               100,00             1733           49,51                    35         7           0,00                      
100        0          35         0          3500               100,00             1733           49,51                    35         7           0,00                      
101        35         0          0          3500               100,00             1733           49,51                    35         7          -------------------- 100,00
102        35         0          0          3500               100,00             1733           49,51                    35         7          -------------------- 100,00
103        35         0          0          3500               100,00             1733           49,51                    35         7          -------------------- 100,00
104        0          35         0          654                18,69              350            10,00                    35         7           0,00                      
105        0          35         0          654                18,69              350            10,00                    35         7           0,00                      
106        0          35         0          654                18,69              350            10,00                    35         7           0,00                      
108        3          32         0          3500               100,00             1733           49,51                    35         7          -- 8,57                    
109        0          35         0          3500               100,00             1733           49,51                    35         7           0,00                      
110        0          35         0          3500               100,00             1733           49,51                    35         7           0,00                      
111        1          34         0          3500               100,00             1733           49,51                    35         7          - 2,86                     
112        35         0          0          3500               100,00             1733           49,51                    35         7          -------------------- 100,00
113        35         0          0          3500               100,00             1733           49,51                    35         7          -------------------- 100,00
114        35         0          0          3500               100,00             1733           49,51                    35         7          -------------------- 100,00
115        35         0          0          3500               100,00             1733           49,51                    35         7          -------------------- 100,00
116        0          35         0          654                18,69              350            10,00                    35         7           0,00                      
117        0          35         0          654                18,69              350            10,00                    35         7           0,00                      
118        0          35         0          654                18,69              350            10,00                    35         7           0,00                      
120        35         0          0          0                  0,00               0              0,00                     35         7          NaN                        
121        35         0          0          0                  0,00               0              0,00                     35         7          NaN                        
122        35         0          0          0                  0,00               0              0,00                     35         7          NaN                        
123        35         0          0          0                  0,00               0              0,00                     35         7          NaN                        
125        35         0          0          0                  0,00               0              0,00                     35         7          NaN                        
126        35         0          0          0                  0,00               0              0,00                     35         7          NaN                        
127        35         0          0          0                  0,00               0              0,00                     35         7          NaN                        
129        35         0          0          0                  0,00               0              0,00                     35         7          NaN                        
130        35         0          0          0                  0,00               0              0,00                     35         7          NaN                        
131        35         0          0          0                  0,00               0              0,00                     35         7          NaN                        
132        35         0          0          0                  0,00               0              0,00                     35         7          NaN                        
133        35         0          0          0                  0,00               0              0,00                     35         7          NaN                        
134        35         0          0          0                  0,00               0              0,00                     35         7          NaN                        
135        35         0          0          0                  0,00               0              0,00                     35         7          NaN                        
136        35         0          0          0                  0,00               0              0,00                     35         7          NaN                        
137        35         0          0          0                  0,00               0              0,00                     35         7          NaN                        
138        35         0          0          0                  0,00               0              0,00                     35         7          NaN                        
139        35         0          0          0                  0,00               0              0,00                     35         7          NaN                        
141        35         0          0          0                  0,00               0              0,00                     35         7          NaN                        
142        35         0          0          0                  0,00               0              0,00                     35         7          NaN                        
148        35         0          0          0                  0,00               0              0,00                     35         7          NaN                        
149        35         0          0          0                  0,00               0              0,00                     35         7          NaN                        
151        35         0          0          0                  0,00               0              0,00                     35         7          NaN                        
152        35         0          0          0                  0,00               0              0,00                     35         7          NaN                        
153        35         0          0          0                  0,00               0              0,00                     35         7          NaN                        
155        35         0          0          0                  0,00               0              0,00                     35         7          NaN                        
156        35         0          0          0                  0,00               0              0,00                     35         7          NaN                        
157        35         0          0          0                  0,00               0              0,00                     35         7          NaN                        
159        35         0          0          0                  0,00               0              0,00                     35         7          NaN                        
160        35         0          0          0                  0,00               0              0,00                     35         7          NaN                        
161        35         0          0          0                  0,00               0              0,00                     35         7          NaN                        
162        35         0          0          0                  0,00               0              0,00                     35         7          NaN                        
163        35         0          0          0                  0,00               0              0,00                     35         7          NaN                        
