contains the data for the random rates analysis graph with Perturbator as perturbator.
Exploration Boolean Negation
NEGB : negation of boolean value.
random rate : 0.001 0.005 0.01 0.05 0.1 0.15 0.2 0.25 0.3 
5 repetition
20 string of 100 char
Random char generated with 23 as seed
10 perturbation points
RandomRate Perturbator IndexLoc   #Success   #Failure   #Exception #Call      #Perturbation  %Success                   
0.0        None        22         20         0          0          180        0              -------------------- 100,00
0.001      NEGB        22         100        0          0          900        0              NaN                        
0.005      NEGB        22         100        0          0          894        2              -------------------- 100,00
0.01       NEGB        22         98         1          1          885        4              -------------------- 98,00 
0.05       NEGB        22         87         8          5          749        36             ------------------ 87,00   
0.1        NEGB        22         81         15         4          580        64             ----------------- 81,00    
0.15       NEGB        22         69         30         1          465        76             -------------- 69,00       
0.2        NEGB        22         62         36         2          401        88             ------------- 62,00        
0.25       NEGB        22         49         49         2          347        91             ---------- 49,00           
0.3        NEGB        22         44         55         1          315        93             --------- 44,00            
0.0        None        38         20         0          0          80         0              -------------------- 100,00
0.001      NEGB        38         100        0          0          400        0              NaN                        
0.005      NEGB        38         99         0          1          400        1              -------------------- 99,00 
0.01       NEGB        38         98         1          1          397        2              -------------------- 98,00 
0.05       NEGB        38         83         13         4          369        17             ----------------- 83,00    
0.1        NEGB        38         60         30         10         330        40             ------------ 60,00         
0.15       NEGB        38         46         38         16         325        54             ---------- 46,00           
0.2        NEGB        38         35         48         17         299        65             ------- 35,00              
0.25       NEGB        38         30         55         15         279        70             ------ 30,00               
0.3        NEGB        38         23         62         15         258        77             ----- 23,00                
0.0        None        45         20         0          0          3900       0              -------------------- 100,00
0.001      NEGB        45         85         15         0          18868      18             ----------------- 85,00    
0.005      NEGB        45         40         58         2          16754      80             -------- 40,00             
0.01       NEGB        45         16         83         1          14323      145            ---- 16,00                 
0.05       NEGB        45         0          99         1          6120       289             0,00                      
0.1        NEGB        45         0          100        0          2924       300             0,00                      
0.15       NEGB        45         0          100        0          1932       300             0,00                      
0.2        NEGB        45         0          100        0          1427       300             0,00                      
0.25       NEGB        45         0          100        0          1184       300             0,00                      
0.3        NEGB        45         0          100        0          954        300             0,00                      
0.0        None        51         20         0          0          3840       0              -------------------- 100,00
0.001      NEGB        51         82         0          18         17172      18             ----------------- 82,00    
0.005      NEGB        51         40         0          60         12953      60             -------- 40,00             
0.01       NEGB        51         14         0          86         8272       86             --- 14,00                  
0.05       NEGB        51         0          0          100        2175       100             0,00                      
0.1        NEGB        51         0          0          100        859        100             0,00                      
0.15       NEGB        51         0          0          100        614        100             0,00                      
0.2        NEGB        51         0          0          100        437        100             0,00                      
0.25       NEGB        51         0          0          100        390        100             0,00                      
0.3        NEGB        51         0          0          100        330        100             0,00                      
0.0        None        75         20         0          0          3900       0              -------------------- 100,00
0.001      NEGB        75         85         15         0          18868      18             ----------------- 85,00    
0.005      NEGB        75         40         58         2          16754      80             -------- 40,00             
0.01       NEGB        75         16         83         1          14323      145            ---- 16,00                 
0.05       NEGB        75         0          99         1          6120       289             0,00                      
0.1        NEGB        75         0          100        0          2924       300             0,00                      
0.15       NEGB        75         0          100        0          1932       300             0,00                      
0.2        NEGB        75         0          100        0          1427       300             0,00                      
0.25       NEGB        75         0          100        0          1184       300             0,00                      
0.3        NEGB        75         0          100        0          954        300             0,00                      
0.0        None        151        20         0          0          100        0              -------------------- 100,00
0.001      NEGB        151        100        0          0          500        0              NaN                        
0.005      NEGB        151        99         0          1          500        1              -------------------- 99,00 
0.01       NEGB        151        98         1          1          499        2              -------------------- 98,00 
0.05       NEGB        151        79         16         5          464        21             ---------------- 79,00     
0.1        NEGB        151        54         34         12         409        46             ----------- 54,00          
0.15       NEGB        151        40         55         5          363        60             -------- 40,00             
0.2        NEGB        151        28         64         8          328        72             ------ 28,00               
0.25       NEGB        151        21         72         7          299        79             ----- 21,00                
0.3        NEGB        151        18         75         7          287        82             ---- 18,00                 
0.0        None        154        20         0          0          80         0              -------------------- 100,00
0.001      NEGB        154        100        0          0          400        0              NaN                        
0.005      NEGB        154        99         1          0          400        1              -------------------- 99,00 
0.01       NEGB        154        98         2          0          400        2              -------------------- 98,00 
0.05       NEGB        154        84         16         0          400        18             ----------------- 84,00    
0.1        NEGB        154        61         39         0          400        45             ------------- 61,00        
0.15       NEGB        154        49         51         0          400        62             ---------- 49,00           
0.2        NEGB        154        36         64         0          400        87             -------- 36,00             
0.25       NEGB        154        30         70         0          400        103            ------ 30,00               
0.3        NEGB        154        24         76         0          400        121            ----- 24,00                
0.0        None        158        20         0          0          60         0              -------------------- 100,00
0.001      NEGB        158        100        0          0          300        0              NaN                        
0.005      NEGB        158        99         1          0          300        1              -------------------- 99,00 
0.01       NEGB        158        98         2          0          300        2              -------------------- 98,00 
0.05       NEGB        158        85         15         0          300        15             ----------------- 85,00    
0.1        NEGB        158        67         33         0          300        37             -------------- 67,00       
0.15       NEGB        158        57         43         0          300        51             ------------ 57,00         
0.2        NEGB        158        47         53         0          300        65             ---------- 47,00           
0.25       NEGB        158        40         60         0          300        79             -------- 40,00             
0.3        NEGB        158        35         65         0          300        89             ------- 35,00              
0.0        None        162        20         0          0          40         0              -------------------- 100,00
0.001      NEGB        162        100        0          0          200        0              NaN                        
0.005      NEGB        162        99         1          0          200        1              -------------------- 99,00 
0.01       NEGB        162        99         1          0          200        1              -------------------- 99,00 
0.05       NEGB        162        90         10         0          200        10             ------------------ 90,00   
0.1        NEGB        162        77         23         0          200        24             ---------------- 77,00     
0.15       NEGB        162        67         33         0          200        35             -------------- 67,00       
0.2        NEGB        162        61         39         0          200        41             ------------- 61,00        
0.25       NEGB        162        53         47         0          200        50             ----------- 53,00          
0.3        NEGB        162        48         52         0          200        57             ---------- 48,00           
0.0        None        171        20         0          0          400        0              -------------------- 100,00
0.001      NEGB        171        99         1          0          1999       1              -------------------- 99,00 
0.005      NEGB        171        91         6          3          1983       9              ------------------- 91,00  
0.01       NEGB        171        82         16         2          1958       19             ----------------- 82,00    
0.05       NEGB        171        42         50         8          1838       83             --------- 42,00            
0.1        NEGB        171        12         84         4          1659       168            --- 12,00                  
0.15       NEGB        171        5          92         3          1490       234            - 5,00                     
0.2        NEGB        171        1          94         5          1360       287            - 1,00                     
0.25       NEGB        171        0          99         1          1255       313             0,00                      
0.3        NEGB        171        0          100        0          1136       341             0,00                      
