detail per task and per Perturbator.
Exploration Boolean Negation
NEGB : negation of boolean value.
20 string of 100 char
Random char generated with 23 as seed
10 perturbation points
Task Perturbator  IndexLoc   #Success   #Failure   #Exception #Call      #Perturbations %Success                   
0    NEGB         22         6          2          1          45         9              -------------- 66,67       
0    NEGB         38         0          3          1          10         4               0,00                      
0    NEGB         45         0          192        3          31590      195             0,00                      
0    NEGB         51         0          0          192        18528      192             0,00                      
0    NEGB         75         0          192        3          31590      195             0,00                      
0    NEGB         151        0          4          1          15         5               0,00                      
0    NEGB         154        0          4          0          16         4               0,00                      
0    NEGB         158        0          3          0          9          3               0,00                      
0    NEGB         162        0          2          0          4          2               0,00                      
0    NEGB         171        0          16         4          360        20              0,00                      
1    NEGB         22         6          2          1          45         9              -------------- 66,67       
1    NEGB         38         0          3          1          10         4               0,00                      
1    NEGB         45         0          192        3          31590      195             0,00                      
1    NEGB         51         0          0          192        18528      192             0,00                      
1    NEGB         75         0          192        3          31590      195             0,00                      
1    NEGB         151        0          4          1          15         5               0,00                      
1    NEGB         154        0          4          0          16         4               0,00                      
1    NEGB         158        0          3          0          9          3               0,00                      
1    NEGB         162        0          2          0          4          2               0,00                      
1    NEGB         171        0          16         4          360        20              0,00                      
2    NEGB         22         6          2          1          45         9              -------------- 66,67       
2    NEGB         38         0          3          1          10         4               0,00                      
2    NEGB         45         0          192        3          31590      195             0,00                      
2    NEGB         51         0          0          192        18528      192             0,00                      
2    NEGB         75         0          192        3          31590      195             0,00                      
2    NEGB         151        0          4          1          15         5               0,00                      
2    NEGB         154        0          4          0          16         4               0,00                      
2    NEGB         158        0          3          0          9          3               0,00                      
2    NEGB         162        0          2          0          4          2               0,00                      
2    NEGB         171        0          16         4          360        20              0,00                      
3    NEGB         22         6          2          1          45         9              -------------- 66,67       
3    NEGB         38         0          3          1          10         4               0,00                      
3    NEGB         45         0          192        3          31590      195             0,00                      
3    NEGB         51         0          0          192        18528      192             0,00                      
3    NEGB         75         0          192        3          31590      195             0,00                      
3    NEGB         151        0          4          1          15         5               0,00                      
3    NEGB         154        0          4          0          16         4               0,00                      
3    NEGB         158        0          3          0          9          3               0,00                      
3    NEGB         162        0          2          0          4          2               0,00                      
3    NEGB         171        0          16         4          360        20              0,00                      
4    NEGB         22         6          2          1          45         9              -------------- 66,67       
4    NEGB         38         0          3          1          10         4               0,00                      
4    NEGB         45         0          192        3          31590      195             0,00                      
4    NEGB         51         0          0          192        18528      192             0,00                      
4    NEGB         75         0          192        3          31590      195             0,00                      
4    NEGB         151        0          4          1          15         5               0,00                      
4    NEGB         154        0          4          0          16         4               0,00                      
4    NEGB         158        0          3          0          9          3               0,00                      
4    NEGB         162        0          2          0          4          2               0,00                      
4    NEGB         171        0          16         4          360        20              0,00                      
5    NEGB         22         6          2          1          45         9              -------------- 66,67       
5    NEGB         38         0          3          1          10         4               0,00                      
5    NEGB         45         0          192        3          31590      195             0,00                      
5    NEGB         51         0          0          192        18528      192             0,00                      
5    NEGB         75         0          192        3          31590      195             0,00                      
5    NEGB         151        0          4          1          15         5               0,00                      
5    NEGB         154        0          4          0          16         4               0,00                      
5    NEGB         158        0          3          0          9          3               0,00                      
5    NEGB         162        0          2          0          4          2               0,00                      
5    NEGB         171        0          16         4          360        20              0,00                      
6    NEGB         22         6          2          1          45         9              -------------- 66,67       
6    NEGB         38         0          3          1          10         4               0,00                      
6    NEGB         45         0          192        3          31590      195             0,00                      
6    NEGB         51         0          0          192        18528      192             0,00                      
6    NEGB         75         0          192        3          31590      195             0,00                      
6    NEGB         151        0          4          1          15         5               0,00                      
6    NEGB         154        0          4          0          16         4               0,00                      
6    NEGB         158        0          3          0          9          3               0,00                      
6    NEGB         162        0          2          0          4          2               0,00                      
6    NEGB         171        0          16         4          360        20              0,00                      
7    NEGB         22         6          2          1          45         9              -------------- 66,67       
7    NEGB         38         0          3          1          10         4               0,00                      
7    NEGB         45         0          192        3          31590      195             0,00                      
7    NEGB         51         0          0          192        18528      192             0,00                      
7    NEGB         75         0          192        3          31590      195             0,00                      
7    NEGB         151        0          4          1          15         5               0,00                      
7    NEGB         154        0          4          0          16         4               0,00                      
7    NEGB         158        0          3          0          9          3               0,00                      
7    NEGB         162        0          2          0          4          2               0,00                      
7    NEGB         171        0          16         4          360        20              0,00                      
8    NEGB         22         6          2          1          45         9              -------------- 66,67       
8    NEGB         38         0          3          1          10         4               0,00                      
8    NEGB         45         0          192        3          31590      195             0,00                      
8    NEGB         51         0          0          192        18528      192             0,00                      
8    NEGB         75         0          192        3          31590      195             0,00                      
8    NEGB         151        0          4          1          15         5               0,00                      
8    NEGB         154        0          4          0          16         4               0,00                      
8    NEGB         158        0          3          0          9          3               0,00                      
8    NEGB         162        0          2          0          4          2               0,00                      
8    NEGB         171        0          16         4          360        20              0,00                      
9    NEGB         22         6          2          1          45         9              -------------- 66,67       
9    NEGB         38         0          3          1          10         4               0,00                      
9    NEGB         45         0          192        3          31590      195             0,00                      
9    NEGB         51         0          0          192        18528      192             0,00                      
9    NEGB         75         0          192        3          31590      195             0,00                      
9    NEGB         151        0          4          1          15         5               0,00                      
9    NEGB         154        0          4          0          16         4               0,00                      
9    NEGB         158        0          3          0          9          3               0,00                      
9    NEGB         162        0          2          0          4          2               0,00                      
9    NEGB         171        0          16         4          360        20              0,00                      
10   NEGB         22         6          2          1          45         9              -------------- 66,67       
10   NEGB         38         0          3          1          10         4               0,00                      
10   NEGB         45         0          192        3          31590      195             0,00                      
10   NEGB         51         0          0          192        18528      192             0,00                      
10   NEGB         75         0          192        3          31590      195             0,00                      
10   NEGB         151        0          4          1          15         5               0,00                      
10   NEGB         154        0          4          0          16         4               0,00                      
10   NEGB         158        0          3          0          9          3               0,00                      
10   NEGB         162        0          2          0          4          2               0,00                      
10   NEGB         171        0          16         4          360        20              0,00                      
11   NEGB         22         6          2          1          45         9              -------------- 66,67       
11   NEGB         38         0          3          1          10         4               0,00                      
11   NEGB         45         0          192        3          31590      195             0,00                      
11   NEGB         51         0          0          192        18528      192             0,00                      
11   NEGB         75         0          192        3          31590      195             0,00                      
11   NEGB         151        0          4          1          15         5               0,00                      
11   NEGB         154        0          4          0          16         4               0,00                      
11   NEGB         158        0          3          0          9          3               0,00                      
11   NEGB         162        0          2          0          4          2               0,00                      
11   NEGB         171        0          16         4          360        20              0,00                      
12   NEGB         22         6          2          1          45         9              -------------- 66,67       
12   NEGB         38         0          3          1          10         4               0,00                      
12   NEGB         45         0          192        3          31590      195             0,00                      
12   NEGB         51         0          0          192        18528      192             0,00                      
12   NEGB         75         0          192        3          31590      195             0,00                      
12   NEGB         151        0          4          1          15         5               0,00                      
12   NEGB         154        0          4          0          16         4               0,00                      
12   NEGB         158        0          3          0          9          3               0,00                      
12   NEGB         162        0          2          0          4          2               0,00                      
12   NEGB         171        0          16         4          360        20              0,00                      
13   NEGB         22         6          2          1          45         9              -------------- 66,67       
13   NEGB         38         0          3          1          10         4               0,00                      
13   NEGB         45         0          192        3          31590      195             0,00                      
13   NEGB         51         0          0          192        18528      192             0,00                      
13   NEGB         75         0          192        3          31590      195             0,00                      
13   NEGB         151        0          4          1          15         5               0,00                      
13   NEGB         154        0          4          0          16         4               0,00                      
13   NEGB         158        0          3          0          9          3               0,00                      
13   NEGB         162        0          2          0          4          2               0,00                      
13   NEGB         171        0          16         4          360        20              0,00                      
14   NEGB         22         6          2          1          45         9              -------------- 66,67       
14   NEGB         38         0          3          1          10         4               0,00                      
14   NEGB         45         0          192        3          31590      195             0,00                      
14   NEGB         51         0          0          192        18528      192             0,00                      
14   NEGB         75         0          192        3          31590      195             0,00                      
14   NEGB         151        0          4          1          15         5               0,00                      
14   NEGB         154        0          4          0          16         4               0,00                      
14   NEGB         158        0          3          0          9          3               0,00                      
14   NEGB         162        0          2          0          4          2               0,00                      
14   NEGB         171        0          16         4          360        20              0,00                      
15   NEGB         22         6          2          1          45         9              -------------- 66,67       
15   NEGB         38         0          3          1          10         4               0,00                      
15   NEGB         45         0          192        3          31590      195             0,00                      
15   NEGB         51         0          0          192        18528      192             0,00                      
15   NEGB         75         0          192        3          31590      195             0,00                      
15   NEGB         151        0          4          1          15         5               0,00                      
15   NEGB         154        0          4          0          16         4               0,00                      
15   NEGB         158        0          3          0          9          3               0,00                      
15   NEGB         162        0          2          0          4          2               0,00                      
15   NEGB         171        0          16         4          360        20              0,00                      
16   NEGB         22         6          2          1          45         9              -------------- 66,67       
16   NEGB         38         0          3          1          10         4               0,00                      
16   NEGB         45         0          192        3          31590      195             0,00                      
16   NEGB         51         0          0          192        18528      192             0,00                      
16   NEGB         75         0          192        3          31590      195             0,00                      
16   NEGB         151        0          4          1          15         5               0,00                      
16   NEGB         154        0          4          0          16         4               0,00                      
16   NEGB         158        0          3          0          9          3               0,00                      
16   NEGB         162        0          2          0          4          2               0,00                      
16   NEGB         171        0          16         4          360        20              0,00                      
17   NEGB         22         6          2          1          45         9              -------------- 66,67       
17   NEGB         38         0          3          1          10         4               0,00                      
17   NEGB         45         0          192        3          31590      195             0,00                      
17   NEGB         51         0          0          192        18528      192             0,00                      
17   NEGB         75         0          192        3          31590      195             0,00                      
17   NEGB         151        0          4          1          15         5               0,00                      
17   NEGB         154        0          4          0          16         4               0,00                      
17   NEGB         158        0          3          0          9          3               0,00                      
17   NEGB         162        0          2          0          4          2               0,00                      
17   NEGB         171        0          16         4          360        20              0,00                      
18   NEGB         22         6          2          1          45         9              -------------- 66,67       
18   NEGB         38         0          3          1          10         4               0,00                      
18   NEGB         45         0          192        3          31590      195             0,00                      
18   NEGB         51         0          0          192        18528      192             0,00                      
18   NEGB         75         0          192        3          31590      195             0,00                      
18   NEGB         151        0          4          1          15         5               0,00                      
18   NEGB         154        0          4          0          16         4               0,00                      
18   NEGB         158        0          3          0          9          3               0,00                      
18   NEGB         162        0          2          0          4          2               0,00                      
18   NEGB         171        0          16         4          360        20              0,00                      
19   NEGB         22         6          2          1          45         9              -------------- 66,67       
19   NEGB         38         0          3          1          10         4               0,00                      
19   NEGB         45         0          192        3          31590      195             0,00                      
19   NEGB         51         0          0          192        18528      192             0,00                      
19   NEGB         75         0          192        3          31590      195             0,00                      
19   NEGB         151        0          4          1          15         5               0,00                      
19   NEGB         154        0          4          0          16         4               0,00                      
19   NEGB         158        0          3          0          9          3               0,00                      
19   NEGB         162        0          2          0          4          2               0,00                      
19   NEGB         171        0          16         4          360        20              0,00                      
