aggregate data per location for random rate = 0.005 and with Perturbator = 1
Exploration Plus One
PONE : plus one perturbator
20 string of 100 char
Random char generated with 23 as seed
164 perturbation points
IndexLoc   #Success   #Failure   #Exception #CallAllExecs      AvgCallPerExec     #Perturbations AvgPerturbationPerExec   #Execs     #Tasks     %Success                   
0          99         0          1          100                1,00               1              0,01                     100        20         -------------------- 99,00 
1          100        0          0          100                1,00               1              0,01                     100        20         -------------------- 100,00
2          100        0          0          100                1,00               1              0,01                     100        20         -------------------- 100,00
3          100        0          0          100                1,00               1              0,01                     100        20         -------------------- 100,00
4          99         0          1          100                1,00               1              0,01                     100        20         -------------------- 99,00 
5          99         1          0          100                1,00               1              0,01                     100        20         -------------------- 99,00 
6          99         1          0          100                1,00               1              0,01                     100        20         -------------------- 99,00 
7          99         1          0          100                1,00               1              0,01                     100        20         -------------------- 99,00 
8          99         1          0          100                1,00               1              0,01                     100        20         -------------------- 99,00 
9          99         1          0          100                1,00               1              0,01                     100        20         -------------------- 99,00 
10         99         1          0          100                1,00               1              0,01                     100        20         -------------------- 99,00 
11         99         1          0          100                1,00               1              0,01                     100        20         -------------------- 99,00 
12         99         0          1          100                1,00               1              0,01                     100        20         -------------------- 99,00 
13         99         1          0          100                1,00               1              0,01                     100        20         -------------------- 99,00 
14         99         1          0          100                1,00               1              0,01                     100        20         -------------------- 99,00 
15         99         1          0          100                1,00               1              0,01                     100        20         -------------------- 99,00 
16         99         1          0          100                1,00               1              0,01                     100        20         -------------------- 99,00 
17         99         1          0          100                1,00               1              0,01                     100        20         -------------------- 99,00 
18         99         1          0          100                1,00               1              0,01                     100        20         -------------------- 99,00 
19         99         1          0          100                1,00               1              0,01                     100        20         -------------------- 99,00 
20         100        0          0          900                9,00               2              0,02                     100        20         -------------------- 100,00
21         100        0          0          900                9,00               2              0,02                     100        20         -------------------- 100,00
23         100        0          0          800                8,00               1              0,01                     100        20         -------------------- 100,00
24         100        0          0          800                8,00               1              0,01                     100        20         -------------------- 100,00
25         100        0          0          800                8,00               1              0,01                     100        20         -------------------- 100,00
26         100        0          0          800                8,00               1              0,01                     100        20         -------------------- 100,00
27         100        0          0          800                8,00               1              0,01                     100        20         -------------------- 100,00
28         99         1          0          800                8,00               1              0,01                     100        20         -------------------- 99,00 
29         100        0          0          800                8,00               1              0,01                     100        20         -------------------- 100,00
30         99         1          0          100                1,00               1              0,01                     100        20         -------------------- 99,00 
31         99         1          0          100                1,00               1              0,01                     100        20         -------------------- 99,00 
32         99         1          0          100                1,00               1              0,01                     100        20         -------------------- 99,00 
33         99         1          0          100                1,00               1              0,01                     100        20         -------------------- 99,00 
34         100        0          0          100                1,00               1              0,01                     100        20         -------------------- 100,00
35         99         1          0          100                1,00               1              0,01                     100        20         -------------------- 99,00 
36         100        0          0          400                4,00               1              0,01                     100        20         -------------------- 100,00
37         99         0          1          400                4,00               1              0,01                     100        20         -------------------- 99,00 
39         99         0          1          300                3,00               1              0,01                     100        20         -------------------- 99,00 
40         99         0          1          300                3,00               1              0,01                     100        20         -------------------- 99,00 
41         99         0          1          300                3,00               1              0,01                     100        20         -------------------- 99,00 
42         99         1          0          300                3,00               1              0,01                     100        20         -------------------- 99,00 
43         98         2          0          19498              194,98             94             0,94                     100        20         -------------------- 98,00 
44         100        0          0          19500              195,00             94             0,94                     100        20         -------------------- 100,00
46         79         20         1          19136              191,36             93             0,93                     100        20         ---------------- 79,00     
47         38         62         0          19200              192,00             93             0,93                     100        20         -------- 38,00             
48         36         58         6          18934              189,34             92             0,92                     100        20         -------- 36,00             
49         99         0          1          19167              191,67             93             0,93                     100        20         -------------------- 99,00 
50         99         0          1          19165              191,65             93             0,93                     100        20         -------------------- 99,00 
52         49         50         1          14950              149,50             73             0,73                     100        20         ---------- 49,00           
53         49         51         0          14950              149,50             73             0,73                     100        20         ---------- 49,00           
54         97         1          2          4250               42,50              18             0,18                     100        20         -------------------- 97,00 
55         99         1          0          4250               42,50              18             0,18                     100        20         -------------------- 99,00 
56         97         1          2          4250               42,50              18             0,18                     100        20         -------------------- 97,00 
57         82         18         0          4250               42,50              18             0,18                     100        20         ----------------- 82,00    
58         36         64         0          19200              192,00             93             0,93                     100        20         -------- 36,00             
59         43         57         0          19200              192,00             93             0,93                     100        20         --------- 43,00            
60         85         15         0          19200              192,00             93             0,93                     100        20         ----------------- 85,00    
61         79         20         1          19136              191,36             93             0,93                     100        20         ---------------- 79,00     
62         51         49         0          19200              192,00             93             0,93                     100        20         ----------- 51,00          
63         46         48         6          18934              189,34             92             0,92                     100        20         ---------- 46,00           
64         100        0          0          19200              192,00             93             0,93                     100        20         -------------------- 100,00
65         50         50         0          19200              192,00             93             0,93                     100        20         ---------- 50,00           
66         79         21         0          19200              192,00             93             0,93                     100        20         ---------------- 79,00     
67         79         21         0          19200              192,00             93             0,93                     100        20         ---------------- 79,00     
68         99         1          0          300                3,00               1              0,01                     100        20         -------------------- 99,00 
69         99         1          0          300                3,00               1              0,01                     100        20         -------------------- 99,00 
70         99         1          0          300                3,00               1              0,01                     100        20         -------------------- 99,00 
71         99         1          0          300                3,00               1              0,01                     100        20         -------------------- 99,00 
72         99         1          0          300                3,00               1              0,01                     100        20         -------------------- 99,00 
73         98         2          0          19498              194,98             94             0,94                     100        20         -------------------- 98,00 
74         100        0          0          19500              195,00             94             0,94                     100        20         -------------------- 100,00
76         95         4          1          19136              191,36             93             0,93                     100        20         ------------------- 95,00  
77         53         26         21         16929              169,29             81             0,81                     100        20         ----------- 53,00          
78         38         43         19         17498              174,98             84             0,84                     100        20         -------- 38,00             
79         100        0          0          19200              192,00             93             0,93                     100        20         -------------------- 100,00
80         42         54         4          18752              187,52             90             0,90                     100        20         --------- 42,00            
81         38         43         19         17498              174,98             84             0,84                     100        20         -------- 38,00             
82         86         14         0          4800               48,00              24             0,24                     100        20         ------------------ 86,00   
83         86         14         0          4800               48,00              24             0,24                     100        20         ------------------ 86,00   
84         81         19         0          4800               48,00              24             0,24                     100        20         ----------------- 81,00    
85         90         10         0          4800               48,00              24             0,24                     100        20         ------------------ 90,00   
86         85         15         0          4800               48,00              24             0,24                     100        20         ----------------- 85,00    
87         82         18         0          4800               48,00              24             0,24                     100        20         ----------------- 82,00    
88         83         17         0          4800               48,00              24             0,24                     100        20         ----------------- 83,00    
89         87         13         0          4800               48,00              24             0,24                     100        20         ------------------ 87,00   
90         82         18         0          4800               48,00              24             0,24                     100        20         ----------------- 82,00    
91         88         12         0          4800               48,00              24             0,24                     100        20         ------------------ 88,00   
92         85         15         0          4800               48,00              24             0,24                     100        20         ----------------- 85,00    
93         81         19         0          4800               48,00              24             0,24                     100        20         ----------------- 81,00    
94         80         20         0          4800               48,00              24             0,24                     100        20         ---------------- 80,00     
95         82         18         0          4800               48,00              24             0,24                     100        20         ----------------- 82,00    
96         80         20         0          4800               48,00              24             0,24                     100        20         ---------------- 80,00     
97         80         20         0          4800               48,00              24             0,24                     100        20         ---------------- 80,00     
98         80         20         0          4800               48,00              24             0,24                     100        20         ---------------- 80,00     
99         79         12         9          4554               45,54              22             0,22                     100        20         ---------------- 79,00     
100        79         21         0          4800               48,00              24             0,24                     100        20         ---------------- 79,00     
101        79         21         0          4800               48,00              24             0,24                     100        20         ---------------- 79,00     
102        79         21         0          4800               48,00              24             0,24                     100        20         ---------------- 79,00     
103        79         21         0          4800               48,00              24             0,24                     100        20         ---------------- 79,00     
104        81         19         0          4800               48,00              24             0,24                     100        20         ----------------- 81,00    
105        81         19         0          4800               48,00              24             0,24                     100        20         ----------------- 81,00    
106        81         19         0          4800               48,00              24             0,24                     100        20         ----------------- 81,00    
107        81         19         0          4800               48,00              24             0,24                     100        20         ----------------- 81,00    
108        81         19         0          4800               48,00              24             0,24                     100        20         ----------------- 81,00    
109        82         5          13         4512               45,12              21             0,21                     100        20         ----------------- 82,00    
110        79         21         0          4800               48,00              24             0,24                     100        20         ---------------- 79,00     
111        86         14         0          4800               48,00              24             0,24                     100        20         ------------------ 86,00   
112        86         14         0          4800               48,00              24             0,24                     100        20         ------------------ 86,00   
113        79         21         0          4800               48,00              24             0,24                     100        20         ---------------- 79,00     
114        80         20         0          4800               48,00              24             0,24                     100        20         ---------------- 80,00     
115        82         18         0          4800               48,00              24             0,24                     100        20         ----------------- 82,00    
116        81         19         0          4800               48,00              24             0,24                     100        20         ----------------- 81,00    
117        80         10         10         4560               45,60              22             0,22                     100        20         ---------------- 80,00     
118        36         64         0          19200              192,00             93             0,93                     100        20         -------- 36,00             
119        36         64         0          19200              192,00             93             0,93                     100        20         -------- 36,00             
120        36         64         0          19200              192,00             93             0,93                     100        20         -------- 36,00             
121        36         64         0          19200              192,00             93             0,93                     100        20         -------- 36,00             
122        39         54         7          18790              187,90             90             0,90                     100        20         -------- 39,00             
123        36         64         0          19200              192,00             93             0,93                     100        20         -------- 36,00             
124        36         64         0          19200              192,00             93             0,93                     100        20         -------- 36,00             
125        36         63         1          19136              191,36             93             0,93                     100        20         -------- 36,00             
126        36         64         0          19200              192,00             93             0,93                     100        20         -------- 36,00             
127        36         64         0          19200              192,00             93             0,93                     100        20         -------- 36,00             
128        38         43         19         17498              174,98             84             0,84                     100        20         -------- 38,00             
129        49         9          42         15533              155,33             76             0,76                     100        20         ---------- 49,00           
130        67         33         0          19200              192,00             93             0,93                     100        20         -------------- 67,00       
131        36         64         0          19200              192,00             93             0,93                     100        20         -------- 36,00             
132        43         57         0          19200              192,00             93             0,93                     100        20         --------- 43,00            
133        36         64         0          19200              192,00             93             0,93                     100        20         -------- 36,00             
134        40         50         10         18308              183,08             89             0,89                     100        20         -------- 40,00             
135        36         64         0          19200              192,00             93             0,93                     100        20         -------- 36,00             
136        36         64         0          19200              192,00             93             0,93                     100        20         -------- 36,00             
137        36         64         0          19200              192,00             93             0,93                     100        20         -------- 36,00             
138        36         64         0          19200              192,00             93             0,93                     100        20         -------- 36,00             
139        36         64         0          19200              192,00             93             0,93                     100        20         -------- 36,00             
140        36         64         0          19200              192,00             93             0,93                     100        20         -------- 36,00             
141        36         64         0          19200              192,00             93             0,93                     100        20         -------- 36,00             
142        99         1          0          300                3,00               1              0,01                     100        20         -------------------- 99,00 
143        99         1          0          300                3,00               1              0,01                     100        20         -------------------- 99,00 
144        99         1          0          300                3,00               1              0,01                     100        20         -------------------- 99,00 
145        99         1          0          300                3,00               1              0,01                     100        20         -------------------- 99,00 
146        99         1          0          100                1,00               1              0,01                     100        20         -------------------- 99,00 
147        99         0          1          100                1,00               1              0,01                     100        20         -------------------- 99,00 
148        99         1          0          100                1,00               1              0,01                     100        20         -------------------- 99,00 
149        100        0          0          500                5,00               1              0,01                     100        20         -------------------- 100,00
150        99         0          1          500                5,00               1              0,01                     100        20         -------------------- 99,00 
152        100        0          0          400                4,00               1              0,01                     100        20         -------------------- 100,00
153        100        0          0          400                4,00               1              0,01                     100        20         -------------------- 100,00
155        99         1          0          100                1,00               1              0,01                     100        20         -------------------- 99,00 
156        100        0          0          300                3,00               1              0,01                     100        20         -------------------- 100,00
157        100        0          0          300                3,00               1              0,01                     100        20         -------------------- 100,00
159        99         1          0          100                1,00               1              0,01                     100        20         -------------------- 99,00 
160        100        0          0          200                2,00               1              0,01                     100        20         -------------------- 100,00
161        99         1          0          200                2,00               1              0,01                     100        20         -------------------- 99,00 
163        99         1          0          100                1,00               1              0,01                     100        20         -------------------- 99,00 
164        99         1          0          100                1,00               1              0,01                     100        20         -------------------- 99,00 
165        99         1          0          200                2,00               1              0,01                     100        20         -------------------- 99,00 
166        99         1          0          300                3,00               1              0,01                     100        20         -------------------- 99,00 
167        99         1          0          400                4,00               1              0,01                     100        20         -------------------- 99,00 
168        99         1          0          400                4,00               1              0,01                     100        20         -------------------- 99,00 
169        98         2          0          1998               19,98              9              0,09                     100        20         -------------------- 98,00 
170        96         0          4          2000               20,00              9              0,09                     100        20         -------------------- 96,00 
172        93         7          0          1600               16,00              7              0,07                     100        20         ------------------- 93,00  
173        95         5          0          1600               16,00              7              0,07                     100        20         ------------------- 95,00  
