contains the data for build a graph for analysis.
Exploration Plus One
164 perturbation point
PONE : plus one perturbator
20 string of 100 char
Random char generated with 23 as seed
Perturbator IndexLoc   #Success   #Failure   #Exception #Call      #Perturtions   %Success                   
1           0          0          0          20         20         20              0,00                      
1           1          20         0          0          20         20             -------------------- 100,00
1           2          20         0          0          20         20             -------------------- 100,00
1           3          20         0          0          20         20             -------------------- 100,00
1           4          0          0          20         20         20              0,00                      
1           5          0          20         0          20         20              0,00                      
1           6          0          20         0          20         20              0,00                      
1           7          0          20         0          20         20              0,00                      
1           8          0          20         0          20         20              0,00                      
1           9          0          20         0          20         20              0,00                      
1           10         0          20         0          20         20              0,00                      
1           11         0          20         0          20         20              0,00                      
1           12         0          0          20         20         20              0,00                      
1           13         0          20         0          20         20              0,00                      
1           14         0          20         0          20         20              0,00                      
1           15         0          20         0          20         20              0,00                      
1           16         0          20         0          20         20              0,00                      
1           17         0          20         0          20         20              0,00                      
1           18         0          20         0          20         20              0,00                      
1           19         0          20         0          20         20              0,00                      
1           20         180        0          0          1600       180            -------------------- 100,00
1           21         160        0          20         1620       180            ------------------ 88,89   
1           23         100        40         20         1280       160            ------------- 62,50        
1           24         100        60         0          1280       160            ------------- 62,50        
1           25         100        40         20         1280       160            ------------- 62,50        
1           26         100        40         20         1280       160            ------------- 62,50        
1           27         100        40         20         1280       160            ------------- 62,50        
1           28         0          160        0          1280       160             0,00                      
1           29         140        20         0          1280       160            ------------------ 87,50   
1           30         0          20         0          20         20              0,00                      
1           31         0          20         0          20         20              0,00                      
1           32         0          20         0          20         20              0,00                      
1           33         0          20         0          20         20              0,00                      
1           34         20         0          0          20         20             -------------------- 100,00
1           35         0          20         0          20         20              0,00                      
1           36         60         20         0          300        80             --------------- 75,00      
1           37         60         0          20         320        80             --------------- 75,00      
1           39         0          40         20         180        60              0,00                      
1           40         20         20         20         180        60             ------- 33,33              
1           41         0          40         20         180        60              0,00                      
1           42         0          60         0          180        60              0,00                      
1           43         3840       60         0          760440     3900           -------------------- 98,46 
1           44         3840       0          60         756600     3900           -------------------- 98,46 
1           46         2881       899        60         733440     3840           ---------------- 75,03     
1           47         240        3600       0          737280     3840           -- 6,25                    
1           48         24         3576       240        721560     3840           - 0,63                     
1           49         3820       0          20         736430     3840           -------------------- 99,48 
1           50         3820       0          20         736450     3840           -------------------- 99,48 
1           52         6          2964       20         447416     2990           - 0,20                     
1           53         0          2990       0          447416     2990            0,00                      
1           54         750        80         20         36536      850            ------------------ 88,24   
1           55         750        80         20         35706      850            ------------------ 88,24   
1           56         750        80         20         36536      850            ------------------ 88,24   
1           57         0          850        0          36536      850             0,00                      
1           58         0          3840       0          737280     3840            0,00                      
1           59         803        3037       0          737280     3840           ----- 20,91                
1           60         3250       590        0          737280     3840           ----------------- 84,64    
1           61         2880       900        60         733440     3840           --------------- 75,00      
1           62         1417       2423       0          737280     3840           -------- 36,90             
1           63         923        2677       240        721560     3840           ----- 24,04                
1           64         3840       0          0          737280     3840           -------------------- 100,00
1           65         1505       2335       0          737280     3840           -------- 39,19             
1           66         2880       960        0          737280     3840           --------------- 75,00      
1           67         2880       960        0          737280     3840           --------------- 75,00      
1           68         0          60         0          180        60              0,00                      
1           69         0          60         0          180        60              0,00                      
1           70         0          60         0          180        60              0,00                      
1           71         0          60         0          180        60              0,00                      
1           72         0          60         0          180        60              0,00                      
1           73         3840       60         0          760440     3900           -------------------- 98,46 
1           74         3840       0          60         756600     3900           -------------------- 98,46 
1           76         3600       180        60         733440     3840           ------------------- 93,75  
1           77         960        1920       960        637920     3840           ----- 25,00                
1           78         0          2880       960        668640     3840            0,00                      
1           79         3840       0          0          737280     3840           -------------------- 100,00
1           80         402        3378       60         730560     3840           --- 10,47                  
1           81         0          2880       960        668640     3840            0,00                      
1           82         477        483        0          46080      960            ---------- 49,69           
1           83         319        641        0          46080      960            ------- 33,23              
1           84         225        735        0          46080      960            ----- 23,44                
1           85         402        558        0          46080      960            --------- 41,88            
1           86         328        632        0          46080      960            ------- 34,17              
1           87         235        725        0          46080      960            ----- 24,48                
1           88         339        621        0          46080      960            -------- 35,31             
1           89         498        462        0          46080      960            ----------- 51,88          
1           90         233        727        0          46080      960            ----- 24,27                
1           91         308        652        0          46080      960            ------- 32,08              
1           92         411        549        0          46080      960            --------- 42,81            
1           93         226        734        0          46080      960            ----- 23,54                
1           94         81         879        0          46080      960            -- 8,44                    
1           95         182        778        0          46080      960            ---- 18,96                 
1           96         141        819        0          46080      960            --- 14,69                  
1           97         141        819        0          46080      960            --- 14,69                  
1           98         141        819        0          46080      960            --- 14,69                  
1           99         60         360        540        33480      960            -- 6,25                    
1           100        0          960        0          46080      960             0,00                      
1           101        0          960        0          46080      960             0,00                      
1           102        0          960        0          46080      960             0,00                      
1           103        0          960        0          46080      960             0,00                      
1           104        121        839        0          46080      960            --- 12,60                  
1           105        175        785        0          46080      960            ---- 18,23                 
1           106        141        819        0          46080      960            --- 14,69                  
1           107        141        819        0          46080      960            --- 14,69                  
1           108        141        819        0          46080      960            --- 14,69                  
1           109        60         540        360        37620      960            -- 6,25                    
1           110        0          960        0          46080      960             0,00                      
1           111        299        661        0          46080      960            ------- 31,15              
1           112        328        632        0          46080      960            ------- 34,17              
1           113        0          960        0          46080      960             0,00                      
1           114        59         901        0          46080      960            -- 6,15                    
1           115        166        794        0          46080      960            ---- 17,29                 
1           116        141        819        0          46080      960            --- 14,69                  
1           117        0          420        540        33180      960             0,00                      
1           118        0          3840       0          737280     3840            0,00                      
1           119        0          3840       0          737280     3840            0,00                      
1           120        0          3840       0          737280     3840            0,00                      
1           121        0          3840       0          737280     3840            0,00                      
1           122        564        3036       240        715200     3840           --- 14,69                  
1           123        0          3840       0          737280     3840            0,00                      
1           124        0          3840       0          737280     3840            0,00                      
1           125        0          3780       60         733440     3840            0,00                      
1           126        0          3840       0          737280     3840            0,00                      
1           127        0          3840       0          737280     3840            0,00                      
1           128        0          2880       960        668640     3840            0,00                      
1           129        960        960        1920       584640     3840           ----- 25,00                
1           130        1920       1920       0          737280     3840           ---------- 50,00           
1           131        0          3840       0          737280     3840            0,00                      
1           132        720        3120       0          737280     3840           ---- 18,75                 
1           133        0          3840       0          737280     3840            0,00                      
1           134        0          3600       240        720480     3840            0,00                      
1           135        0          3840       0          737280     3840            0,00                      
1           136        0          3840       0          737280     3840            0,00                      
1           137        0          3840       0          737280     3840            0,00                      
1           138        0          3840       0          737280     3840            0,00                      
1           139        0          3840       0          737280     3840            0,00                      
1           140        0          3840       0          737280     3840            0,00                      
1           141        0          3840       0          737280     3840            0,00                      
1           142        0          60         0          180        60              0,00                      
1           143        0          60         0          180        60              0,00                      
1           144        0          60         0          180        60              0,00                      
1           145        0          60         0          180        60              0,00                      
1           146        0          20         0          20         20              0,00                      
1           147        0          0          20         20         20              0,00                      
1           148        0          20         0          20         20              0,00                      
1           149        80         20         0          480        100            ---------------- 80,00     
1           150        80         0          20         500        100            ---------------- 80,00     
1           152        60         20         0          320        80             --------------- 75,00      
1           153        40         40         0          320        80             ---------- 50,00           
1           155        0          20         0          20         20              0,00                      
1           156        40         20         0          180        60             -------------- 66,67       
1           157        20         40         0          180        60             ------- 33,33              
1           159        0          20         0          20         20              0,00                      
1           160        20         20         0          80         40             ---------- 50,00           
1           161        0          40         0          80         40              0,00                      
1           163        0          20         0          20         20              0,00                      
1           164        0          20         0          20         20              0,00                      
1           165        0          40         0          80         40              0,00                      
1           166        0          60         0          180        60              0,00                      
1           167        0          80         0          320        80              0,00                      
1           168        0          80         0          320        80              0,00                      
1           169        320        80         0          7920       400            ---------------- 80,00     
1           170        320        0          80         8000       400            ---------------- 80,00     
1           172        0          320        0          5120       320             0,00                      
1           173        80         240        0          5120       320            ----- 25,00                
