detail per task and per Perturbator.
Exploration Boolean Negation
NEGB : negation of boolean value.
20 sudoku grid 
Those grid are read from file in resources/sudoku/grid.txt
26 perturbations points
Task Perturbator  IndexLoc   #Success   #Failure   #Exception #Call      #Perturbations %Success                   
0    NEGB         2          73         7          0          6992       80             ------------------- 91,25  
0    NEGB         5          22         7          0          938        29             ---------------- 75,86     
0    NEGB         6          73         7          0          7127       80             ------------------- 91,25  
0    NEGB         11         13         7          0          411        20             ------------- 65,00        
0    NEGB         12         29         51         0          7703       80             -------- 36,25             
0    NEGB         13         29         51         0          7703       80             -------- 36,25             
0    NEGB         16         1          0          0          1          1              -------------------- 100,00
0    NEGB         19         23         50         9          6081       82             ------ 28,05               
0    NEGB         22         0          8          1          45         9               0,00                      
0    NEGB         23         1          0          0          2          1              -------------------- 100,00
0    NEGB         28         0          81         0          5462       81              0,00                      
0    NEGB         33         27         34         0          4673       61             --------- 44,26            
0    NEGB         37         50         30         0          8466       80             ------------- 62,50        
0    NEGB         41         29         51         0          7703       80             -------- 36,25             
0    NEGB         48         19         1          0          408        20             ------------------- 95,00  
0    NEGB         53         9          11         0          498        20             --------- 45,00            
0    NEGB         54         9          11         0          334        20             --------- 45,00            
0    NEGB         58         0          0          0          0          0              NaN                        
0    NEGB         62         0          0          0          0          0              NaN                        
0    NEGB         83         1          8          1          55         10             -- 10,00                   
0    NEGB         87         81         0          9          7335       90             ------------------ 90,00   
0    NEGB         93         61         0          20         5723       81             ---------------- 75,31     
0    NEGB         97         61         0          0          3721       61             -------------------- 100,00
0    NEGB         102        81         0          0          6561       81             -------------------- 100,00
0    NEGB         107        81         0          0          6583       81             -------------------- 100,00
0    NEGB         114        81         0          0          6561       81             -------------------- 100,00
1    NEGB         2          100        9          0          12052      109            ------------------- 91,74  
1    NEGB         5          22         9          0          933        31             --------------- 70,97      
1    NEGB         6          100        9          0          12313      109            ------------------- 91,74  
1    NEGB         11         13         9          0          416        22             ------------ 59,09         
1    NEGB         12         47         62         0          13024      109            --------- 43,12            
1    NEGB         13         47         62         0          13024      109            --------- 43,12            
1    NEGB         16         1          0          0          1          1              -------------------- 100,00
1    NEGB         19         26         51         9          6752       86             ------- 30,23              
1    NEGB         22         0          8          1          45         9               0,00                      
1    NEGB         23         1          0          0          2          1              -------------------- 100,00
1    NEGB         28         2          83         0          6184       85             - 2,35                     
1    NEGB         33         36         27         0          5338       63             ------------ 57,14         
1    NEGB         37         63         46         2          12832      111            ------------ 56,76         
1    NEGB         41         47         62         0          13024      109            --------- 43,12            
1    NEGB         48         20         2          0          490        22             ------------------- 90,91  
1    NEGB         53         7          15         0          517        22             ------- 31,82              
1    NEGB         54         7          13         0          309        20             ------- 35,00              
1    NEGB         58         0          2          0          28         2               0,00                      
1    NEGB         62         0          2          0          3          2               0,00                      
1    NEGB         83         1          8          1          55         10             -- 10,00                   
1    NEGB         87         79         2          9          7335       90             ------------------ 87,78   
1    NEGB         93         61         0          20         5773       81             ---------------- 75,31     
1    NEGB         97         61         0          0          3721       61             -------------------- 100,00
1    NEGB         102        83         2          0          7285       85             -------------------- 97,65 
1    NEGB         107        83         2          0          7267       85             -------------------- 97,65 
1    NEGB         114        83         2          0          7241       85             -------------------- 97,65 
2    NEGB         2          77         20         0          9512       97             ---------------- 79,38     
2    NEGB         5          11         20         0          911        31             -------- 35,48             
2    NEGB         6          77         20         0          10052      97             ---------------- 79,38     
2    NEGB         11         1          20         0          268        21             - 4,76                     
2    NEGB         12         23         74         0          10709      97             ----- 23,71                
2    NEGB         13         23         74         0          10709      97             ----- 23,71                
2    NEGB         16         1          0          0          1          1              -------------------- 100,00
2    NEGB         19         14         59         9          6083       82             ---- 17,07                 
2    NEGB         22         0          8          1          45         9               0,00                      
2    NEGB         23         0          1          0          1          1               0,00                      
2    NEGB         28         0          81         0          4400       81              0,00                      
2    NEGB         33         3          58         0          3721       61             - 4,92                     
2    NEGB         37         0          97         0          9509       97              0,00                      
2    NEGB         41         23         74         0          10709      97             ----- 23,71                
2    NEGB         48         20         0          0          415        20             -------------------- 100,00
2    NEGB         53         0          20         0          409        20              0,00                      
2    NEGB         54         1          19         0          210        20             - 5,00                     
2    NEGB         58         0          0          0          0          0              NaN                        
2    NEGB         62         0          0          0          0          0              NaN                        
2    NEGB         83         1          8          1          55         10             -- 10,00                   
2    NEGB         87         81         0          9          7335       90             ------------------ 90,00   
2    NEGB         93         61         0          20         5886       81             ---------------- 75,31     
2    NEGB         97         61         0          0          3721       61             -------------------- 100,00
2    NEGB         102        81         0          0          6561       81             -------------------- 100,00
2    NEGB         107        81         0          0          6615       81             -------------------- 100,00
2    NEGB         114        81         0          0          6563       81             -------------------- 100,00
3    NEGB         2          86         20         0          12176      106            ----------------- 81,13    
3    NEGB         5          8          20         0          1166       28             ------ 28,57               
3    NEGB         6          86         20         0          12536      106            ----------------- 81,13    
3    NEGB         11         0          20         0          390        20              0,00                      
3    NEGB         12         22         84         0          12855      106            ----- 20,75                
3    NEGB         13         22         84         0          12855      106            ----- 20,75                
3    NEGB         16         1          0          0          1          1              -------------------- 100,00
3    NEGB         19         24         49         9          6079       82             ------ 29,27               
3    NEGB         22         0          8          1          45         9               0,00                      
3    NEGB         23         0          1          0          1          1               0,00                      
3    NEGB         28         0          81         0          5290       81              0,00                      
3    NEGB         33         3          58         0          4179       61             - 4,92                     
3    NEGB         37         0          106        0          18421      106             0,00                      
3    NEGB         41         22         84         0          12855      106            ----- 20,75                
3    NEGB         48         20         0          0          408        20             -------------------- 100,00
3    NEGB         53         0          20         0          468        20              0,00                      
3    NEGB         54         1          19         0          210        20             - 5,00                     
3    NEGB         58         0          0          0          0          0              NaN                        
3    NEGB         62         0          0          0          0          0              NaN                        
3    NEGB         83         1          8          1          55         10             -- 10,00                   
3    NEGB         87         80         1          9          7335       90             ------------------ 88,89   
3    NEGB         93         61         0          20         5842       81             ---------------- 75,31     
3    NEGB         97         61         0          0          3721       61             -------------------- 100,00
3    NEGB         102        81         0          0          6565       81             -------------------- 100,00
3    NEGB         107        81         0          0          6589       81             -------------------- 100,00
3    NEGB         114        81         0          0          6561       81             -------------------- 100,00
4    NEGB         2          76         20         0          9978       96             ---------------- 79,17     
4    NEGB         5          10         20         0          1004       30             ------- 33,33              
4    NEGB         6          76         20         0          10338      96             ---------------- 79,17     
4    NEGB         11         0          20         0          295        20              0,00                      
4    NEGB         12         21         75         0          10831      96             ----- 21,88                
4    NEGB         13         21         75         0          10831      96             ----- 21,88                
4    NEGB         16         1          0          0          1          1              -------------------- 100,00
4    NEGB         19         12         61         9          6067       82             --- 14,63                  
4    NEGB         22         0          8          1          45         9               0,00                      
4    NEGB         23         0          1          0          1          1               0,00                      
4    NEGB         28         0          81         0          4551       81              0,00                      
4    NEGB         33         3          58         0          3768       61             - 4,92                     
4    NEGB         37         0          96         0          13892      96              0,00                      
4    NEGB         41         21         75         0          10831      96             ----- 21,88                
4    NEGB         48         20         0          0          418        20             -------------------- 100,00
4    NEGB         53         0          20         0          447        20              0,00                      
4    NEGB         54         1          19         0          210        20             - 5,00                     
4    NEGB         58         0          0          0          0          0              NaN                        
4    NEGB         62         0          0          0          0          0              NaN                        
4    NEGB         83         1          8          1          55         10             -- 10,00                   
4    NEGB         87         72         9          9          7335       90             ---------------- 80,00     
4    NEGB         93         61         0          20         5870       81             ---------------- 75,31     
4    NEGB         97         61         0          0          3721       61             -------------------- 100,00
4    NEGB         102        81         0          0          6567       81             -------------------- 100,00
4    NEGB         107        81         0          0          6601       81             -------------------- 100,00
4    NEGB         114        81         0          0          6561       81             -------------------- 100,00
5    NEGB         2          82         20         0          10659      102            ----------------- 80,39    
5    NEGB         5          10         20         0          791        30             ------- 33,33              
5    NEGB         6          82         20         0          10920      102            ----------------- 80,39    
5    NEGB         11         1          20         0          299        21             - 4,76                     
5    NEGB         12         30         72         0          12339      102            ------ 29,41               
5    NEGB         13         30         72         0          12339      102            ------ 29,41               
5    NEGB         16         1          0          0          1          1              -------------------- 100,00
5    NEGB         19         30         43         9          6076       82             -------- 36,59             
5    NEGB         22         0          8          1          45         9               0,00                      
5    NEGB         23         0          1          0          1          1               0,00                      
5    NEGB         28         0          81         0          4275       81              0,00                      
5    NEGB         33         7          54         0          3731       61             --- 11,48                  
5    NEGB         37         0          102        0          11169      102             0,00                      
5    NEGB         41         30         72         0          12339      102            ------ 29,41               
5    NEGB         48         20         0          0          420        20             -------------------- 100,00
5    NEGB         53         0          20         0          408        20              0,00                      
5    NEGB         54         1          19         0          210        20             - 5,00                     
5    NEGB         58         0          0          0          0          0              NaN                        
5    NEGB         62         0          0          0          0          0              NaN                        
5    NEGB         83         1          8          1          55         10             -- 10,00                   
5    NEGB         87         74         7          9          7335       90             ----------------- 82,22    
5    NEGB         93         61         0          20         5700       81             ---------------- 75,31     
5    NEGB         97         61         0          0          3721       61             -------------------- 100,00
5    NEGB         102        81         0          0          6587       81             -------------------- 100,00
5    NEGB         107        81         0          0          6567       81             -------------------- 100,00
5    NEGB         114        81         0          0          6567       81             -------------------- 100,00
6    NEGB         2          89         20         0          11618      109            ----------------- 81,65    
6    NEGB         5          10         20         0          787        30             ------- 33,33              
6    NEGB         6          89         20         0          11843      109            ----------------- 81,65    
6    NEGB         11         1          20         0          262        21             - 4,76                     
6    NEGB         12         16         93         0          12218      109            --- 14,68                  
6    NEGB         13         16         93         0          12218      109            --- 14,68                  
6    NEGB         16         1          0          0          1          1              -------------------- 100,00
6    NEGB         19         24         49         9          6074       82             ------ 29,27               
6    NEGB         22         0          8          1          45         9               0,00                      
6    NEGB         23         0          1          0          1          1               0,00                      
6    NEGB         28         0          81         0          4085       81              0,00                      
6    NEGB         33         1          60         0          3721       61             - 1,64                     
6    NEGB         37         0          109        0          10281      109             0,00                      
6    NEGB         41         16         93         0          12218      109            --- 14,68                  
6    NEGB         48         20         0          0          401        20             -------------------- 100,00
6    NEGB         53         0          20         0          400        20              0,00                      
6    NEGB         54         1          19         0          210        20             - 5,00                     
6    NEGB         58         0          0          0          0          0              NaN                        
6    NEGB         62         0          0          0          0          0              NaN                        
6    NEGB         83         1          8          1          55         10             -- 10,00                   
6    NEGB         87         81         0          9          7335       90             ------------------ 90,00   
6    NEGB         93         61         0          20         5785       81             ---------------- 75,31     
6    NEGB         97         61         0          0          3721       61             -------------------- 100,00
6    NEGB         102        81         0          0          6567       81             -------------------- 100,00
6    NEGB         107        81         0          0          6581       81             -------------------- 100,00
6    NEGB         114        81         0          0          6565       81             -------------------- 100,00
7    NEGB         2          113        20         0          17747      133            ----------------- 84,96    
7    NEGB         5          21         20         0          1582       41             ----------- 51,22          
7    NEGB         6          113        20         0          18476      133            ----------------- 84,96    
7    NEGB         11         6          20         0          487        26             ----- 23,08                
7    NEGB         12         60         73         0          20163      133            ---------- 45,11           
7    NEGB         13         60         73         0          20163      133            ---------- 45,11           
7    NEGB         16         1          0          0          1          1              -------------------- 100,00
7    NEGB         19         28         51         9          7090       88             ------- 31,82              
7    NEGB         22         0          8          1          45         9               0,00                      
7    NEGB         23         0          1          0          1          1               0,00                      
7    NEGB         28         5          82         0          5658       87             -- 5,75                    
7    NEGB         33         0          62         0          3949       62              0,00                      
7    NEGB         37         45         88         5          17706      138            ------- 32,61              
7    NEGB         41         60         73         0          20163      133            ---------- 45,11           
7    NEGB         48         24         1          0          650        25             -------------------- 96,00 
7    NEGB         53         0          25         0          554        25              0,00                      
7    NEGB         54         1          19         0          210        20             - 5,00                     
7    NEGB         58         0          5          0          64         5               0,00                      
7    NEGB         62         0          5          0          15         5               0,00                      
7    NEGB         83         1          8          1          55         10             -- 10,00                   
7    NEGB         87         81         0          9          7335       90             ------------------ 90,00   
7    NEGB         93         61         0          20         5778       81             ---------------- 75,31     
7    NEGB         97         61         0          0          3721       61             -------------------- 100,00
7    NEGB         102        86         5          0          8289       91             ------------------- 94,51  
7    NEGB         107        86         5          0          8327       91             ------------------- 94,51  
7    NEGB         114        86         5          0          8269       91             ------------------- 94,51  
8    NEGB         2          85         20         0          10824      105            ----------------- 80,95    
8    NEGB         5          9          20         0          687        29             ------- 31,03              
8    NEGB         6          85         20         0          11022      105            ----------------- 80,95    
8    NEGB         11         1          20         0          251        21             - 4,76                     
8    NEGB         12         19         86         0          11293      105            ---- 18,10                 
8    NEGB         13         19         86         0          11293      105            ---- 18,10                 
8    NEGB         16         1          0          0          1          1              -------------------- 100,00
8    NEGB         19         21         52         9          6067       82             ------ 25,61               
8    NEGB         22         0          8          1          45         9               0,00                      
8    NEGB         23         0          1          0          1          1               0,00                      
8    NEGB         28         0          81         0          4113       81              0,00                      
8    NEGB         33         1          60         0          3721       61             - 1,64                     
8    NEGB         37         0          105        0          10465      105             0,00                      
8    NEGB         41         19         86         0          11293      105            ---- 18,10                 
8    NEGB         48         20         0          0          400        20             -------------------- 100,00
8    NEGB         53         0          20         0          400        20              0,00                      
8    NEGB         54         1          19         0          210        20             - 5,00                     
8    NEGB         58         0          0          0          0          0              NaN                        
8    NEGB         62         0          0          0          0          0              NaN                        
8    NEGB         83         1          8          1          55         10             -- 10,00                   
8    NEGB         87         81         0          9          7335       90             ------------------ 90,00   
8    NEGB         93         61         0          20         5772       81             ---------------- 75,31     
8    NEGB         97         61         0          0          3721       61             -------------------- 100,00
8    NEGB         102        81         0          0          6563       81             -------------------- 100,00
8    NEGB         107        81         0          0          6575       81             -------------------- 100,00
8    NEGB         114        81         0          0          6563       81             -------------------- 100,00
9    NEGB         2          75         20         0          9258       95             ---------------- 78,95     
9    NEGB         5          5          20         0          576        25             ---- 20,00                 
9    NEGB         6          75         20         0          9321       95             ---------------- 78,95     
9    NEGB         11         0          20         0          256        20              0,00                      
9    NEGB         12         15         80         0          9602       95             ---- 15,79                 
9    NEGB         13         15         80         0          9602       95             ---- 15,79                 
9    NEGB         16         1          0          0          1          1              -------------------- 100,00
9    NEGB         19         23         50         9          6067       82             ------ 28,05               
9    NEGB         22         0          8          1          45         9               0,00                      
9    NEGB         23         0          1          0          1          1               0,00                      
9    NEGB         28         0          81         0          4258       81              0,00                      
9    NEGB         33         0          61         0          3761       61              0,00                      
9    NEGB         37         0          95         0          11095      95              0,00                      
9    NEGB         41         15         80         0          9602       95             ---- 15,79                 
9    NEGB         48         20         0          0          403        20             -------------------- 100,00
9    NEGB         53         0          20         0          405        20              0,00                      
9    NEGB         54         1          19         0          210        20             - 5,00                     
9    NEGB         58         0          0          0          0          0              NaN                        
9    NEGB         62         0          0          0          0          0              NaN                        
9    NEGB         83         1          8          1          55         10             -- 10,00                   
9    NEGB         87         81         0          9          7335       90             ------------------ 90,00   
9    NEGB         93         61         0          20         5738       81             ---------------- 75,31     
9    NEGB         97         61         0          0          3721       61             -------------------- 100,00
9    NEGB         102        81         0          0          6563       81             -------------------- 100,00
9    NEGB         107        81         0          0          6567       81             -------------------- 100,00
9    NEGB         114        81         0          0          6561       81             -------------------- 100,00
10   NEGB         2          83         20         0          11393      103            ----------------- 80,58    
10   NEGB         5          9          20         0          965        29             ------- 31,03              
10   NEGB         6          83         20         0          11591      103            ----------------- 80,58    
10   NEGB         11         1          20         0          364        21             - 4,76                     
10   NEGB         12         23         80         0          12341      103            ----- 22,33                
10   NEGB         13         23         80         0          12341      103            ----- 22,33                
10   NEGB         16         1          0          0          1          1              -------------------- 100,00
10   NEGB         19         23         50         9          6067       82             ------ 28,05               
10   NEGB         22         0          8          1          45         9               0,00                      
10   NEGB         23         0          1          0          1          1               0,00                      
10   NEGB         28         0          81         0          5043       81              0,00                      
10   NEGB         33         1          60         0          4051       61             - 1,64                     
10   NEGB         37         0          103        0          15434      103             0,00                      
10   NEGB         41         23         80         0          12341      103            ----- 22,33                
10   NEGB         48         20         0          0          406        20             -------------------- 100,00
10   NEGB         53         0          20         0          442        20              0,00                      
10   NEGB         54         1          19         0          210        20             - 5,00                     
10   NEGB         58         0          0          0          0          0              NaN                        
10   NEGB         62         0          0          0          0          0              NaN                        
10   NEGB         83         1          8          1          55         10             -- 10,00                   
10   NEGB         87         81         0          9          7335       90             ------------------ 90,00   
10   NEGB         93         61         0          20         5764       81             ---------------- 75,31     
10   NEGB         97         61         0          0          3721       61             -------------------- 100,00
10   NEGB         102        81         0          0          6563       81             -------------------- 100,00
10   NEGB         107        81         0          0          6579       81             -------------------- 100,00
10   NEGB         114        81         0          0          6563       81             -------------------- 100,00
11   NEGB         2          89         20         0          11591      109            ----------------- 81,65    
11   NEGB         5          10         20         0          834        30             ------- 33,33              
11   NEGB         6          89         20         0          11780      109            ----------------- 81,65    
11   NEGB         11         1          20         0          264        21             - 4,76                     
11   NEGB         12         20         89         0          12503      109            ---- 18,35                 
11   NEGB         13         20         89         0          12503      109            ---- 18,35                 
11   NEGB         16         1          0          0          1          1              -------------------- 100,00
11   NEGB         19         26         47         9          6070       82             ------- 31,71              
11   NEGB         22         0          8          1          45         9               0,00                      
11   NEGB         23         0          1          0          1          1               0,00                      
11   NEGB         28         0          81         0          4307       81              0,00                      
11   NEGB         33         3          58         0          3721       61             - 4,92                     
11   NEGB         37         0          109        0          11358      109             0,00                      
11   NEGB         41         20         89         0          12503      109            ---- 18,35                 
11   NEGB         48         20         0          0          417        20             -------------------- 100,00
11   NEGB         53         0          20         0          400        20              0,00                      
11   NEGB         54         1          19         0          210        20             - 5,00                     
11   NEGB         58         0          0          0          0          0              NaN                        
11   NEGB         62         0          0          0          0          0              NaN                        
11   NEGB         83         1          8          1          55         10             -- 10,00                   
11   NEGB         87         79         2          9          7335       90             ------------------ 87,78   
11   NEGB         93         61         0          20         5695       81             ---------------- 75,31     
11   NEGB         97         61         0          0          3721       61             -------------------- 100,00
11   NEGB         102        81         0          0          6561       81             -------------------- 100,00
11   NEGB         107        81         0          0          6581       81             -------------------- 100,00
11   NEGB         114        81         0          0          6565       81             -------------------- 100,00
12   NEGB         2          84         20         0          10806      104            ----------------- 80,77    
12   NEGB         5          11         20         0          858        31             -------- 35,48             
12   NEGB         6          84         20         0          10914      104            ----------------- 80,77    
12   NEGB         11         1          20         0          240        21             - 4,76                     
12   NEGB         12         31         73         0          11643      104            ------ 29,81               
12   NEGB         13         31         73         0          11643      104            ------ 29,81               
12   NEGB         16         1          0          0          1          1              -------------------- 100,00
12   NEGB         19         23         51         9          6251       83             ------ 27,71               
12   NEGB         22         0          8          1          45         9               0,00                      
12   NEGB         23         0          1          0          1          1               0,00                      
12   NEGB         28         1          81         0          4209       82             - 1,22                     
12   NEGB         33         1          60         0          3721       61             - 1,64                     
12   NEGB         37         9          95         1          11379      105            -- 8,57                    
12   NEGB         41         31         73         0          11643      104            ------ 29,81               
12   NEGB         48         20         1          0          442        21             -------------------- 95,24 
12   NEGB         53         0          21         0          432        21              0,00                      
12   NEGB         54         1          19         0          210        20             - 5,00                     
12   NEGB         58         0          1          0          13         1               0,00                      
12   NEGB         62         0          1          0          1          1               0,00                      
12   NEGB         83         2          7          1          55         10             ---- 20,00                 
12   NEGB         87         61         20         9          7335       90             -------------- 67,78       
12   NEGB         93         58         3          20         5771       81             --------------- 71,60      
12   NEGB         97         58         3          0          3721       61             -------------------- 95,08 
12   NEGB         102        82         1          0          6925       83             -------------------- 98,80 
12   NEGB         107        82         1          0          6907       83             -------------------- 98,80 
12   NEGB         114        82         1          0          6893       83             -------------------- 98,80 
13   NEGB         2          77         20         0          9422       97             ---------------- 79,38     
13   NEGB         5          7          20         0          688        27             ------ 25,93               
13   NEGB         6          77         20         0          9710       97             ---------------- 79,38     
13   NEGB         11         0          20         0          215        20              0,00                      
13   NEGB         12         17         80         0          9941       97             ---- 17,53                 
13   NEGB         13         17         80         0          9941       97             ---- 17,53                 
13   NEGB         16         1          0          0          1          1              -------------------- 100,00
13   NEGB         19         14         59         9          6075       82             ---- 17,07                 
13   NEGB         22         0          8          1          45         9               0,00                      
13   NEGB         23         0          1          0          1          1               0,00                      
13   NEGB         28         0          81         0          4095       81              0,00                      
13   NEGB         33         3          58         0          3724       61             - 4,92                     
13   NEGB         37         0          97         0          10582      97              0,00                      
13   NEGB         41         17         80         0          9941       97             ---- 17,53                 
13   NEGB         48         20         0          0          401        20             -------------------- 100,00
13   NEGB         53         0          20         0          402        20              0,00                      
13   NEGB         54         1          19         0          210        20             - 5,00                     
13   NEGB         58         0          0          0          0          0              NaN                        
13   NEGB         62         0          0          0          0          0              NaN                        
13   NEGB         83         1          8          1          55         10             -- 10,00                   
13   NEGB         87         80         1          9          7335       90             ------------------ 88,89   
13   NEGB         93         61         0          20         5883       81             ---------------- 75,31     
13   NEGB         97         61         0          0          3721       61             -------------------- 100,00
13   NEGB         102        81         0          0          6565       81             -------------------- 100,00
13   NEGB         107        81         0          0          6585       81             -------------------- 100,00
13   NEGB         114        81         0          0          6561       81             -------------------- 100,00
14   NEGB         2          44         20         0          4724       64             -------------- 68,75       
14   NEGB         5          11         20         0          808        31             -------- 35,48             
14   NEGB         6          44         20         0          4949       64             -------------- 68,75       
14   NEGB         11         1          20         0          250        21             - 4,76                     
14   NEGB         12         23         41         0          5525       64             -------- 35,94             
14   NEGB         13         23         41         0          5525       64             -------- 35,94             
14   NEGB         16         1          0          0          1          1              -------------------- 100,00
14   NEGB         19         27         46         9          6085       82             ------- 32,93              
14   NEGB         22         0          8          1          45         9               0,00                      
14   NEGB         23         0          1          0          1          1               0,00                      
14   NEGB         28         0          81         0          4192       81              0,00                      
14   NEGB         33         0          61         0          3721       61              0,00                      
14   NEGB         37         0          64         0          5852       64              0,00                      
14   NEGB         41         23         41         0          5525       64             -------- 35,94             
14   NEGB         48         20         0          0          412        20             -------------------- 100,00
14   NEGB         53         0          20         0          400        20              0,00                      
14   NEGB         54         1          19         0          210        20             - 5,00                     
14   NEGB         58         0          0          0          0          0              NaN                        
14   NEGB         62         0          0          0          0          0              NaN                        
14   NEGB         83         1          8          1          55         10             -- 10,00                   
14   NEGB         87         76         5          9          7335       90             ----------------- 84,44    
14   NEGB         93         61         0          20         5608       81             ---------------- 75,31     
14   NEGB         97         61         0          0          3721       61             -------------------- 100,00
14   NEGB         102        81         0          0          6565       81             -------------------- 100,00
14   NEGB         107        81         0          0          6573       81             -------------------- 100,00
14   NEGB         114        81         0          0          6563       81             -------------------- 100,00
15   NEGB         2          89         20         0          11618      109            ----------------- 81,65    
15   NEGB         5          6          20         0          612        26             ----- 23,08                
15   NEGB         6          89         20         0          11717      109            ----------------- 81,65    
15   NEGB         11         0          20         0          210        20              0,00                      
15   NEGB         12         15         94         0          12003      109            --- 13,76                  
15   NEGB         13         15         94         0          12003      109            --- 13,76                  
15   NEGB         16         1          0          0          1          1              -------------------- 100,00
15   NEGB         19         25         48         9          6079       82             ------- 30,49              
15   NEGB         22         0          8          1          45         9               0,00                      
15   NEGB         23         0          1          0          1          1               0,00                      
15   NEGB         28         0          81         0          4124       81              0,00                      
15   NEGB         33         0          61         0          3721       61              0,00                      
15   NEGB         37         0          109        0          11254      109             0,00                      
15   NEGB         41         15         94         0          12003      109            --- 13,76                  
15   NEGB         48         20         0          0          402        20             -------------------- 100,00
15   NEGB         53         0          20         0          400        20              0,00                      
15   NEGB         54         1          19         0          210        20             - 5,00                     
15   NEGB         58         0          0          0          0          0              NaN                        
15   NEGB         62         0          0          0          0          0              NaN                        
15   NEGB         83         1          8          1          55         10             -- 10,00                   
15   NEGB         87         76         5          9          7335       90             ----------------- 84,44    
15   NEGB         93         61         0          20         5701       81             ---------------- 75,31     
15   NEGB         97         61         0          0          3721       61             -------------------- 100,00
15   NEGB         102        81         0          0          6567       81             -------------------- 100,00
15   NEGB         107        81         0          0          6567       81             -------------------- 100,00
15   NEGB         114        81         0          0          6561       81             -------------------- 100,00
16   NEGB         2          99         20         0          14058      119            ----------------- 83,19    
16   NEGB         5          9          20         0          777        29             ------- 31,03              
16   NEGB         6          99         20         0          14364      119            ----------------- 83,19    
16   NEGB         11         2          20         0          295        22             -- 9,09                    
16   NEGB         12         33         86         0          14816      119            ------ 27,73               
16   NEGB         13         33         86         0          14816      119            ------ 27,73               
16   NEGB         16         1          0          0          1          1              -------------------- 100,00
16   NEGB         19         38         38         9          6544       85             --------- 44,71            
16   NEGB         22         0          8          1          45         9               0,00                      
16   NEGB         23         0          1          0          1          1               0,00                      
16   NEGB         28         2          82         0          4413       84             - 2,38                     
16   NEGB         33         0          62         0          3857       62              0,00                      
16   NEGB         37         18         101        2          14470      121            --- 14,88                  
16   NEGB         41         33         86         0          14816      119            ------ 27,73               
16   NEGB         48         21         1          0          482        22             -------------------- 95,45 
16   NEGB         53         0          22         0          496        22              0,00                      
16   NEGB         54         1          19         0          210        20             - 5,00                     
16   NEGB         58         0          2          0          41         2               0,00                      
16   NEGB         62         0          2          0          3          2               0,00                      
16   NEGB         83         1          8          1          55         10             -- 10,00                   
16   NEGB         87         81         0          9          7335       90             ------------------ 90,00   
16   NEGB         93         61         0          20         5751       81             ---------------- 75,31     
16   NEGB         97         61         0          0          3721       61             -------------------- 100,00
16   NEGB         102        83         2          0          7271       85             -------------------- 97,65 
16   NEGB         107        83         2          0          7277       85             -------------------- 97,65 
16   NEGB         114        83         2          0          7263       85             -------------------- 97,65 
17   NEGB         2          66         20         0          7566       86             ---------------- 76,74     
17   NEGB         5          6          20         0          622        26             ----- 23,08                
17   NEGB         6          66         20         0          7800       86             ---------------- 76,74     
17   NEGB         11         0          20         0          210        20              0,00                      
17   NEGB         12         16         70         0          7898       86             ---- 18,60                 
17   NEGB         13         16         70         0          7898       86             ---- 18,60                 
17   NEGB         16         1          0          0          1          1              -------------------- 100,00
17   NEGB         19         9          64         9          6067       82             --- 10,98                  
17   NEGB         22         0          8          1          45         9               0,00                      
17   NEGB         23         0          1          0          1          1               0,00                      
17   NEGB         28         0          81         0          4099       81              0,00                      
17   NEGB         33         1          60         0          3721       61             - 1,64                     
17   NEGB         37         0          86         0          9316       86              0,00                      
17   NEGB         41         16         70         0          7898       86             ---- 18,60                 
17   NEGB         48         20         0          0          403        20             -------------------- 100,00
17   NEGB         53         0          20         0          400        20              0,00                      
17   NEGB         54         1          19         0          210        20             - 5,00                     
17   NEGB         58         0          0          0          0          0              NaN                        
17   NEGB         62         0          0          0          0          0              NaN                        
17   NEGB         83         1          8          1          55         10             -- 10,00                   
17   NEGB         87         72         9          9          7335       90             ---------------- 80,00     
17   NEGB         93         60         1          20         5830       81             --------------- 74,07      
17   NEGB         97         60         1          0          3721       61             -------------------- 98,36 
17   NEGB         102        81         0          0          6561       81             -------------------- 100,00
17   NEGB         107        81         0          0          6579       81             -------------------- 100,00
17   NEGB         114        81         0          0          6561       81             -------------------- 100,00
18   NEGB         2          64         20         0          7302       84             ---------------- 76,19     
18   NEGB         5          5          20         0          586        25             ---- 20,00                 
18   NEGB         6          64         20         0          7680       84             ---------------- 76,19     
18   NEGB         11         0          20         0          210        20              0,00                      
18   NEGB         12         22         62         0          7930       84             ------ 26,19               
18   NEGB         13         22         62         0          7930       84             ------ 26,19               
18   NEGB         16         1          0          0          1          1              -------------------- 100,00
18   NEGB         19         28         45         9          6071       82             ------- 34,15              
18   NEGB         22         0          8          1          45         9               0,00                      
18   NEGB         23         0          1          0          1          1               0,00                      
18   NEGB         28         0          81         0          4086       81              0,00                      
18   NEGB         33         6          55         0          3721       61             -- 9,84                    
18   NEGB         37         0          84         0          9035       84              0,00                      
18   NEGB         41         22         62         0          7930       84             ------ 26,19               
18   NEGB         48         20         0          0          408        20             -------------------- 100,00
18   NEGB         53         0          20         0          400        20              0,00                      
18   NEGB         54         1          19         0          210        20             - 5,00                     
18   NEGB         58         0          0          0          0          0              NaN                        
18   NEGB         62         0          0          0          0          0              NaN                        
18   NEGB         83         1          8          1          55         10             -- 10,00                   
18   NEGB         87         81         0          9          7335       90             ------------------ 90,00   
18   NEGB         93         61         0          20         5760       81             ---------------- 75,31     
18   NEGB         97         61         0          0          3721       61             -------------------- 100,00
18   NEGB         102        81         0          0          6569       81             -------------------- 100,00
18   NEGB         107        81         0          0          6579       81             -------------------- 100,00
18   NEGB         114        81         0          0          6561       81             -------------------- 100,00
19   NEGB         2          93         20         0          12696      113            ----------------- 82,30    
19   NEGB         5          16         20         0          1183       36             --------- 44,44            
19   NEGB         6          93         20         0          13128      113            ----------------- 82,30    
19   NEGB         11         2          20         0          314        22             -- 9,09                    
19   NEGB         12         40         73         0          14600      113            -------- 35,40             
19   NEGB         13         40         73         0          14600      113            -------- 35,40             
19   NEGB         16         1          0          0          1          1              -------------------- 100,00
19   NEGB         19         22         55         9          6784       86             ------ 25,58               
19   NEGB         22         0          8          1          45         9               0,00                      
19   NEGB         23         0          1          0          1          1               0,00                      
19   NEGB         28         2          83         0          4703       85             - 2,35                     
19   NEGB         33         1          62         0          3959       63             - 1,59                     
19   NEGB         37         18         95         2          11585      115            ---- 15,65                 
19   NEGB         41         40         73         0          14600      113            -------- 35,40             
19   NEGB         48         20         2          0          484        22             ------------------- 90,91  
19   NEGB         53         0          22         0          476        22              0,00                      
19   NEGB         54         1          19         0          210        20             - 5,00                     
19   NEGB         58         0          2          0          34         2               0,00                      
19   NEGB         62         0          2          0          3          2               0,00                      
19   NEGB         83         1          8          1          55         10             -- 10,00                   
19   NEGB         87         71         10         9          7335       90             ---------------- 78,89     
19   NEGB         93         61         0          20         5767       81             ---------------- 75,31     
19   NEGB         97         61         0          0          3721       61             -------------------- 100,00
19   NEGB         102        83         2          0          7277       85             -------------------- 97,65 
19   NEGB         107        83         2          0          7285       85             -------------------- 97,65 
19   NEGB         114        83         2          0          7247       85             -------------------- 97,65 
