contains the data for the random rates analysis graph with Perturbator as perturbator.
Exploration Boolean Negation
NEGB : negation of boolean value.
random rate : 0.001 0.005 0.01 0.05 0.1 0.15 0.2 0.25 0.3 
5 repetition
20 sudoku grid 
Those grid are read from file in resources/sudoku/grid.txt
26 perturbations points
RandomRate Perturbator IndexLoc   #Success   #Failure   #Exception #Call      #Perturbation  %Success                   
0.0        None        2          20         0          0          2020       0              -------------------- 100,00
0.001      NEGB        2          99         1          0          10166      12             -------------------- 99,00 
0.005      NEGB        2          90         10         0          10066      45             ------------------ 90,00   
0.01       NEGB        2          82         18         0          10023      103            ----------------- 82,00    
0.05       NEGB        2          46         54         0          9462       446            ---------- 46,00           
0.1        NEGB        2          13         87         0          8519       874            --- 13,00                  
0.15       NEGB        2          1          99         0          6535       1017           - 1,00                     
0.2        NEGB        2          1          99         0          5599       1128           - 1,00                     
0.25       NEGB        2          0          100        0          4410       1108            0,00                      
0.3        NEGB        2          0          100        0          4113       1238            0,00                      
0.0        None        5          20         0          0          594        0              -------------------- 100,00
0.001      NEGB        5          98         2          0          2939       2              -------------------- 98,00 
0.005      NEGB        5          89         11         0          2980       14             ------------------ 89,00   
0.01       NEGB        5          78         22         0          2807       28             ---------------- 78,00     
0.05       NEGB        5          41         59         0          2913       137            --------- 41,00            
0.1        NEGB        5          12         88         0          2413       249            --- 12,00                  
0.15       NEGB        5          3          97         0          2433       372            - 3,00                     
0.2        NEGB        5          1          99         0          2233       444            - 1,00                     
0.25       NEGB        5          0          100        0          1582       387             0,00                      
0.3        NEGB        5          0          100        0          1806       526             0,00                      
0.0        None        6          20         0          0          2020       0              -------------------- 100,00
0.001      NEGB        6          99         1          0          10166      12             -------------------- 99,00 
0.005      NEGB        6          94         6          0          10258      47             ------------------- 94,00  
0.01       NEGB        6          76         24         0          10127      105            ---------------- 76,00     
0.05       NEGB        6          42         58         0          10563      506            --------- 42,00            
0.1        NEGB        6          5          95         0          21462      2134           - 5,00                     
0.15       NEGB        6          2          98         0          27302      4134           - 2,00                     
0.2        NEGB        6          0          100        0          26858      5402            0,00                      
0.25       NEGB        6          0          100        0          24759      6190            0,00                      
0.3        NEGB        6          0          100        0          26260      7905            0,00                      
0.0        None        11         20         0          0          420        0              -------------------- 100,00
0.001      NEGB        11         99         1          0          2096       1              -------------------- 99,00 
0.005      NEGB        11         92         8          0          2068       9              ------------------- 92,00  
0.01       NEGB        11         85         15         0          1964       19             ----------------- 85,00    
0.05       NEGB        11         41         59         0          1453       70             --------- 41,00            
0.1        NEGB        11         11         89         0          927        109            --- 11,00                  
0.15       NEGB        11         1          99         0          721        123            - 1,00                     
0.2        NEGB        11         1          99         0          547        127            - 1,00                     
0.25       NEGB        11         1          99         0          465        126            - 1,00                     
0.3        NEGB        11         0          100        0          427        131             0,00                      
0.0        None        12         20         0          0          2020       0              -------------------- 100,00
0.001      NEGB        12         92         8          0          10218      12             ------------------- 92,00  
0.005      NEGB        12         72         28         0          11389      53             --------------- 72,00      
0.01       NEGB        12         46         54         0          10321      107            ---------- 46,00           
0.05       NEGB        12         0          100        0          13360      650             0,00                      
0.1        NEGB        12         0          100        0          10600      1069            0,00                      
0.15       NEGB        12         0          100        0          8953       1402            0,00                      
0.2        NEGB        12         0          100        0          7521       1532            0,00                      
0.25       NEGB        12         0          100        0          6822       1717            0,00                      
0.3        NEGB        12         0          100        0          5831       1739            0,00                      
0.0        None        13         20         0          0          2020       0              -------------------- 100,00
0.001      NEGB        13         92         8          0          10218      12             ------------------- 92,00  
0.005      NEGB        13         72         28         0          11389      53             --------------- 72,00      
0.01       NEGB        13         46         54         0          10321      107            ---------- 46,00           
0.05       NEGB        13         0          100        0          13360      650             0,00                      
0.1        NEGB        13         0          100        0          10600      1069            0,00                      
0.15       NEGB        13         0          100        0          8953       1402            0,00                      
0.2        NEGB        13         0          100        0          7521       1532            0,00                      
0.25       NEGB        13         0          100        0          6822       1717            0,00                      
0.3        NEGB        13         0          100        0          5831       1739            0,00                      
0.0        None        16         20         0          0          20         0              -------------------- 100,00
0.001      NEGB        16         100        0          0          100        0              NaN                        
0.005      NEGB        16         100        0          0          100        1              -------------------- 100,00
0.01       NEGB        16         100        0          0          100        1              -------------------- 100,00
0.05       NEGB        16         100        0          0          100        6              -------------------- 100,00
0.1        NEGB        16         100        0          0          100        14             -------------------- 100,00
0.15       NEGB        16         100        0          0          100        20             -------------------- 100,00
0.2        NEGB        16         100        0          0          100        24             -------------------- 100,00
0.25       NEGB        16         100        0          0          100        28             -------------------- 100,00
0.3        NEGB        16         100        0          0          100        31             -------------------- 100,00
0.0        None        19         20         0          0          1658       0              -------------------- 100,00
0.001      NEGB        19         96         4          0          8237       8              -------------------- 96,00 
0.005      NEGB        19         77         19         4          7917       35             ---------------- 77,00     
0.01       NEGB        19         49         46         5          7845       78             ---------- 49,00           
0.05       NEGB        19         5          68         27         6210       293            - 5,00                     
0.1        NEGB        19         0          63         37         4605       474             0,00                      
0.15       NEGB        19         0          63         37         3956       617             0,00                      
0.2        NEGB        19         0          71         29         3508       714             0,00                      
0.25       NEGB        19         0          82         18         3187       794             0,00                      
0.3        NEGB        19         0          85         15         2839       831             0,00                      
0.0        None        22         20         0          0          180        0              -------------------- 100,00
0.001      NEGB        22         100        0          0          900        0              NaN                        
0.005      NEGB        22         98         2          0          894        2              -------------------- 98,00 
0.01       NEGB        22         96         3          1          885        4              -------------------- 96,00 
0.05       NEGB        22         64         31         5          749        36             ------------- 64,00        
0.1        NEGB        22         36         60         4          580        64             -------- 36,00             
0.15       NEGB        22         24         75         1          465        76             ----- 24,00                
0.2        NEGB        22         12         86         2          401        88             --- 12,00                  
0.25       NEGB        22         9          89         2          347        91             -- 9,00                    
0.3        NEGB        22         7          92         1          315        93             -- 7,00                    
0.0        None        23         20         0          0          20         0              -------------------- 100,00
0.001      NEGB        23         100        0          0          100        0              NaN                        
0.005      NEGB        23         99         1          0          100        1              -------------------- 99,00 
0.01       NEGB        23         99         1          0          100        1              -------------------- 99,00 
0.05       NEGB        23         94         6          0          100        6              ------------------- 94,00  
0.1        NEGB        23         86         14         0          100        14             ------------------ 86,00   
0.15       NEGB        23         80         20         0          100        20             ---------------- 80,00     
0.2        NEGB        23         76         24         0          100        24             ---------------- 76,00     
0.25       NEGB        23         73         27         0          101        28             --------------- 73,00      
0.3        NEGB        23         70         30         0          101        31             -------------- 70,00       
0.0        None        28         20         0          0          1638       0              -------------------- 100,00
0.001      NEGB        28         94         6          0          7994       6              ------------------- 94,00  
0.005      NEGB        28         66         34         0          7181       34             -------------- 66,00       
0.01       NEGB        28         41         59         0          6468       67             --------- 41,00            
0.05       NEGB        28         2          98         0          2888       136            - 2,00                     
0.1        NEGB        28         0          100        0          1451       153             0,00                      
0.15       NEGB        28         0          100        0          859        148             0,00                      
0.2        NEGB        28         0          100        0          707        159             0,00                      
0.25       NEGB        28         0          100        0          543        149             0,00                      
0.3        NEGB        28         0          100        0          482        158             0,00                      
0.0        None        33         20         0          0          1226       0              -------------------- 100,00
0.001      NEGB        33         96         4          0          6130       4              -------------------- 96,00 
0.005      NEGB        33         77         23         0          6138       27             ---------------- 77,00     
0.01       NEGB        33         57         43         0          6165       61             ------------ 57,00         
0.05       NEGB        33         9          91         0          6206       293            -- 9,00                    
0.1        NEGB        33         0          100        0          6139       616             0,00                      
0.15       NEGB        33         0          100        0          6208       950             0,00                      
0.2        NEGB        33         0          100        0          6039       1214            0,00                      
0.25       NEGB        33         0          100        0          6019       1499            0,00                      
0.3        NEGB        33         0          100        0          5972       1776            0,00                      
0.0        None        37         20         0          0          2032       0              -------------------- 100,00
0.001      NEGB        37         90         10         0          10197      12             ------------------ 90,00   
0.005      NEGB        37         64         33         3          10517      49             ------------- 64,00        
0.01       NEGB        37         43         47         10         9948       103            --------- 43,00            
0.05       NEGB        37         0          88         12         3900       193             0,00                      
0.1        NEGB        37         0          85         15         1803       186             0,00                      
0.15       NEGB        37         0          91         9          1151       189             0,00                      
0.2        NEGB        37         0          95         5          780        176             0,00                      
0.25       NEGB        37         0          96         4          600        158             0,00                      
0.3        NEGB        37         0          97         3          446        138             0,00                      
0.0        None        41         20         0          0          2020       0              -------------------- 100,00
0.001      NEGB        41         92         8          0          10218      12             ------------------- 92,00  
0.005      NEGB        41         72         28         0          11389      53             --------------- 72,00      
0.01       NEGB        41         46         54         0          10321      107            ---------- 46,00           
0.05       NEGB        41         0          100        0          13360      650             0,00                      
0.1        NEGB        41         0          100        0          10600      1069            0,00                      
0.15       NEGB        41         0          100        0          8953       1402            0,00                      
0.2        NEGB        41         0          100        0          7521       1532            0,00                      
0.25       NEGB        41         0          100        0          6822       1717            0,00                      
0.3        NEGB        41         0          100        0          5831       1739            0,00                      
0.0        None        48         20         0          0          412        0              -------------------- 100,00
0.001      NEGB        48         100        0          0          2060       1              -------------------- 100,00
0.005      NEGB        48         100        0          0          2061       9              -------------------- 100,00
0.01       NEGB        48         100        0          0          2067       19             -------------------- 100,00
0.05       NEGB        48         96         4          0          2111       98             -------------------- 96,00 
0.1        NEGB        48         90         10         0          2144       219            ------------------ 90,00   
0.15       NEGB        48         84         16         0          2201       336            ----------------- 84,00    
0.2        NEGB        48         82         18         0          2185       436            ----------------- 82,00    
0.25       NEGB        48         72         28         0          2177       537            --------------- 72,00      
0.3        NEGB        48         77         23         0          2334       673            ---------------- 77,00     
0.0        None        53         20         0          0          412        0              -------------------- 100,00
0.001      NEGB        53         99         1          0          2060       1              -------------------- 99,00 
0.005      NEGB        53         91         9          0          2060       9              ------------------- 91,00  
0.01       NEGB        53         81         19         0          2064       19             ----------------- 81,00    
0.05       NEGB        53         38         62         0          2076       97             -------- 38,00             
0.1        NEGB        53         12         88         0          2008       207            --- 12,00                  
0.15       NEGB        53         7          93         0          2049       319            -- 7,00                    
0.2        NEGB        53         3          97         0          2004       407            - 3,00                     
0.25       NEGB        53         0          100        0          1954       490             0,00                      
0.3        NEGB        53         0          100        0          1947       572             0,00                      
0.0        None        54         20         0          0          400        0              -------------------- 100,00
0.001      NEGB        54         99         1          0          1989       1              -------------------- 99,00 
0.005      NEGB        54         93         7          0          1918       9              ------------------- 93,00  
0.01       NEGB        54         84         16         0          1823       17             ----------------- 84,00    
0.05       NEGB        54         39         61         0          1285       65             -------- 39,00             
0.1        NEGB        54         11         89         0          814        95             --- 11,00                  
0.15       NEGB        54         4          96         0          622        104            - 4,00                     
0.2        NEGB        54         2          98         0          466        107            - 2,00                     
0.25       NEGB        54         1          99         0          417        108            - 1,00                     
0.3        NEGB        54         0          100        0          353        108             0,00                      
0.0        None        58         20         0          0          12         0              -------------------- 100,00
0.001      NEGB        58         100        0          0          60         0              NaN                        
0.005      NEGB        58         99         1          0          80         1              -------------------- 99,00 
0.01       NEGB        58         99         1          0          80         1              -------------------- 99,00 
0.05       NEGB        58         99         1          0          76         5              -------------------- 99,00 
0.1        NEGB        58         94         6          0          125        15             ------------------- 94,00  
0.15       NEGB        58         93         7          0          125        23             ------------------- 93,00  
0.2        NEGB        58         91         9          0          163        37             ------------------- 91,00  
0.25       NEGB        58         88         12         0          181        46             ------------------ 88,00   
0.3        NEGB        58         83         17         0          238        69             ----------------- 83,00    
0.0        None        62         20         0          0          12         0              -------------------- 100,00
0.001      NEGB        62         100        0          0          60         0              NaN                        
0.005      NEGB        62         99         1          0          60         1              -------------------- 99,00 
0.01       NEGB        62         99         1          0          60         1              -------------------- 99,00 
0.05       NEGB        62         96         4          0          58         4              -------------------- 96,00 
0.1        NEGB        62         92         8          0          53         8              ------------------- 92,00  
0.15       NEGB        62         92         8          0          47         8              ------------------- 92,00  
0.2        NEGB        62         92         8          0          45         8              ------------------- 92,00  
0.25       NEGB        62         90         10         0          45         10             ------------------ 90,00   
0.3        NEGB        62         89         11         0          44         11             ------------------ 89,00   
0.0        None        83         20         0          0          200        0              -------------------- 100,00
0.001      NEGB        83         100        0          0          1000       0              NaN                        
0.005      NEGB        83         98         0          2          1000       2              -------------------- 98,00 
0.01       NEGB        83         96         3          1          986        6              -------------------- 96,00 
0.05       NEGB        83         64         36         0          777        38             ------------- 64,00        
0.1        NEGB        83         36         61         3          614        66             -------- 36,00             
0.15       NEGB        83         23         75         2          479        80             ----- 23,00                
0.2        NEGB        83         13         87         0          405        89             --- 13,00                  
0.25       NEGB        83         9          89         2          351        93             -- 9,00                    
0.3        NEGB        83         5          92         3          324        96             - 5,00                     
0.0        None        87         20         0          0          1800       0              -------------------- 100,00
0.001      NEGB        87         98         1          1          8930       9              -------------------- 98,00 
0.005      NEGB        87         96         2          2          8770       41             -------------------- 96,00 
0.01       NEGB        87         82         13         5          8492       86             ----------------- 82,00    
0.05       NEGB        87         29         54         17         6722       314            ------ 29,00               
0.1        NEGB        87         4          65         31         5012       518            - 4,00                     
0.15       NEGB        87         0          68         32         4074       638             0,00                      
0.2        NEGB        87         0          80         20         3573       727             0,00                      
0.25       NEGB        87         0          83         17         3239       804             0,00                      
0.3        NEGB        87         0          91         9          2836       830             0,00                      
0.0        None        93         20         0          0          1620       0              -------------------- 100,00
0.001      NEGB        93         98         0          2          7981       6              -------------------- 98,00 
0.005      NEGB        93         84         1          15         7647       34             ----------------- 84,00    
0.01       NEGB        93         80         0          20         7391       74             ---------------- 80,00     
0.05       NEGB        93         36         2          62         5106       252            -------- 36,00             
0.1        NEGB        93         6          3          91         2888       296            -- 6,00                    
0.15       NEGB        93         2          1          97         2320       357            - 2,00                     
0.2        NEGB        93         0          0          100        1626       330             0,00                      
0.25       NEGB        93         0          0          100        1575       386             0,00                      
0.3        NEGB        93         0          0          100        1250       370             0,00                      
0.0        None        97         20         0          0          1220       0              -------------------- 100,00
0.001      NEGB        97         100        0          0          6100       4              -------------------- 100,00
0.005      NEGB        97         99         1          0          6100       27             -------------------- 99,00 
0.01       NEGB        97         99         1          0          6100       61             -------------------- 99,00 
0.05       NEGB        97         95         5          0          6100       286            ------------------- 95,00  
0.1        NEGB        97         71         29         0          6100       611            --------------- 71,00      
0.15       NEGB        97         52         48         0          6100       939            ----------- 52,00          
0.2        NEGB        97         37         63         0          6100       1228           -------- 37,00             
0.25       NEGB        97         16         84         0          6100       1526           ---- 16,00                 
0.3        NEGB        97         9          91         0          6100       1820           -- 9,00                    
0.0        None        102        20         0          0          1644       0              -------------------- 100,00
0.001      NEGB        102        100        0          0          8222       8              -------------------- 100,00
0.005      NEGB        102        100        0          0          8224       38             -------------------- 100,00
0.01       NEGB        102        100        0          0          8226       84             -------------------- 100,00
0.05       NEGB        102        98         2          0          8258       384            -------------------- 98,00 
0.1        NEGB        102        93         7          0          8378       859            ------------------- 93,00  
0.15       NEGB        102        80         20         0          8540       1346           ---------------- 80,00     
0.2        NEGB        102        84         16         0          8378       1732           ----------------- 84,00    
0.25       NEGB        102        81         19         0          8488       2174           ----------------- 81,00    
0.3        NEGB        102        71         29         0          8698       2648           --------------- 71,00      
0.0        None        107        20         0          0          1644       0              -------------------- 100,00
0.001      NEGB        107        100        0          0          8232       8              -------------------- 100,00
0.005      NEGB        107        100        0          0          8232       39             -------------------- 100,00
0.01       NEGB        107        99         1          0          8264       85             -------------------- 99,00 
0.05       NEGB        107        99         1          0          8332       390            -------------------- 99,00 
0.1        NEGB        107        84         16         0          8432       864            ----------------- 84,00    
0.15       NEGB        107        80         20         0          8524       1345           ---------------- 80,00     
0.2        NEGB        107        69         31         0          8628       1776           -------------- 69,00       
0.25       NEGB        107        57         43         0          8954       2279           ------------ 57,00         
0.3        NEGB        107        51         49         0          8724       2660           ----------- 51,00          
0.0        None        114        20         0          0          1644       0              -------------------- 100,00
0.001      NEGB        114        100        0          0          8220       8              -------------------- 100,00
0.005      NEGB        114        100        0          0          8222       38             -------------------- 100,00
0.01       NEGB        114        100        0          0          8222       84             -------------------- 100,00
0.05       NEGB        114        97         3          0          8244       383            -------------------- 97,00 
0.1        NEGB        114        95         5          0          8274       849            ------------------- 95,00  
0.15       NEGB        114        94         6          0          8238       1302           ------------------- 94,00  
0.2        NEGB        114        91         9          0          8248       1709           ------------------- 91,00  
0.25       NEGB        114        87         13         0          8300       2127           ------------------ 87,00   
0.3        NEGB        114        91         9          0          8260       2520           ------------------- 91,00  
