aggregate data per location for random rate = 0.001 and with Perturbator = 1
Exploration Plus One
PONE : plus one perturbator
20 sudoku grid 
Those grid are read from file in resources/sudoku/grid.txt
89 perturbations points
IndexLoc   #Success   #Failure   #Exception #CallAllExecs      AvgCallPerExec     #Perturbations AvgPerturbationPerExec   #Execs     #Tasks     %Success                   
0          97         1          2          10008              500,40             11             0,55                     20         20         -------------------- 97,00 
1          95         3          2          9946               497,30             11             0,55                     20         20         ------------------- 95,00  
3          99         1          0          2974               148,70             2              0,10                     20         20         -------------------- 99,00 
4          100        0          0          2970               148,50             2              0,10                     20         20         -------------------- 100,00
7          100        0          0          2100               105,00             1              0,05                     20         20         -------------------- 100,00
8          100        0          0          2100               105,00             1              0,05                     20         20         -------------------- 100,00
9          99         1          0          2096               104,80             1              0,05                     20         20         -------------------- 99,00 
10         99         1          0          2096               104,80             1              0,05                     20         20         -------------------- 99,00 
14         100        0          0          100                5,00               0              0,00                     20         20         NaN                        
15         100        0          0          100                5,00               0              0,00                     20         20         NaN                        
17         99         1          0          8289               414,45             8              0,40                     20         20         -------------------- 99,00 
18         100        0          0          8290               414,50             8              0,40                     20         20         -------------------- 100,00
20         100        0          0          900                45,00              0              0,00                     20         20         NaN                        
21         100        0          0          900                45,00              0              0,00                     20         20         NaN                        
24         95         4          1          8057               402,85             8              0,40                     20         20         ------------------- 95,00  
25         97         1          2          8162               408,10             8              0,40                     20         20         -------------------- 97,00 
26         97         3          0          8217               410,85             8              0,40                     20         20         -------------------- 97,00 
27         97         3          0          8217               410,85             8              0,40                     20         20         -------------------- 97,00 
29         99         1          0          6127               306,35             4              0,20                     20         20         -------------------- 99,00 
30         99         1          0          6127               306,35             4              0,20                     20         20         -------------------- 99,00 
31         99         1          0          6127               306,35             4              0,20                     20         20         -------------------- 99,00 
32         97         3          0          6102               305,10             4              0,20                     20         20         -------------------- 97,00 
34         100        0          0          2060               103,00             1              0,05                     20         20         -------------------- 100,00
35         99         1          0          10188              509,40             12             0,60                     20         20         -------------------- 99,00 
36         100        0          0          10160              508,00             12             0,60                     20         20         -------------------- 100,00
38         97         1          2          10008              500,40             11             0,55                     20         20         -------------------- 97,00 
39         95         4          1          10002              500,10             11             0,55                     20         20         ------------------- 95,00  
40         94         6          0          10005              500,25             11             0,55                     20         20         ------------------- 94,00  
42         99         1          0          2060               103,00             1              0,05                     20         20         -------------------- 99,00 
43         99         1          0          2060               103,00             1              0,05                     20         20         -------------------- 99,00 
44         99         1          0          2060               103,00             1              0,05                     20         20         -------------------- 99,00 
45         100        0          0          2060               103,00             1              0,05                     20         20         -------------------- 100,00
46         99         1          0          2064               103,20             1              0,05                     20         20         -------------------- 99,00 
47         99         1          0          2062               103,10             1              0,05                     20         20         -------------------- 99,00 
49         100        0          0          2060               103,00             1              0,05                     20         20         -------------------- 100,00
50         100        0          0          2060               103,00             1              0,05                     20         20         -------------------- 100,00
51         100        0          0          2060               103,00             1              0,05                     20         20         -------------------- 100,00
52         99         1          0          2058               102,90             1              0,05                     20         20         -------------------- 99,00 
55         100        0          0          60                 3,00               0              0,00                     20         20         NaN                        
56         100        0          0          60                 3,00               0              0,00                     20         20         NaN                        
57         100        0          0          60                 3,00               0              0,00                     20         20         NaN                        
59         100        0          0          60                 3,00               0              0,00                     20         20         NaN                        
60         100        0          0          60                 3,00               0              0,00                     20         20         NaN                        
61         100        0          0          60                 3,00               0              0,00                     20         20         NaN                        
63         98         2          0          10305              515,25             12             0,60                     20         20         -------------------- 98,00 
64         96         4          0          10235              511,75             12             0,60                     20         20         -------------------- 96,00 
65         93         5          2          10213              510,65             12             0,60                     20         20         ------------------- 93,00  
66         99         0          1          10319              515,95             12             0,60                     20         20         -------------------- 99,00 
67         100        0          0          10320              516,00             12             0,60                     20         20         -------------------- 100,00
68         94         6          0          10275              513,75             12             0,60                     20         20         ------------------- 94,00  
69         93         5          2          10213              510,65             12             0,60                     20         20         ------------------- 93,00  
70         95         5          0          10341              517,05             12             0,60                     20         20         ------------------- 95,00  
71         94         6          0          10275              513,75             12             0,60                     20         20         ------------------- 94,00  
72         94         6          0          10275              513,75             12             0,60                     20         20         ------------------- 94,00  
73         94         6          0          10275              513,75             12             0,60                     20         20         ------------------- 94,00  
74         100        0          0          100                5,00               0              0,00                     20         20         NaN                        
75         100        0          0          100                5,00               0              0,00                     20         20         NaN                        
76         100        0          0          100                5,00               0              0,00                     20         20         NaN                        
77         100        0          0          100                5,00               0              0,00                     20         20         NaN                        
78         100        0          0          100                5,00               0              0,00                     20         20         NaN                        
79         100        0          0          100                5,00               0              0,00                     20         20         NaN                        
80         100        0          0          100                5,00               0              0,00                     20         20         NaN                        
81         100        0          0          1000               50,00              0              0,00                     20         20         NaN                        
82         100        0          0          1000               50,00              0              0,00                     20         20         NaN                        
84         100        0          0          900                45,00              0              0,00                     20         20         NaN                        
85         100        0          0          8998               449,90             9              0,45                     20         20         -------------------- 100,00
86         99         0          1          8950               447,50             9              0,45                     20         20         -------------------- 99,00 
88         99         0          1          8094               404,70             8              0,40                     20         20         -------------------- 99,00 
89         97         3          0          8100               405,00             8              0,40                     20         20         -------------------- 97,00 
90         97         2          1          8054               402,70             7              0,35                     20         20         -------------------- 97,00 
91         98         0          2          7981               399,05             6              0,30                     20         20         -------------------- 98,00 
92         98         0          2          7981               399,05             6              0,30                     20         20         -------------------- 98,00 
94         99         0          1          6099               304,95             4              0,20                     20         20         -------------------- 99,00 
95         97         2          1          6076               303,80             4              0,20                     20         20         -------------------- 97,00 
96         97         3          0          6100               305,00             4              0,20                     20         20         -------------------- 97,00 
98         97         1          2          8213               410,65             8              0,40                     20         20         -------------------- 97,00 
99         96         3          1          8208               410,40             8              0,40                     20         20         -------------------- 96,00 
100        100        0          0          8222               411,10             8              0,40                     20         20         -------------------- 100,00
101        96         3          1          8208               410,40             8              0,40                     20         20         -------------------- 96,00 
103        97         2          1          8241               412,05             8              0,40                     20         20         -------------------- 97,00 
104        96         1          3          8119               405,95             8              0,40                     20         20         -------------------- 96,00 
105        98         1          1          8224               411,20             8              0,40                     20         20         -------------------- 98,00 
106        96         1          3          8119               405,95             8              0,40                     20         20         -------------------- 96,00 
108        98         0          2          8193               409,65             8              0,40                     20         20         -------------------- 98,00 
109        98         2          0          8244               412,20             8              0,40                     20         20         -------------------- 98,00 
110        98         2          0          8244               412,20             8              0,40                     20         20         -------------------- 98,00 
111        97         2          1          8204               410,20             8              0,40                     20         20         -------------------- 97,00 
112        100        0          0          8220               411,00             8              0,40                     20         20         -------------------- 100,00
113        97         2          1          8204               410,20             8              0,40                     20         20         -------------------- 97,00 
