aggregate data per location for Magnitude = 100
Exploration Plus Magnitude
magnitude value : 1 5 10 20 50 75 100 
PM : Numerical Perturbator
20 sudoku grid 
Those grid are read from file in resources/sudoku/grid.txt
89 perturbations points
IndexLoc   #Success   #Failure   #Exception #CallAllExecs      AvgCallPerExec     #Perturbations AvgPerturbationPerExec   #Execs     #ExecsRef  AvgCallRefPerTask #Tasks     %Success                   
0          0          0          2020       105130             52,04              2020           1,00                     2020       2020       101.0             20          0,00                      
1          0          0          2020       105130             52,04              2020           1,00                     2020       2020       101.0             20          0,00                      
3          0          0          594        9247               15,57              594            1,00                     594        594        29.7              20          0,00                      
4          0          0          594        9247               15,57              594            1,00                     594        594        29.7              20          0,00                      
7          0          0          420        4638               11,04              420            1,00                     420        420        21.0              20          0,00                      
8          0          0          420        4638               11,04              420            1,00                     420        420        21.0              20          0,00                      
9          0          0          420        4638               11,04              420            1,00                     420        420        21.0              20          0,00                      
10         0          0          420        4638               11,04              420            1,00                     420        420        21.0              20          0,00                      
14         0          0          20         20                 1,00               20             1,00                     20         20         1.0               20          0,00                      
15         0          0          20         20                 1,00               20             1,00                     20         20         1.0               20          0,00                      
17         1478       0          180        130961             78,99              1658           1,00                     1658       1658       82.9              20         ------------------ 89,14   
18         1478       0          180        130961             78,99              1658           1,00                     1658       1658       82.9              20         ------------------ 89,14   
20         20         0          160        900                5,00               180            1,00                     180        180        9.0               20         --- 11,11                  
21         160        0          20         1620               9,00               180            1,00                     180        180        9.0               20         ------------------ 88,89   
24         0          0          1638       67926              41,47              1638           1,00                     1638       1638       81.9              20          0,00                      
25         0          0          1638       67926              41,47              1638           1,00                     1638       1638       81.9              20          0,00                      
26         1238       400        0          134893             82,35              1638           1,00                     1638       1638       81.9              20         ---------------- 75,58     
27         1238       400        0          134893             82,35              1638           1,00                     1638       1638       81.9              20         ---------------- 75,58     
29         0          0          1226       38194              31,15              1226           1,00                     1226       1226       61.3              20          0,00                      
30         0          0          1226       38194              31,15              1226           1,00                     1226       1226       61.3              20          0,00                      
31         0          0          1226       38194              31,15              1226           1,00                     1226       1226       61.3              20          0,00                      
32         0          0          1226       38194              31,15              1226           1,00                     1226       1226       61.3              20          0,00                      
34         34         378        0          5301               12,87              412            1,00                     412        412        20.6              20         -- 8,25                    
35         215        1817       0          234729             115,52             2032           1,00                     2032       2032       101.6             20         --- 10,58                  
36         2020       0          12         210552             103,62             2032           1,00                     2032       2032       101.6             20         -------------------- 99,41 
38         0          0          2020       105130             52,04              2020           1,00                     2020       2020       101.0             20          0,00                      
39         1426       0          594        175676             86,97              2020           1,00                     2020       2020       101.0             20         --------------- 70,59      
40         0          0          2020       105130             52,04              2020           1,00                     2020       2020       101.0             20          0,00                      
42         0          0          412        4465               10,84              412            1,00                     412        412        20.6              20          0,00                      
43         0          0          412        4465               10,84              412            1,00                     412        412        20.6              20          0,00                      
44         12         400        0          8518               20,67              412            1,00                     412        412        20.6              20         - 2,91                     
45         0          0          412        4465               10,84              412            1,00                     412        412        20.6              20          0,00                      
46         0          0          412        4465               10,84              412            1,00                     412        412        20.6              20          0,00                      
47         0          0          412        4465               10,84              412            1,00                     412        412        20.6              20          0,00                      
49         0          0          412        4465               10,84              412            1,00                     412        412        20.6              20          0,00                      
50         0          0          412        4465               10,84              412            1,00                     412        412        20.6              20          0,00                      
51         0          0          412        4465               10,84              412            1,00                     412        412        20.6              20          0,00                      
52         0          0          412        4465               10,84              412            1,00                     412        412        20.6              20          0,00                      
55         0          0          12         25                 2,08               12             1,00                     12         12         0.6               20          0,00                      
56         0          0          12         25                 2,08               12             1,00                     12         12         0.6               20          0,00                      
57         0          0          12         25                 2,08               12             1,00                     12         12         0.6               20          0,00                      
59         0          0          12         25                 2,08               12             1,00                     12         12         0.6               20          0,00                      
60         0          0          12         25                 2,08               12             1,00                     12         12         0.6               20          0,00                      
61         0          12         0          49                 4,08               12             1,00                     12         12         0.6               20          0,00                      
63         0          0          2064       107676             52,17              2064           1,00                     2064       2064       103.2             20          0,00                      
64         1597       467        0          210257             101,87             2064           1,00                     2064       2064       103.2             20         ---------------- 77,37     
65         0          0          2064       107676             52,17              2064           1,00                     2064       2064       103.2             20          0,00                      
66         0          0          2064       107676             52,17              2064           1,00                     2064       2064       103.2             20          0,00                      
67         1618       446        0          208906             101,21             2064           1,00                     2064       2064       103.2             20         ---------------- 78,39     
68         0          0          2064       107676             52,17              2064           1,00                     2064       2064       103.2             20          0,00                      
69         0          0          2064       107676             52,17              2064           1,00                     2064       2064       103.2             20          0,00                      
70         691        0          1373       151845             73,57              2064           1,00                     2064       2064       103.2             20         ------- 33,48              
71         0          0          2064       107676             52,17              2064           1,00                     2064       2064       103.2             20          0,00                      
72         0          0          2064       107676             52,17              2064           1,00                     2064       2064       103.2             20          0,00                      
73         0          0          2064       107676             52,17              2064           1,00                     2064       2064       103.2             20          0,00                      
74         20         0          0          20                 1,00               20             1,00                     20         20         1.0               20         -------------------- 100,00
75         20         0          0          20                 1,00               20             1,00                     20         20         1.0               20         -------------------- 100,00
76         20         0          0          20                 1,00               20             1,00                     20         20         1.0               20         -------------------- 100,00
77         20         0          0          20                 1,00               20             1,00                     20         20         1.0               20         -------------------- 100,00
78         20         0          0          20                 1,00               20             1,00                     20         20         1.0               20         -------------------- 100,00
79         20         0          0          20                 1,00               20             1,00                     20         20         1.0               20         -------------------- 100,00
80         0          20         0          20                 1,00               20             1,00                     20         20         1.0               20          0,00                      
81         41         159        0          1100               5,50               200            1,00                     200        200        10.0              20         ----- 20,50                
82         180        0          20         2000               10,00              200            1,00                     200        200        10.0              20         ------------------ 90,00   
84         164        16         0          1620               9,00               180            1,00                     180        180        9.0               20         ------------------- 91,11  
85         1729       71         0          153900             85,50              1800           1,00                     1800       1800       90.0              20         -------------------- 96,06 
86         1620       0          180        154800             86,00              1800           1,00                     1800       1800       90.0              20         ------------------ 90,00   
88         0          0          1620       66420              41,00              1620           1,00                     1620       1620       81.0              20          0,00                      
89         0          0          1620       66420              41,00              1620           1,00                     1620       1620       81.0              20          0,00                      
90         0          0          1620       66420              41,00              1620           1,00                     1620       1620       81.0              20          0,00                      
91         1220       0          400        115397             71,23              1620           1,00                     1620       1620       81.0              20         ---------------- 75,31     
92         1220       0          400        115397             71,23              1620           1,00                     1620       1620       81.0              20         ---------------- 75,31     
94         0          0          1220       37820              31,00              1220           1,00                     1220       1220       61.0              20          0,00                      
95         0          0          1220       37820              31,00              1220           1,00                     1220       1220       61.0              20          0,00                      
96         0          0          1220       37820              31,00              1220           1,00                     1220       1220       61.0              20          0,00                      
98         0          0          1644       68452              41,64              1644           1,00                     1644       1644       82.2              20          0,00                      
99         0          0          1644       68452              41,64              1644           1,00                     1644       1644       82.2              20          0,00                      
100        0          0          1644       68452              41,64              1644           1,00                     1644       1644       82.2              20          0,00                      
101        0          0          1644       68452              41,64              1644           1,00                     1644       1644       82.2              20          0,00                      
103        0          0          1644       68452              41,64              1644           1,00                     1644       1644       82.2              20          0,00                      
104        0          0          1644       68452              41,64              1644           1,00                     1644       1644       82.2              20          0,00                      
105        0          0          1644       68452              41,64              1644           1,00                     1644       1644       82.2              20          0,00                      
106        0          0          1644       68452              41,64              1644           1,00                     1644       1644       82.2              20          0,00                      
108        0          0          1644       68452              41,64              1644           1,00                     1644       1644       82.2              20          0,00                      
109        0          0          1644       68452              41,64              1644           1,00                     1644       1644       82.2              20          0,00                      
110        0          0          1644       68452              41,64              1644           1,00                     1644       1644       82.2              20          0,00                      
111        0          0          1644       68452              41,64              1644           1,00                     1644       1644       82.2              20          0,00                      
112        0          0          1644       68452              41,64              1644           1,00                     1644       1644       82.2              20          0,00                      
113        0          0          1644       68452              41,64              1644           1,00                     1644       1644       82.2              20          0,00                      
