aggregate data per location for random rate = 0.002 and with Perturbator = 1
Exploration Plus One
89 perturbation point
PONE : plus one perturbator
20 sudoku grid 
Those grid are read from file in resources/sudoku/grid.txt
IndexLoc   #Success   #Failure   #Exception #CallAllExecs      AvgCallPerExec     #Perturbations AvgPerturbationPerExec   #Execs     #Tasks     %Success                   
0          97         2          1          9884               98,84              16             0,16                     100        20         -------------------- 97,00 
1          98         2          0          9990               99,90              16             0,16                     100        20         -------------------- 98,00 
3          97         2          1          2912               29,12              5              0,05                     100        20         -------------------- 97,00 
4          97         2          1          2912               29,12              5              0,05                     100        20         -------------------- 97,00 
7          99         0          1          2083               20,83              3              0,03                     100        20         -------------------- 99,00 
8          98         2          0          2077               20,77              3              0,03                     100        20         -------------------- 98,00 
9          97         2          1          2057               20,57              3              0,03                     100        20         -------------------- 97,00 
10         97         3          0          2057               20,57              3              0,03                     100        20         -------------------- 97,00 
14         100        0          0          100                1,00               0              0,00                     100        20         NaN                        
15         100        0          0          100                1,00               0              0,00                     100        20         NaN                        
17         98         1          1          8252               82,52              12             0,12                     100        20         -------------------- 98,00 
18         99         0          1          8244               82,44              12             0,12                     100        20         -------------------- 99,00 
20         100        0          0          900                9,00               0              0,00                     100        20         NaN                        
21         100        0          0          900                9,00               0              0,00                     100        20         NaN                        
24         94         3          3          8035               80,35              10             0,10                     100        20         ------------------- 94,00  
25         95         3          2          8072               80,72              12             0,12                     100        20         ------------------- 95,00  
26         99         1          0          8180               81,80              12             0,12                     100        20         -------------------- 99,00 
27         96         4          0          8116               81,16              12             0,12                     100        20         -------------------- 96,00 
29         98         2          0          6183               61,83              7              0,07                     100        20         -------------------- 98,00 
30         98         2          0          6183               61,83              7              0,07                     100        20         -------------------- 98,00 
31         98         2          0          6183               61,83              7              0,07                     100        20         -------------------- 98,00 
32         94         6          0          6090               60,90              7              0,07                     100        20         ------------------- 94,00  
34         100        0          0          2050               20,50              3              0,03                     100        20         -------------------- 100,00
35         100        0          0          10010              100,10             16             0,16                     100        20         -------------------- 100,00
36         100        0          0          10010              100,10             16             0,16                     100        20         -------------------- 100,00
38         97         2          1          9884               98,84              16             0,16                     100        20         -------------------- 97,00 
39         98         1          1          9950               99,50              16             0,16                     100        20         -------------------- 98,00 
40         93         4          3          9933               99,33              16             0,16                     100        20         ------------------- 93,00  
42         97         3          0          2050               20,50              3              0,03                     100        20         -------------------- 97,00 
43         97         2          1          2049               20,49              3              0,03                     100        20         -------------------- 97,00 
44         97         3          0          2050               20,50              3              0,03                     100        20         -------------------- 97,00 
45         99         1          0          2048               20,48              3              0,03                     100        20         -------------------- 99,00 
46         99         0          1          2049               20,49              3              0,03                     100        20         -------------------- 99,00 
47         100        0          0          2050               20,50              3              0,03                     100        20         -------------------- 100,00
49         100        0          0          2050               20,50              3              0,03                     100        20         -------------------- 100,00
50         100        0          0          2050               20,50              3              0,03                     100        20         -------------------- 100,00
51         100        0          0          2050               20,50              3              0,03                     100        20         -------------------- 100,00
52         97         2          1          2043               20,43              3              0,03                     100        20         -------------------- 97,00 
55         100        0          0          50                 0,50               0              0,00                     100        20         NaN                        
56         100        0          0          50                 0,50               0              0,00                     100        20         NaN                        
57         100        0          0          50                 0,50               0              0,00                     100        20         NaN                        
59         100        0          0          50                 0,50               0              0,00                     100        20         NaN                        
60         100        0          0          50                 0,50               0              0,00                     100        20         NaN                        
61         100        0          0          50                 0,50               0              0,00                     100        20         NaN                        
63         97         1          2          10213              102,13             18             0,18                     100        20         -------------------- 97,00 
64         96         4          0          10247              102,47             18             0,18                     100        20         -------------------- 96,00 
65         95         0          5          10106              101,06             17             0,17                     100        20         ------------------- 95,00  
66         99         1          0          10300              103,00             18             0,18                     100        20         -------------------- 99,00 
67         98         2          0          10281              102,81             18             0,18                     100        20         -------------------- 98,00 
68         93         6          1          10166              101,66             18             0,18                     100        20         ------------------- 93,00  
69         95         0          5          10106              101,06             17             0,17                     100        20         ------------------- 95,00  
70         95         1          4          10106              101,06             17             0,17                     100        20         ------------------- 95,00  
71         93         6          1          10166              101,66             18             0,18                     100        20         ------------------- 93,00  
72         93         6          1          10166              101,66             18             0,18                     100        20         ------------------- 93,00  
73         93         6          1          10166              101,66             18             0,18                     100        20         ------------------- 93,00  
74         100        0          0          100                1,00               0              0,00                     100        20         NaN                        
75         100        0          0          100                1,00               0              0,00                     100        20         NaN                        
76         100        0          0          100                1,00               0              0,00                     100        20         NaN                        
77         100        0          0          100                1,00               0              0,00                     100        20         NaN                        
78         100        0          0          100                1,00               0              0,00                     100        20         NaN                        
79         100        0          0          100                1,00               0              0,00                     100        20         NaN                        
80         100        0          0          100                1,00               0              0,00                     100        20         NaN                        
81         100        0          0          1000               10,00              0              0,00                     100        20         NaN                        
82         100        0          0          1000               10,00              0              0,00                     100        20         NaN                        
84         100        0          0          900                9,00               0              0,00                     100        20         NaN                        
85         100        0          0          8998               89,98              13             0,13                     100        20         -------------------- 100,00
86         99         0          1          8950               89,50              13             0,13                     100        20         -------------------- 99,00 
88         97         2          1          8094               80,94              12             0,12                     100        20         -------------------- 97,00 
89         96         4          0          8100               81,00              12             0,12                     100        20         -------------------- 96,00 
90         95         4          1          8066               80,66              12             0,12                     100        20         ------------------- 95,00  
91         98         0          2          7981               79,81              10             0,10                     100        20         -------------------- 98,00 
92         98         0          2          7981               79,81              10             0,10                     100        20         -------------------- 98,00 
94         96         2          2          6096               60,96              7              0,07                     100        20         -------------------- 96,00 
95         97         1          2          6076               60,76              7              0,07                     100        20         -------------------- 97,00 
96         96         4          0          6100               61,00              7              0,07                     100        20         -------------------- 96,00 
98         95         3          2          8187               81,87              12             0,12                     100        20         ------------------- 95,00  
99         98         0          2          8072               80,72              12             0,12                     100        20         -------------------- 98,00 
100        96         4          0          8208               82,08              12             0,12                     100        20         -------------------- 96,00 
101        98         0          2          8072               80,72              12             0,12                     100        20         -------------------- 98,00 
103        96         3          1          8153               81,53              12             0,12                     100        20         -------------------- 96,00 
104        95         3          2          8114               81,14              12             0,12                     100        20         ------------------- 95,00  
105        97         1          2          8139               81,39              12             0,12                     100        20         -------------------- 97,00 
106        95         3          2          8114               81,14              12             0,12                     100        20         ------------------- 95,00  
108        98         0          2          8183               81,83              12             0,12                     100        20         -------------------- 98,00 
109        99         1          0          8214               82,14              12             0,12                     100        20         -------------------- 99,00 
110        99         1          0          8178               81,78              12             0,12                     100        20         -------------------- 99,00 
111        97         1          2          8060               80,60              12             0,12                     100        20         -------------------- 97,00 
112        96         4          0          8202               82,02              12             0,12                     100        20         -------------------- 96,00 
113        97         1          2          8060               80,60              12             0,12                     100        20         -------------------- 97,00 
