aggregate data per location for random rate = 0.15 and with Perturbator = NEGB
Exploration Boolean Negation
34 perturbation point.
NEGB : negation of boolean value.
1 files of 100 chararacters
Random characters generated with 23 as seed
IndexLoc   #Success   #Failure   #Exception #CallAllExecs      AvgCallPerExec     #Perturbations AvgPerturbationPerExec   #Execs     #Tasks     %Success                   
3          0          0          5          42                 8,40               6              1,20                     5          1           0,00                      
6          0          0          5          23                 4,60               5              1,00                     5          1           0,00                      
9          0          0          5          23                 4,60               5              1,00                     5          1           0,00                      
10         0          0          5          23                 4,60               5              1,00                     5          1           0,00                      
13         0          0          5          23                 4,60               5              1,00                     5          1           0,00                      
16         2          0          3          41                 8,20               5              1,00                     5          1          -------- 40,00             
19         2          0          3          42                 8,40               6              1,20                     5          1          -------- 40,00             
26         0          0          5          23                 4,60               5              1,00                     5          1           0,00                      
29         0          0          5          23                 4,60               5              1,00                     5          1           0,00                      
30         0          0          5          23                 4,60               5              1,00                     5          1           0,00                      
38         0          0          5          60                 12,00              13             2,60                     5          1           0,00                      
41         0          0          5          24                 4,80               5              1,00                     5          1           0,00                      
42         0          0          5          24                 4,80               5              1,00                     5          1           0,00                      
54         0          0          5          23                 4,60               5              1,00                     5          1           0,00                      
59         5          0          0          0                  0,00               0              0,00                     5          1          NaN                        
64         5          0          0          0                  0,00               0              0,00                     5          1          NaN                        
70         2          0          3          42                 8,40               6              1,20                     5          1          -------- 40,00             
75         0          0          5          23                 4,60               5              1,00                     5          1           0,00                      
81         2          0          3          53                 10,60              11             2,20                     5          1          -------- 40,00             
86         3          0          2          84                 16,80              18             3,60                     5          1          ------------ 60,00         
90         5          0          0          74                 14,80              14             2,80                     5          1          -------------------- 100,00
95         3          0          2          83                 16,60              17             3,40                     5          1          ------------ 60,00         
99         5          0          0          0                  0,00               0              0,00                     5          1          NaN                        
104        2          0          3          48                 9,60               9              1,80                     5          1          -------- 40,00             
107        2          0          3          48                 9,60               9              1,80                     5          1          -------- 40,00             
108        2          0          3          48                 9,60               9              1,80                     5          1          -------- 40,00             
117        0          0          5          23                 4,60               5              1,00                     5          1           0,00                      
120        0          0          5          23                 4,60               5              1,00                     5          1           0,00                      
121        0          0          5          23                 4,60               5              1,00                     5          1           0,00                      
130        2          0          3          48                 9,60               9              1,80                     5          1          -------- 40,00             
135        0          0          5          47                 9,40               8              1,60                     5          1           0,00                      
141        0          0          5          23                 4,60               5              1,00                     5          1           0,00                      
147        0          0          5          42                 8,40               6              1,20                     5          1           0,00                      
155        0          0          5          23                 4,60               5              1,00                     5          1           0,00                      
