aggregate data per location for random rate = 0.01 and with Perturbator = NEGB
Exploration Boolean Negation
34 perturbation point.
NEGB : negation of boolean value.
1 files of 100 chararacters
Random characters generated with 23 as seed
IndexLoc   #Success   #Failure   #Exception #CallAllExecs      AvgCallPerExec     #Perturbations AvgPerturbationPerExec   #Execs     #Tasks     %Success                   
3          4          0          1          776                155,20             3              0,60                     5          1          ---------------- 80,00     
6          5          0          0          927                185,40             5              1,00                     5          1          -------------------- 100,00
9          5          0          0          879                175,80             4              0,80                     5          1          -------------------- 100,00
10         5          0          0          927                185,40             5              1,00                     5          1          -------------------- 100,00
13         4          0          1          289                57,80              2              0,40                     5          1          ---------------- 80,00     
16         4          0          1          78                 15,60              1              0,20                     5          1          ---------------- 80,00     
19         5          0          0          84                 16,80              1              0,20                     5          1          -------------------- 100,00
26         4          0          1          553                110,60             2              0,40                     5          1          ---------------- 80,00     
29         5          0          0          577                115,40             2              0,40                     5          1          -------------------- 100,00
30         4          0          1          553                110,60             2              0,40                     5          1          ---------------- 80,00     
38         5          0          0          910                182,00             4              0,80                     5          1          -------------------- 100,00
41         5          0          0          834                166,80             3              0,60                     5          1          -------------------- 100,00
42         5          0          0          840                168,00             4              0,80                     5          1          -------------------- 100,00
54         5          0          0          619                123,80             2              0,40                     5          1          -------------------- 100,00
59         5          0          0          0                  0,00               0              0,00                     5          1          NaN                        
64         5          0          0          0                  0,00               0              0,00                     5          1          NaN                        
70         4          0          1          78                 15,60              1              0,20                     5          1          ---------------- 80,00     
75         5          0          0          542                108,40             2              0,40                     5          1          -------------------- 100,00
81         4          0          1          231                46,20              1              0,20                     5          1          ---------------- 80,00     
86         4          0          1          231                46,20              1              0,20                     5          1          ---------------- 80,00     
90         5          0          0          120                24,00              1              0,20                     5          1          -------------------- 100,00
95         5          0          0          165                33,00              1              0,20                     5          1          -------------------- 100,00
99         5          0          0          0                  0,00               0              0,00                     5          1          NaN                        
104        5          0          0          165                33,00              1              0,20                     5          1          -------------------- 100,00
107        5          0          0          154                30,80              1              0,20                     5          1          -------------------- 100,00
108        5          0          0          165                33,00              1              0,20                     5          1          -------------------- 100,00
117        5          0          0          521                104,20             2              0,40                     5          1          -------------------- 100,00
120        5          0          0          502                100,40             2              0,40                     5          1          -------------------- 100,00
121        5          0          0          502                100,40             2              0,40                     5          1          -------------------- 100,00
130        4          0          1          116                23,20              1              0,20                     5          1          ---------------- 80,00     
135        2          0          3          1070               214,00             7              1,40                     5          1          -------- 40,00             
141        3          0          2          927                185,40             5              1,00                     5          1          ------------ 60,00         
147        4          0          1          1008               201,60             6              1,20                     5          1          ---------------- 80,00     
155        5          0          0          565                113,00             2              0,40                     5          1          -------------------- 100,00
