contains the data for the random rates analysis graph with Perturbator as perturbator.
Exploration Boolean Negation
34 perturbation point.
NEGB : negation of boolean value.
random rate : 0.001 0.005 0.01 0.05 0.1 0.15 0.2 0.25 0.3 
5 repetition
1 files of 100 chararacters
Random characters generated with 23 as seed
RandomRate Perturbator IndexLoc   #Success   #Failure   #Exception #Call      #Perturbation  %Success                   
0.0        None        3          1          0          0          203        0              -------------------- 100,00
0.001      NEGB        3          5          0          0          983        0              NaN                        
0.005      NEGB        3          4          0          1          837        2              ---------------- 80,00     
0.01       NEGB        3          4          0          1          776        3              ---------------- 80,00     
0.05       NEGB        3          0          0          5          60         5               0,00                      
0.1        NEGB        3          0          0          5          48         6               0,00                      
0.15       NEGB        3          0          0          5          42         6               0,00                      
0.2        NEGB        3          0          0          5          23         6               0,00                      
0.25       NEGB        3          0          0          5          21         6               0,00                      
0.3        NEGB        3          0          0          5          17         5               0,00                      
0.0        None        6          1          0          0          207        0              -------------------- 100,00
0.001      NEGB        6          5          0          0          1035       0              NaN                        
0.005      NEGB        6          5          0          0          993        2              -------------------- 100,00
0.01       NEGB        6          5          0          0          927        5              -------------------- 100,00
0.05       NEGB        6          1          0          4          165        9              ---- 20,00                 
0.1        NEGB        6          0          0          5          47         5               0,00                      
0.15       NEGB        6          0          0          5          23         5               0,00                      
0.2        NEGB        6          0          0          5          23         6               0,00                      
0.25       NEGB        6          0          0          5          20         5               0,00                      
0.3        NEGB        6          0          0          5          20         6               0,00                      
0.0        None        9          1          0          0          207        0              -------------------- 100,00
0.001      NEGB        9          5          0          0          867        0              NaN                        
0.005      NEGB        9          4          0          1          840        2              ---------------- 80,00     
0.01       NEGB        9          5          0          0          879        4              -------------------- 100,00
0.05       NEGB        9          0          0          5          60         5               0,00                      
0.1        NEGB        9          0          0          5          47         5               0,00                      
0.15       NEGB        9          0          0          5          23         5               0,00                      
0.2        NEGB        9          0          0          5          21         5               0,00                      
0.25       NEGB        9          0          0          5          20         5               0,00                      
0.3        NEGB        9          0          0          5          17         5               0,00                      
0.0        None        10         1          0          0          156        0              -------------------- 100,00
0.001      NEGB        10         5          0          0          882        0              NaN                        
0.005      NEGB        10         5          0          0          894        2              -------------------- 100,00
0.01       NEGB        10         5          0          0          927        5              -------------------- 100,00
0.05       NEGB        10         0          0          5          60         5               0,00                      
0.1        NEGB        10         0          0          5          47         5               0,00                      
0.15       NEGB        10         0          0          5          23         5               0,00                      
0.2        NEGB        10         0          0          5          21         5               0,00                      
0.25       NEGB        10         0          0          5          20         5               0,00                      
0.3        NEGB        10         0          0          5          17         5               0,00                      
0.0        None        13         1          0          0          75         0              -------------------- 100,00
0.001      NEGB        13         5          0          0          375        0              NaN                        
0.005      NEGB        13         5          0          0          333        1              -------------------- 100,00
0.01       NEGB        13         4          0          1          289        2              ---------------- 80,00     
0.05       NEGB        13         2          0          3          129        7              -------- 40,00             
0.1        NEGB        13         1          0          4          53         8              ---- 20,00                 
0.15       NEGB        13         0          0          5          23         5               0,00                      
0.2        NEGB        13         0          0          5          21         5               0,00                      
0.25       NEGB        13         0          0          5          20         5               0,00                      
0.3        NEGB        13         0          0          5          17         5               0,00                      
0.0        None        16         1          0          0          18         0              -------------------- 100,00
0.001      NEGB        16         5          0          0          90         0              NaN                        
0.005      NEGB        16         5          0          0          84         1              -------------------- 100,00
0.01       NEGB        16         4          0          1          78         1              ---------------- 80,00     
0.05       NEGB        16         3          0          2          60         5              ------------ 60,00         
0.1        NEGB        16         3          0          2          52         8              ------------ 60,00         
0.15       NEGB        16         2          0          3          41         5              -------- 40,00             
0.2        NEGB        16         2          0          3          41         6              -------- 40,00             
0.25       NEGB        16         1          0          4          20         5              ---- 20,00                 
0.3        NEGB        16         1          0          4          23         8              ---- 20,00                 
0.0        None        19         1          0          0          15         0              -------------------- 100,00
0.001      NEGB        19         5          0          0          90         0              NaN                        
0.005      NEGB        19         5          0          0          87         1              -------------------- 100,00
0.01       NEGB        19         5          0          0          84         1              -------------------- 100,00
0.05       NEGB        19         3          0          2          60         5              ------------ 60,00         
0.1        NEGB        19         3          0          2          53         8              ------------ 60,00         
0.15       NEGB        19         2          0          3          42         6              -------- 40,00             
0.2        NEGB        19         2          0          3          41         6              -------- 40,00             
0.25       NEGB        19         2          0          3          41         8              -------- 40,00             
0.3        NEGB        19         1          0          4          23         8              ---- 20,00                 
0.0        None        26         1          0          0          132        0              -------------------- 100,00
0.001      NEGB        26         5          0          0          660        0              NaN                        
0.005      NEGB        26         5          0          0          660        1              -------------------- 100,00
0.01       NEGB        26         4          0          1          553        2              ---------------- 80,00     
0.05       NEGB        26         2          0          3          165        9              -------- 40,00             
0.1        NEGB        26         0          0          5          47         5               0,00                      
0.15       NEGB        26         0          0          5          23         5               0,00                      
0.2        NEGB        26         0          0          5          21         5               0,00                      
0.25       NEGB        26         0          0          5          20         5               0,00                      
0.3        NEGB        26         0          0          5          17         5               0,00                      
0.0        None        29         1          0          0          132        0              -------------------- 100,00
0.001      NEGB        29         5          0          0          600        0              NaN                        
0.005      NEGB        29         5          0          0          660        1              -------------------- 100,00
0.01       NEGB        29         5          0          0          577        2              -------------------- 100,00
0.05       NEGB        29         2          0          3          189        10             -------- 40,00             
0.1        NEGB        29         0          0          5          47         5               0,00                      
0.15       NEGB        29         0          0          5          23         5               0,00                      
0.2        NEGB        29         0          0          5          21         5               0,00                      
0.25       NEGB        29         0          0          5          20         5               0,00                      
0.3        NEGB        29         0          0          5          17         5               0,00                      
0.0        None        30         1          0          0          132        0              -------------------- 100,00
0.001      NEGB        30         5          0          0          630        0              NaN                        
0.005      NEGB        30         5          0          0          630        1              -------------------- 100,00
0.01       NEGB        30         4          0          1          553        2              ---------------- 80,00     
0.05       NEGB        30         2          0          3          189        10             -------- 40,00             
0.1        NEGB        30         0          0          5          47         5               0,00                      
0.15       NEGB        30         0          0          5          23         5               0,00                      
0.2        NEGB        30         0          0          5          21         5               0,00                      
0.25       NEGB        30         0          0          5          20         5               0,00                      
0.3        NEGB        30         0          0          5          17         5               0,00                      
0.0        None        38         1          0          0          178        0              -------------------- 100,00
0.001      NEGB        38         5          0          0          814        0              NaN                        
0.005      NEGB        38         5          0          0          872        2              -------------------- 100,00
0.01       NEGB        38         5          0          0          910        4              -------------------- 100,00
0.05       NEGB        38         2          0          3          431        20             -------- 40,00             
0.1        NEGB        38         0          0          5          100        14              0,00                      
0.15       NEGB        38         0          0          5          60         13              0,00                      
0.2        NEGB        38         0          0          5          45         8               0,00                      
0.25       NEGB        38         0          0          5          47         11              0,00                      
0.3        NEGB        38         0          0          5          44         11              0,00                      
0.0        None        41         1          0          0          181        0              -------------------- 100,00
0.001      NEGB        41         5          0          0          908        0              NaN                        
0.005      NEGB        41         5          0          0          821        1              -------------------- 100,00
0.01       NEGB        41         5          0          0          834        3              -------------------- 100,00
0.05       NEGB        41         0          0          5          60         5               0,00                      
0.1        NEGB        41         0          0          5          47         5               0,00                      
0.15       NEGB        41         0          0          5          24         5               0,00                      
0.2        NEGB        41         0          0          5          22         5               0,00                      
0.25       NEGB        41         0          0          5          22         6               0,00                      
0.3        NEGB        41         0          0          5          20         6               0,00                      
0.0        None        42         1          0          0          178        0              -------------------- 100,00
0.001      NEGB        42         5          0          0          852        0              NaN                        
0.005      NEGB        42         5          0          0          821        1              -------------------- 100,00
0.01       NEGB        42         5          0          0          840        4              -------------------- 100,00
0.05       NEGB        42         0          0          5          60         5               0,00                      
0.1        NEGB        42         0          0          5          47         5               0,00                      
0.15       NEGB        42         0          0          5          24         5               0,00                      
0.2        NEGB        42         0          0          5          22         5               0,00                      
0.25       NEGB        42         0          0          5          22         6               0,00                      
0.3        NEGB        42         0          0          5          20         6               0,00                      
0.0        None        54         1          0          0          132        0              -------------------- 100,00
0.001      NEGB        54         5          0          0          630        0              NaN                        
0.005      NEGB        54         5          0          0          625        1              -------------------- 100,00
0.01       NEGB        54         5          0          0          619        2              -------------------- 100,00
0.05       NEGB        54         2          0          3          189        10             -------- 40,00             
0.1        NEGB        54         0          0          5          47         5               0,00                      
0.15       NEGB        54         0          0          5          23         5               0,00                      
0.2        NEGB        54         0          0          5          21         5               0,00                      
0.25       NEGB        54         0          0          5          20         5               0,00                      
0.3        NEGB        54         0          0          5          17         5               0,00                      
0.0        None        59         1          0          0          0          0              -------------------- 100,00
0.001      NEGB        59         5          0          0          0          0              NaN                        
0.005      NEGB        59         5          0          0          0          0              NaN                        
0.01       NEGB        59         5          0          0          0          0              NaN                        
0.05       NEGB        59         5          0          0          0          0              NaN                        
0.1        NEGB        59         5          0          0          0          0              NaN                        
0.15       NEGB        59         5          0          0          0          0              NaN                        
0.2        NEGB        59         5          0          0          0          0              NaN                        
0.25       NEGB        59         5          0          0          0          0              NaN                        
0.3        NEGB        59         5          0          0          0          0              NaN                        
0.0        None        64         1          0          0          0          0              -------------------- 100,00
0.001      NEGB        64         5          0          0          0          0              NaN                        
0.005      NEGB        64         5          0          0          0          0              NaN                        
0.01       NEGB        64         5          0          0          0          0              NaN                        
0.05       NEGB        64         5          0          0          0          0              NaN                        
0.1        NEGB        64         5          0          0          0          0              NaN                        
0.15       NEGB        64         5          0          0          0          0              NaN                        
0.2        NEGB        64         5          0          0          0          0              NaN                        
0.25       NEGB        64         5          0          0          0          0              NaN                        
0.3        NEGB        64         5          0          0          0          0              NaN                        
0.0        None        70         1          0          0          18         0              -------------------- 100,00
0.001      NEGB        70         5          0          0          90         0              NaN                        
0.005      NEGB        70         4          0          1          78         1              ---------------- 80,00     
0.01       NEGB        70         4          0          1          78         1              ---------------- 80,00     
0.05       NEGB        70         3          0          2          56         4              ------------ 60,00         
0.1        NEGB        70         3          0          2          53         8              ------------ 60,00         
0.15       NEGB        70         2          0          3          42         6              -------- 40,00             
0.2        NEGB        70         2          0          3          38         6              -------- 40,00             
0.25       NEGB        70         2          0          3          41         8              -------- 40,00             
0.3        NEGB        70         1          0          4          23         8              ---- 20,00                 
0.0        None        75         1          0          0          114        0              -------------------- 100,00
0.001      NEGB        75         5          0          0          570        0              NaN                        
0.005      NEGB        75         5          0          0          556        1              -------------------- 100,00
0.01       NEGB        75         5          0          0          542        2              -------------------- 100,00
0.05       NEGB        75         3          0          2          283        12             ------------ 60,00         
0.1        NEGB        75         0          0          5          47         5               0,00                      
0.15       NEGB        75         0          0          5          23         5               0,00                      
0.2        NEGB        75         0          0          5          21         5               0,00                      
0.25       NEGB        75         0          0          5          20         5               0,00                      
0.3        NEGB        75         0          0          5          17         5               0,00                      
0.0        None        81         1          0          0          57         0              -------------------- 100,00
0.001      NEGB        81         5          0          0          285        0              NaN                        
0.005      NEGB        81         4          0          1          231        1              ---------------- 80,00     
0.01       NEGB        81         4          0          1          231        1              ---------------- 80,00     
0.05       NEGB        81         2          0          3          112        6              -------- 40,00             
0.1        NEGB        81         2          0          3          53         8              -------- 40,00             
0.15       NEGB        81         2          0          3          53         11             -------- 40,00             
0.2        NEGB        81         2          0          3          50         11             -------- 40,00             
0.25       NEGB        81         0          0          5          20         5               0,00                      
0.3        NEGB        81         0          0          5          17         5               0,00                      
0.0        None        86         1          0          0          57         0              -------------------- 100,00
0.001      NEGB        86         5          0          0          285        0              NaN                        
0.005      NEGB        86         4          0          1          231        1              ---------------- 80,00     
0.01       NEGB        86         4          0          1          231        1              ---------------- 80,00     
0.05       NEGB        86         2          0          3          117        6              -------- 40,00             
0.1        NEGB        86         2          0          3          60         10             -------- 40,00             
0.15       NEGB        86         3          0          2          84         18             ------------ 60,00         
0.2        NEGB        86         2          0          3          53         13             -------- 40,00             
0.25       NEGB        86         0          0          5          20         5               0,00                      
0.3        NEGB        86         0          0          5          17         5               0,00                      
0.0        None        90         1          0          0          24         0              -------------------- 100,00
0.001      NEGB        90         5          0          0          112        0              NaN                        
0.005      NEGB        90         5          0          0          120        1              -------------------- 100,00
0.01       NEGB        90         5          0          0          120        1              -------------------- 100,00
0.05       NEGB        90         5          0          0          104        6              -------------------- 100,00
0.1        NEGB        90         5          0          0          87         12             -------------------- 100,00
0.15       NEGB        90         5          0          0          74         14             -------------------- 100,00
0.2        NEGB        90         5          0          0          60         15             -------------------- 100,00
0.25       NEGB        90         5          0          0          60         17             -------------------- 100,00
0.3        NEGB        90         5          0          0          50         15             -------------------- 100,00
0.0        None        95         1          0          0          33         0              -------------------- 100,00
0.001      NEGB        95         5          0          0          165        0              NaN                        
0.005      NEGB        95         5          0          0          165        1              -------------------- 100,00
0.01       NEGB        95         5          0          0          165        1              -------------------- 100,00
0.05       NEGB        95         3          0          2          94         6              ------------ 60,00         
0.1        NEGB        95         3          0          2          84         12             ------------ 60,00         
0.15       NEGB        95         3          0          2          83         17             ------------ 60,00         
0.2        NEGB        95         2          0          3          58         15             -------- 40,00             
0.25       NEGB        95         2          0          3          61         17             -------- 40,00             
0.3        NEGB        95         2          0          3          53         17             -------- 40,00             
0.0        None        99         1          0          0          0          0              -------------------- 100,00
0.001      NEGB        99         5          0          0          0          0              NaN                        
0.005      NEGB        99         5          0          0          0          0              NaN                        
0.01       NEGB        99         5          0          0          0          0              NaN                        
0.05       NEGB        99         5          0          0          0          0              NaN                        
0.1        NEGB        99         5          0          0          0          0              NaN                        
0.15       NEGB        99         5          0          0          0          0              NaN                        
0.2        NEGB        99         5          0          0          0          0              NaN                        
0.25       NEGB        99         5          0          0          0          0              NaN                        
0.3        NEGB        99         5          0          0          0          0              NaN                        
0.0        None        104        1          0          0          31         0              -------------------- 100,00
0.001      NEGB        104        5          0          0          155        0              NaN                        
0.005      NEGB        104        5          0          0          159        1              -------------------- 100,00
0.01       NEGB        104        5          0          0          165        1              -------------------- 100,00
0.05       NEGB        104        3          0          2          88         6              ------------ 60,00         
0.1        NEGB        104        2          0          3          53         8              -------- 40,00             
0.15       NEGB        104        2          0          3          48         9              -------- 40,00             
0.2        NEGB        104        2          0          3          47         9              -------- 40,00             
0.25       NEGB        104        0          0          5          20         5               0,00                      
0.3        NEGB        104        0          0          5          17         5               0,00                      
0.0        None        107        1          0          0          33         0              -------------------- 100,00
0.001      NEGB        107        5          0          0          165        0              NaN                        
0.005      NEGB        107        4          0          1          116        1              ---------------- 80,00     
0.01       NEGB        107        5          0          0          154        1              -------------------- 100,00
0.05       NEGB        107        3          0          2          88         6              ------------ 60,00         
0.1        NEGB        107        2          0          3          56         9              -------- 40,00             
0.15       NEGB        107        2          0          3          48         9              -------- 40,00             
0.2        NEGB        107        1          0          4          23         6              ---- 20,00                 
0.25       NEGB        107        0          0          5          20         5               0,00                      
0.3        NEGB        107        0          0          5          17         5               0,00                      
0.0        None        108        1          0          0          41         0              -------------------- 100,00
0.001      NEGB        108        5          0          0          155        0              NaN                        
0.005      NEGB        108        5          0          0          165        1              -------------------- 100,00
0.01       NEGB        108        5          0          0          165        1              -------------------- 100,00
0.05       NEGB        108        3          0          2          88         6              ------------ 60,00         
0.1        NEGB        108        2          0          3          52         7              -------- 40,00             
0.15       NEGB        108        2          0          3          48         9              -------- 40,00             
0.2        NEGB        108        2          0          3          47         9              -------- 40,00             
0.25       NEGB        108        0          0          5          20         5               0,00                      
0.3        NEGB        108        0          0          5          17         5               0,00                      
0.0        None        117        1          0          0          112        0              -------------------- 100,00
0.001      NEGB        117        5          0          0          543        0              NaN                        
0.005      NEGB        117        5          0          0          546        1              -------------------- 100,00
0.01       NEGB        117        5          0          0          521        2              -------------------- 100,00
0.05       NEGB        117        0          0          5          60         5               0,00                      
0.1        NEGB        117        0          0          5          47         5               0,00                      
0.15       NEGB        117        0          0          5          23         5               0,00                      
0.2        NEGB        117        0          0          5          21         5               0,00                      
0.25       NEGB        117        0          0          5          20         5               0,00                      
0.3        NEGB        117        0          0          5          17         5               0,00                      
0.0        None        120        1          0          0          113        0              -------------------- 100,00
0.001      NEGB        120        5          0          0          540        0              NaN                        
0.005      NEGB        120        5          0          0          510        1              -------------------- 100,00
0.01       NEGB        120        5          0          0          502        2              -------------------- 100,00
0.05       NEGB        120        0          0          5          60         5               0,00                      
0.1        NEGB        120        0          0          5          47         5               0,00                      
0.15       NEGB        120        0          0          5          23         5               0,00                      
0.2        NEGB        120        0          0          5          21         5               0,00                      
0.25       NEGB        120        0          0          5          20         5               0,00                      
0.3        NEGB        120        0          0          5          17         5               0,00                      
0.0        None        121        1          0          0          105        0              -------------------- 100,00
0.001      NEGB        121        5          0          0          525        0              NaN                        
0.005      NEGB        121        5          0          0          510        1              -------------------- 100,00
0.01       NEGB        121        5          0          0          502        2              -------------------- 100,00
0.05       NEGB        121        0          0          5          60         5               0,00                      
0.1        NEGB        121        0          0          5          47         5               0,00                      
0.15       NEGB        121        0          0          5          23         5               0,00                      
0.2        NEGB        121        0          0          5          21         5               0,00                      
0.25       NEGB        121        0          0          5          20         5               0,00                      
0.3        NEGB        121        0          0          5          17         5               0,00                      
0.0        None        130        1          0          0          33         0              -------------------- 100,00
0.001      NEGB        130        5          0          0          164        0              NaN                        
0.005      NEGB        130        5          0          0          136        1              -------------------- 100,00
0.01       NEGB        130        4          0          1          116        1              ---------------- 80,00     
0.05       NEGB        130        3          0          2          88         6              ------------ 60,00         
0.1        NEGB        130        2          0          3          52         7              -------- 40,00             
0.15       NEGB        130        2          0          3          48         9              -------- 40,00             
0.2        NEGB        130        2          0          3          47         9              -------- 40,00             
0.25       NEGB        130        0          0          5          20         5               0,00                      
0.3        NEGB        130        0          0          5          17         5               0,00                      
0.0        None        135        1          0          0          528        0              -------------------- 100,00
0.001      NEGB        135        5          0          0          2506       1              -------------------- 100,00
0.005      NEGB        135        2          0          3          1090       4              -------- 40,00             
0.01       NEGB        135        2          0          3          1070       7              -------- 40,00             
0.05       NEGB        135        0          0          5          60         5               0,00                      
0.1        NEGB        135        0          0          5          48         6               0,00                      
0.15       NEGB        135        0          0          5          47         8               0,00                      
0.2        NEGB        135        0          0          5          23         6               0,00                      
0.25       NEGB        135        0          0          5          23         7               0,00                      
0.3        NEGB        135        0          0          5          21         7               0,00                      
0.0        None        141        1          0          0          368        0              -------------------- 100,00
0.001      NEGB        141        5          0          0          1805       1              -------------------- 100,00
0.005      NEGB        141        3          0          2          1151       4              ------------ 60,00         
0.01       NEGB        141        3          0          2          927        5              ------------ 60,00         
0.05       NEGB        141        0          0          5          60         5               0,00                      
0.1        NEGB        141        0          0          5          47         5               0,00                      
0.15       NEGB        141        0          0          5          23         5               0,00                      
0.2        NEGB        141        0          0          5          21         5               0,00                      
0.25       NEGB        141        0          0          5          20         5               0,00                      
0.3        NEGB        141        0          0          5          17         5               0,00                      
0.0        None        147        1          0          0          264        0              -------------------- 100,00
0.001      NEGB        147        5          0          0          1200       1              -------------------- 100,00
0.005      NEGB        147        4          0          1          1069       3              ---------------- 80,00     
0.01       NEGB        147        4          0          1          1008       6              ---------------- 80,00     
0.05       NEGB        147        0          0          5          134        8               0,00                      
0.1        NEGB        147        0          0          5          143        19              0,00                      
0.15       NEGB        147        0          0          5          42         6               0,00                      
0.2        NEGB        147        0          0          5          47         9               0,00                      
0.25       NEGB        147        0          0          5          48         12              0,00                      
0.3        NEGB        147        0          0          5          21         7               0,00                      
0.0        None        155        1          0          0          132        0              -------------------- 100,00
0.001      NEGB        155        5          0          0          660        0              NaN                        
0.005      NEGB        155        5          0          0          660        1              -------------------- 100,00
0.01       NEGB        155        5          0          0          565        2              -------------------- 100,00
0.05       NEGB        155        2          0          3          189        10             -------- 40,00             
0.1        NEGB        155        0          0          5          47         5               0,00                      
0.15       NEGB        155        0          0          5          23         5               0,00                      
0.2        NEGB        155        0          0          5          21         5               0,00                      
0.25       NEGB        155        0          0          5          20         5               0,00                      
0.3        NEGB        155        0          0          5          17         5               0,00                      
