contains the data for the random rates analysis graph with Perturbator as perturbator.
Exploration Plus One
PONE : plus one perturbator
random rate : 0.001 0.005 0.01 0.05 0.1 0.15 0.2 0.25 0.3 
5 repetition
3 files of 100 chararacters
Random characters generated with 23 as seed
14 perturbations points
RandomRate Perturbator IndexLoc   #Success   #Failure   #Exception #Call      #Perturbation  %Success                   
0.0        None        0          3          0          0          11         0              -------------------- 100,00
0.001      1           0          15         0          0          67         0              NaN                        
0.005      1           0          15         0          0          45         0              NaN                        
0.01       1           0          15         0          0          45         0              NaN                        
0.05       1           0          14         0          1          45         1              ------------------- 93,33  
0.1        1           0          12         0          3          42         3              ---------------- 80,00     
0.15       1           0          9          0          6          42         6              ------------ 60,00         
0.2        1           0          9          0          6          41         6              ------------ 60,00         
0.25       1           0          7          0          8          38         8              ---------- 46,67           
0.3        1           0          6          0          9          35         9              -------- 40,00             
0.0        None        1          3          0          0          153        0              -------------------- 100,00
0.001      1           1          15         0          0          765        0              NaN                        
0.005      1           1          15         0          0          765        1              -------------------- 100,00
0.01       1           1          15         0          0          765        2              -------------------- 100,00
0.05       1           1          15         0          0          765        36             -------------------- 100,00
0.1        1           1          15         0          0          765        86             -------------------- 100,00
0.15       1           1          15         0          0          765        130            -------------------- 100,00
0.2        1           1          15         0          0          765        170            -------------------- 100,00
0.25       1           1          15         0          0          765        205            -------------------- 100,00
0.3        1           1          15         0          0          765        243            -------------------- 100,00
0.0        None        2          3          0          0          153        0              -------------------- 100,00
0.001      1           2          15         0          0          765        0              NaN                        
0.005      1           2          15         0          0          765        1              -------------------- 100,00
0.01       1           2          15         0          0          765        2              -------------------- 100,00
0.05       1           2          15         0          0          765        36             -------------------- 100,00
0.1        1           2          15         0          0          765        86             -------------------- 100,00
0.15       1           2          15         0          0          765        130            -------------------- 100,00
0.2        1           2          15         0          0          765        170            -------------------- 100,00
0.25       1           2          15         0          0          765        205            -------------------- 100,00
0.3        1           2          15         0          0          765        243            -------------------- 100,00
0.0        None        3          3          0          0          153        0              -------------------- 100,00
0.001      1           3          15         0          0          765        0              NaN                        
0.005      1           3          15         0          0          765        1              -------------------- 100,00
0.01       1           3          15         0          0          765        2              -------------------- 100,00
0.05       1           3          15         0          0          765        36             -------------------- 100,00
0.1        1           3          15         0          0          765        86             -------------------- 100,00
0.15       1           3          15         0          0          765        130            -------------------- 100,00
0.2        1           3          15         0          0          765        170            -------------------- 100,00
0.25       1           3          15         0          0          765        205            -------------------- 100,00
0.3        1           3          15         0          0          765        243            -------------------- 100,00
0.0        None        5          3          0          0          153        0              -------------------- 100,00
0.001      1           5          15         0          0          765        0              NaN                        
0.005      1           5          15         0          0          765        1              -------------------- 100,00
0.01       1           5          15         0          0          765        2              -------------------- 100,00
0.05       1           5          15         0          0          765        36             -------------------- 100,00
0.1        1           5          15         0          0          765        86             -------------------- 100,00
0.15       1           5          15         0          0          765        130            -------------------- 100,00
0.2        1           5          15         0          0          765        170            -------------------- 100,00
0.25       1           5          15         0          0          765        205            -------------------- 100,00
0.3        1           5          15         0          0          765        243            -------------------- 100,00
0.0        None        6          3          0          0          153        0              -------------------- 100,00
0.001      1           6          15         0          0          765        0              NaN                        
0.005      1           6          15         0          0          765        1              -------------------- 100,00
0.01       1           6          15         0          0          765        2              -------------------- 100,00
0.05       1           6          15         0          0          765        36             -------------------- 100,00
0.1        1           6          15         0          0          765        86             -------------------- 100,00
0.15       1           6          15         0          0          765        130            -------------------- 100,00
0.2        1           6          15         0          0          765        170            -------------------- 100,00
0.25       1           6          15         0          0          765        205            -------------------- 100,00
0.3        1           6          15         0          0          765        243            -------------------- 100,00
0.0        None        8          3          0          0          153        0              -------------------- 100,00
0.001      1           8          15         0          0          765        0              NaN                        
0.005      1           8          15         0          0          765        1              -------------------- 100,00
0.01       1           8          15         0          0          765        2              -------------------- 100,00
0.05       1           8          15         0          0          765        36             -------------------- 100,00
0.1        1           8          15         0          0          765        86             -------------------- 100,00
0.15       1           8          15         0          0          765        130            -------------------- 100,00
0.2        1           8          15         0          0          765        170            -------------------- 100,00
0.25       1           8          15         0          0          765        205            -------------------- 100,00
0.3        1           8          15         0          0          765        243            -------------------- 100,00
0.0        None        9          3          0          0          153        0              -------------------- 100,00
0.001      1           9          15         0          0          765        0              NaN                        
0.005      1           9          15         0          0          765        1              -------------------- 100,00
0.01       1           9          15         0          0          765        2              -------------------- 100,00
0.05       1           9          15         0          0          765        36             -------------------- 100,00
0.1        1           9          15         0          0          765        86             -------------------- 100,00
0.15       1           9          15         0          0          765        130            -------------------- 100,00
0.2        1           9          15         0          0          765        170            -------------------- 100,00
0.25       1           9          15         0          0          765        205            -------------------- 100,00
0.3        1           9          15         0          0          765        243            -------------------- 100,00
0.0        None        12         3          0          0          45         0              -------------------- 100,00
0.001      1           12         15         0          0          225        0              NaN                        
0.005      1           12         14         0          1          225        1              ------------------- 93,33  
0.01       1           12         14         0          1          225        1              ------------------- 93,33  
0.05       1           12         8          0          7          164        8              ----------- 53,33          
0.1        1           12         2          0          13         134        17             --- 13,33                  
0.15       1           12         1          0          14         100        20             -- 6,67                    
0.2        1           12         1          0          14         84         22             -- 6,67                    
0.25       1           12         0          0          15         84         25              0,00                      
0.3        1           12         0          0          15         75         24              0,00                      
0.0        None        13         3          0          0          45         0              -------------------- 100,00
0.001      1           13         15         0          0          225        0              NaN                        
0.005      1           13         14         0          1          225        1              ------------------- 93,33  
0.01       1           13         14         0          1          225        1              ------------------- 93,33  
0.05       1           13         8          0          7          164        8              ----------- 53,33          
0.1        1           13         2          0          13         134        17             --- 13,33                  
0.15       1           13         1          0          14         100        20             -- 6,67                    
0.2        1           13         1          0          14         84         22             -- 6,67                    
0.25       1           13         0          0          15         84         25              0,00                      
0.3        1           13         0          0          15         75         24              0,00                      
0.0        None        15         3          0          0          18         0              -------------------- 100,00
0.001      1           15         15         0          0          90         0              NaN                        
0.005      1           15         15         0          0          90         1              -------------------- 100,00
0.01       1           15         15         0          0          90         1              -------------------- 100,00
0.05       1           15         15         0          0          90         6              -------------------- 100,00
0.1        1           15         15         0          0          90         13             -------------------- 100,00
0.15       1           15         15         0          0          90         19             -------------------- 100,00
0.2        1           15         15         0          0          90         23             -------------------- 100,00
0.25       1           15         15         0          0          90         27             -------------------- 100,00
0.3        1           15         15         0          0          90         30             -------------------- 100,00
0.0        None        16         3          0          0          18         0              -------------------- 100,00
0.001      1           16         15         0          0          90         0              NaN                        
0.005      1           16         15         0          0          90         1              -------------------- 100,00
0.01       1           16         15         0          0          90         1              -------------------- 100,00
0.05       1           16         15         0          0          90         6              -------------------- 100,00
0.1        1           16         15         0          0          90         13             -------------------- 100,00
0.15       1           16         15         0          0          90         19             -------------------- 100,00
0.2        1           16         15         0          0          90         23             -------------------- 100,00
0.25       1           16         15         0          0          90         27             -------------------- 100,00
0.3        1           16         15         0          0          90         30             -------------------- 100,00
0.0        None        18         3          0          0          18         0              -------------------- 100,00
0.001      1           18         15         0          0          90         0              NaN                        
0.005      1           18         14         0          1          90         1              ------------------- 93,33  
0.01       1           18         14         0          1          90         1              ------------------- 93,33  
0.05       1           18         10         0          5          78         5              -------------- 66,67       
0.1        1           18         5          0          10         60         10             ------- 33,33              
0.15       1           18         4          0          11         53         11             ------ 26,67               
0.2        1           18         4          0          11         50         11             ------ 26,67               
0.25       1           18         3          0          12         48         12             ---- 20,00                 
0.3        1           18         3          0          12         45         12             ---- 20,00                 
0.0        None        19         3          0          0          18         0              -------------------- 100,00
0.001      1           19         15         0          0          90         0              NaN                        
0.005      1           19         14         0          1          90         1              ------------------- 93,33  
0.01       1           19         14         0          1          90         1              ------------------- 93,33  
0.05       1           19         10         0          5          78         5              -------------- 66,67       
0.1        1           19         5          0          10         60         10             ------- 33,33              
0.15       1           19         4          0          11         53         11             ------ 26,67               
0.2        1           19         4          0          11         50         11             ------ 26,67               
0.25       1           19         3          0          12         48         12             ---- 20,00                 
0.3        1           19         3          0          12         45         12             ---- 20,00                 
