detail per task and per Magnitude.
Exploration Plus Magnitude
magnitude value : 1 5 10 20 50 75 100 
123 perturbation point
PM : Numerical Perturbator
1 files of 100 chararacters
Random characters generated with 23 as seed
Task Magnitude  IndexLoc   #Success   #Failure   #Exception #Call      #Perturbations %Success                   
0    1          0          11         0          3          161        13             ---------------- 78,57     
0    5          0          11         0          3          159        14             ---------------- 78,57     
0    10         0          11         0          3          160        14             ---------------- 78,57     
0    20         0          11         0          3          164        14             ---------------- 78,57     
0    50         0          11         0          3          160        13             ---------------- 78,57     
0    75         0          11         0          3          163        14             ---------------- 78,57     
0    100        0          11         0          3          163        14             ---------------- 78,57     
0    1          1          207        0          0          41928      206            -------------------- 100,00
0    5          1          207        0          0          42282      204            -------------------- 100,00
0    10         1          207        0          0          42128      206            -------------------- 100,00
0    20         1          207        0          0          42130      202            -------------------- 100,00
0    50         1          207        0          0          42436      208            -------------------- 100,00
0    75         1          207        0          0          42000      208            -------------------- 100,00
0    100        1          207        0          0          42436      205            -------------------- 100,00
0    1          2          156        0          0          31980      156            -------------------- 100,00
0    5          2          156        0          0          31956      157            -------------------- 100,00
0    10         2          156        0          0          31676      157            -------------------- 100,00
0    20         2          156        0          0          32034      160            -------------------- 100,00
0    50         2          156        0          0          31932      156            -------------------- 100,00
0    75         2          156        0          0          31983      159            -------------------- 100,00
0    100        2          156        0          0          31827      156            -------------------- 100,00
0    1          4          207        0          0          42435      209            -------------------- 100,00
0    5          4          207        0          0          42227      205            -------------------- 100,00
0    10         4          207        0          0          42227      207            -------------------- 100,00
0    20         4          207        0          0          42483      206            -------------------- 100,00
0    50         4          207        0          0          42276      206            -------------------- 100,00
0    75         4          207        0          0          42284      203            -------------------- 100,00
0    100        4          109        0          98         22816      113            ----------- 52,66          
0    1          5          0          0          0          0          0              NaN                        
0    5          5          0          0          0          0          0              NaN                        
0    10         5          0          0          0          0          0              NaN                        
0    20         5          0          0          0          0          0              NaN                        
0    50         5          0          0          0          0          0              NaN                        
0    75         5          0          0          0          0          0              NaN                        
0    100        5          0          0          0          0          0              NaN                        
0    1          7          0          0          0          0          0              NaN                        
0    5          7          0          0          0          0          0              NaN                        
0    10         7          0          0          0          0          0              NaN                        
0    20         7          0          0          0          0          0              NaN                        
0    50         7          0          0          0          0          0              NaN                        
0    75         7          0          0          0          0          0              NaN                        
0    100        7          0          0          0          0          0              NaN                        
0    1          8          0          0          0          0          0              NaN                        
0    5          8          0          0          0          0          0              NaN                        
0    10         8          0          0          0          0          0              NaN                        
0    20         8          0          0          0          0          0              NaN                        
0    50         8          0          0          0          0          0              NaN                        
0    75         8          0          0          0          0          0              NaN                        
0    100        8          0          0          0          0          0              NaN                        
0    1          11         0          0          0          0          0              NaN                        
0    5          11         0          0          0          0          0              NaN                        
0    10         11         0          0          0          0          0              NaN                        
0    20         11         0          0          0          0          0              NaN                        
0    50         11         0          0          0          0          0              NaN                        
0    75         11         0          0          0          0          0              NaN                        
0    100        11         0          0          0          0          0              NaN                        
0    1          12         0          0          0          0          0              NaN                        
0    5          12         0          0          0          0          0              NaN                        
0    10         12         0          0          0          0          0              NaN                        
0    20         12         0          0          0          0          0              NaN                        
0    50         12         0          0          0          0          0              NaN                        
0    75         12         0          0          0          0          0              NaN                        
0    100        12         0          0          0          0          0              NaN                        
0    1          14         0          0          0          0          0              NaN                        
0    5          14         0          0          0          0          0              NaN                        
0    10         14         0          0          0          0          0              NaN                        
0    20         14         0          0          0          0          0              NaN                        
0    50         14         0          0          0          0          0              NaN                        
0    75         14         0          0          0          0          0              NaN                        
0    100        14         0          0          0          0          0              NaN                        
0    1          15         0          0          0          0          0              NaN                        
0    5          15         0          0          0          0          0              NaN                        
0    10         15         0          0          0          0          0              NaN                        
0    20         15         0          0          0          0          0              NaN                        
0    50         15         0          0          0          0          0              NaN                        
0    75         15         0          0          0          0          0              NaN                        
0    100        15         0          0          0          0          0              NaN                        
0    1          17         0          0          0          0          0              NaN                        
0    5          17         0          0          0          0          0              NaN                        
0    10         17         0          0          0          0          0              NaN                        
0    20         17         0          0          0          0          0              NaN                        
0    50         17         0          0          0          0          0              NaN                        
0    75         17         0          0          0          0          0              NaN                        
0    100        17         0          0          0          0          0              NaN                        
0    1          18         0          0          0          0          0              NaN                        
0    5          18         0          0          0          0          0              NaN                        
0    10         18         0          0          0          0          0              NaN                        
0    20         18         0          0          0          0          0              NaN                        
0    50         18         0          0          0          0          0              NaN                        
0    75         18         0          0          0          0          0              NaN                        
0    100        18         0          0          0          0          0              NaN                        
0    1          20         0          0          0          0          0              NaN                        
0    5          20         0          0          0          0          0              NaN                        
0    10         20         0          0          0          0          0              NaN                        
0    20         20         0          0          0          0          0              NaN                        
0    50         20         0          0          0          0          0              NaN                        
0    75         20         0          0          0          0          0              NaN                        
0    100        20         0          0          0          0          0              NaN                        
0    1          21         0          0          0          0          0              NaN                        
0    5          21         0          0          0          0          0              NaN                        
0    10         21         0          0          0          0          0              NaN                        
0    20         21         0          0          0          0          0              NaN                        
0    50         21         0          0          0          0          0              NaN                        
0    75         21         0          0          0          0          0              NaN                        
0    100        21         0          0          0          0          0              NaN                        
0    1          22         0          0          0          0          0              NaN                        
0    5          22         0          0          0          0          0              NaN                        
0    10         22         0          0          0          0          0              NaN                        
0    20         22         0          0          0          0          0              NaN                        
0    50         22         0          0          0          0          0              NaN                        
0    75         22         0          0          0          0          0              NaN                        
0    100        22         0          0          0          0          0              NaN                        
0    1          23         0          0          0          0          0              NaN                        
0    5          23         0          0          0          0          0              NaN                        
0    10         23         0          0          0          0          0              NaN                        
0    20         23         0          0          0          0          0              NaN                        
0    50         23         0          0          0          0          0              NaN                        
0    75         23         0          0          0          0          0              NaN                        
0    100        23         0          0          0          0          0              NaN                        
0    1          24         0          0          0          0          0              NaN                        
0    5          24         0          0          0          0          0              NaN                        
0    10         24         0          0          0          0          0              NaN                        
0    20         24         0          0          0          0          0              NaN                        
0    50         24         0          0          0          0          0              NaN                        
0    75         24         0          0          0          0          0              NaN                        
0    100        24         0          0          0          0          0              NaN                        
0    1          25         0          0          0          0          0              NaN                        
0    5          25         0          0          0          0          0              NaN                        
0    10         25         0          0          0          0          0              NaN                        
0    20         25         0          0          0          0          0              NaN                        
0    50         25         0          0          0          0          0              NaN                        
0    75         25         0          0          0          0          0              NaN                        
0    100        25         0          0          0          0          0              NaN                        
0    1          27         0          0          0          0          0              NaN                        
0    5          27         0          0          0          0          0              NaN                        
0    10         27         0          0          0          0          0              NaN                        
0    20         27         0          0          0          0          0              NaN                        
0    50         27         0          0          0          0          0              NaN                        
0    75         27         0          0          0          0          0              NaN                        
0    100        27         0          0          0          0          0              NaN                        
0    1          28         0          0          0          0          0              NaN                        
0    5          28         0          0          0          0          0              NaN                        
0    10         28         0          0          0          0          0              NaN                        
0    20         28         0          0          0          0          0              NaN                        
0    50         28         0          0          0          0          0              NaN                        
0    75         28         0          0          0          0          0              NaN                        
0    100        28         0          0          0          0          0              NaN                        
0    1          31         0          0          0          0          0              NaN                        
0    5          31         0          0          0          0          0              NaN                        
0    10         31         0          0          0          0          0              NaN                        
0    20         31         0          0          0          0          0              NaN                        
0    50         31         0          0          0          0          0              NaN                        
0    75         31         0          0          0          0          0              NaN                        
0    100        31         0          0          0          0          0              NaN                        
0    1          32         0          0          0          0          0              NaN                        
0    5          32         0          0          0          0          0              NaN                        
0    10         32         0          0          0          0          0              NaN                        
0    20         32         0          0          0          0          0              NaN                        
0    50         32         0          0          0          0          0              NaN                        
0    75         32         0          0          0          0          0              NaN                        
0    100        32         0          0          0          0          0              NaN                        
0    1          33         0          0          0          0          0              NaN                        
0    5          33         0          0          0          0          0              NaN                        
0    10         33         0          0          0          0          0              NaN                        
0    20         33         0          0          0          0          0              NaN                        
0    50         33         0          0          0          0          0              NaN                        
0    75         33         0          0          0          0          0              NaN                        
0    100        33         0          0          0          0          0              NaN                        
0    1          34         0          0          0          0          0              NaN                        
0    5          34         0          0          0          0          0              NaN                        
0    10         34         0          0          0          0          0              NaN                        
0    20         34         0          0          0          0          0              NaN                        
0    50         34         0          0          0          0          0              NaN                        
0    75         34         0          0          0          0          0              NaN                        
0    100        34         0          0          0          0          0              NaN                        
0    1          35         0          0          0          0          0              NaN                        
0    5          35         0          0          0          0          0              NaN                        
0    10         35         0          0          0          0          0              NaN                        
0    20         35         0          0          0          0          0              NaN                        
0    50         35         0          0          0          0          0              NaN                        
0    75         35         0          0          0          0          0              NaN                        
0    100        35         0          0          0          0          0              NaN                        
0    1          36         0          0          0          0          0              NaN                        
0    5          36         0          0          0          0          0              NaN                        
0    10         36         0          0          0          0          0              NaN                        
0    20         36         0          0          0          0          0              NaN                        
0    50         36         0          0          0          0          0              NaN                        
0    75         36         0          0          0          0          0              NaN                        
0    100        36         0          0          0          0          0              NaN                        
0    1          37         0          0          0          0          0              NaN                        
0    5          37         0          0          0          0          0              NaN                        
0    10         37         0          0          0          0          0              NaN                        
0    20         37         0          0          0          0          0              NaN                        
0    50         37         0          0          0          0          0              NaN                        
0    75         37         0          0          0          0          0              NaN                        
0    100        37         0          0          0          0          0              NaN                        
0    1          39         0          0          0          0          0              NaN                        
0    5          39         0          0          0          0          0              NaN                        
0    10         39         0          0          0          0          0              NaN                        
0    20         39         0          0          0          0          0              NaN                        
0    50         39         0          0          0          0          0              NaN                        
0    75         39         0          0          0          0          0              NaN                        
0    100        39         0          0          0          0          0              NaN                        
0    1          40         0          0          0          0          0              NaN                        
0    5          40         0          0          0          0          0              NaN                        
0    10         40         0          0          0          0          0              NaN                        
0    20         40         0          0          0          0          0              NaN                        
0    50         40         0          0          0          0          0              NaN                        
0    75         40         0          0          0          0          0              NaN                        
0    100        40         0          0          0          0          0              NaN                        
0    1          43         0          0          0          0          0              NaN                        
0    5          43         0          0          0          0          0              NaN                        
0    10         43         0          0          0          0          0              NaN                        
0    20         43         0          0          0          0          0              NaN                        
0    50         43         0          0          0          0          0              NaN                        
0    75         43         0          0          0          0          0              NaN                        
0    100        43         0          0          0          0          0              NaN                        
0    1          44         0          0          0          0          0              NaN                        
0    5          44         0          0          0          0          0              NaN                        
0    10         44         0          0          0          0          0              NaN                        
0    20         44         0          0          0          0          0              NaN                        
0    50         44         0          0          0          0          0              NaN                        
0    75         44         0          0          0          0          0              NaN                        
0    100        44         0          0          0          0          0              NaN                        
0    1          45         0          0          0          0          0              NaN                        
0    5          45         0          0          0          0          0              NaN                        
0    10         45         0          0          0          0          0              NaN                        
0    20         45         0          0          0          0          0              NaN                        
0    50         45         0          0          0          0          0              NaN                        
0    75         45         0          0          0          0          0              NaN                        
0    100        45         0          0          0          0          0              NaN                        
0    1          46         0          0          0          0          0              NaN                        
0    5          46         0          0          0          0          0              NaN                        
0    10         46         0          0          0          0          0              NaN                        
0    20         46         0          0          0          0          0              NaN                        
0    50         46         0          0          0          0          0              NaN                        
0    75         46         0          0          0          0          0              NaN                        
0    100        46         0          0          0          0          0              NaN                        
0    1          47         0          0          0          0          0              NaN                        
0    5          47         0          0          0          0          0              NaN                        
0    10         47         0          0          0          0          0              NaN                        
0    20         47         0          0          0          0          0              NaN                        
0    50         47         0          0          0          0          0              NaN                        
0    75         47         0          0          0          0          0              NaN                        
0    100        47         0          0          0          0          0              NaN                        
0    1          48         0          0          0          0          0              NaN                        
0    5          48         0          0          0          0          0              NaN                        
0    10         48         0          0          0          0          0              NaN                        
0    20         48         0          0          0          0          0              NaN                        
0    50         48         0          0          0          0          0              NaN                        
0    75         48         0          0          0          0          0              NaN                        
0    100        48         0          0          0          0          0              NaN                        
0    1          49         0          0          0          0          0              NaN                        
0    5          49         0          0          0          0          0              NaN                        
0    10         49         0          0          0          0          0              NaN                        
0    20         49         0          0          0          0          0              NaN                        
0    50         49         0          0          0          0          0              NaN                        
0    75         49         0          0          0          0          0              NaN                        
0    100        49         0          0          0          0          0              NaN                        
0    1          50         0          0          0          0          0              NaN                        
0    5          50         0          0          0          0          0              NaN                        
0    10         50         0          0          0          0          0              NaN                        
0    20         50         0          0          0          0          0              NaN                        
0    50         50         0          0          0          0          0              NaN                        
0    75         50         0          0          0          0          0              NaN                        
0    100        50         0          0          0          0          0              NaN                        
0    1          51         0          0          0          0          0              NaN                        
0    5          51         0          0          0          0          0              NaN                        
0    10         51         0          0          0          0          0              NaN                        
0    20         51         0          0          0          0          0              NaN                        
0    50         51         0          0          0          0          0              NaN                        
0    75         51         0          0          0          0          0              NaN                        
0    100        51         0          0          0          0          0              NaN                        
0    1          52         0          0          0          0          0              NaN                        
0    5          52         0          0          0          0          0              NaN                        
0    10         52         0          0          0          0          0              NaN                        
0    20         52         0          0          0          0          0              NaN                        
0    50         52         0          0          0          0          0              NaN                        
0    75         52         0          0          0          0          0              NaN                        
0    100        52         0          0          0          0          0              NaN                        
0    1          53         0          0          0          0          0              NaN                        
0    5          53         0          0          0          0          0              NaN                        
0    10         53         0          0          0          0          0              NaN                        
0    20         53         0          0          0          0          0              NaN                        
0    50         53         0          0          0          0          0              NaN                        
0    75         53         0          0          0          0          0              NaN                        
0    100        53         0          0          0          0          0              NaN                        
0    1          55         0          0          0          0          0              NaN                        
0    5          55         0          0          0          0          0              NaN                        
0    10         55         0          0          0          0          0              NaN                        
0    20         55         0          0          0          0          0              NaN                        
0    50         55         0          0          0          0          0              NaN                        
0    75         55         0          0          0          0          0              NaN                        
0    100        55         0          0          0          0          0              NaN                        
0    1          56         0          0          0          0          0              NaN                        
0    5          56         0          0          0          0          0              NaN                        
0    10         56         0          0          0          0          0              NaN                        
0    20         56         0          0          0          0          0              NaN                        
0    50         56         0          0          0          0          0              NaN                        
0    75         56         0          0          0          0          0              NaN                        
0    100        56         0          0          0          0          0              NaN                        
0    1          57         0          0          0          0          0              NaN                        
0    5          57         0          0          0          0          0              NaN                        
0    10         57         0          0          0          0          0              NaN                        
0    20         57         0          0          0          0          0              NaN                        
0    50         57         0          0          0          0          0              NaN                        
0    75         57         0          0          0          0          0              NaN                        
0    100        57         0          0          0          0          0              NaN                        
0    1          58         0          0          0          0          0              NaN                        
0    5          58         0          0          0          0          0              NaN                        
0    10         58         0          0          0          0          0              NaN                        
0    20         58         0          0          0          0          0              NaN                        
0    50         58         0          0          0          0          0              NaN                        
0    75         58         0          0          0          0          0              NaN                        
0    100        58         0          0          0          0          0              NaN                        
0    1          60         0          0          0          0          0              NaN                        
0    5          60         0          0          0          0          0              NaN                        
0    10         60         0          0          0          0          0              NaN                        
0    20         60         0          0          0          0          0              NaN                        
0    50         60         0          0          0          0          0              NaN                        
0    75         60         0          0          0          0          0              NaN                        
0    100        60         0          0          0          0          0              NaN                        
0    1          61         0          0          0          0          0              NaN                        
0    5          61         0          0          0          0          0              NaN                        
0    10         61         0          0          0          0          0              NaN                        
0    20         61         0          0          0          0          0              NaN                        
0    50         61         0          0          0          0          0              NaN                        
0    75         61         0          0          0          0          0              NaN                        
0    100        61         0          0          0          0          0              NaN                        
0    1          62         0          0          0          0          0              NaN                        
0    5          62         0          0          0          0          0              NaN                        
0    10         62         0          0          0          0          0              NaN                        
0    20         62         0          0          0          0          0              NaN                        
0    50         62         0          0          0          0          0              NaN                        
0    75         62         0          0          0          0          0              NaN                        
0    100        62         0          0          0          0          0              NaN                        
0    1          63         0          0          0          0          0              NaN                        
0    5          63         0          0          0          0          0              NaN                        
0    10         63         0          0          0          0          0              NaN                        
0    20         63         0          0          0          0          0              NaN                        
0    50         63         0          0          0          0          0              NaN                        
0    75         63         0          0          0          0          0              NaN                        
0    100        63         0          0          0          0          0              NaN                        
0    1          65         0          0          0          0          0              NaN                        
0    5          65         0          0          0          0          0              NaN                        
0    10         65         0          0          0          0          0              NaN                        
0    20         65         0          0          0          0          0              NaN                        
0    50         65         0          0          0          0          0              NaN                        
0    75         65         0          0          0          0          0              NaN                        
0    100        65         0          0          0          0          0              NaN                        
0    1          66         0          0          0          0          0              NaN                        
0    5          66         0          0          0          0          0              NaN                        
0    10         66         0          0          0          0          0              NaN                        
0    20         66         0          0          0          0          0              NaN                        
0    50         66         0          0          0          0          0              NaN                        
0    75         66         0          0          0          0          0              NaN                        
0    100        66         0          0          0          0          0              NaN                        
0    1          67         0          0          0          0          0              NaN                        
0    5          67         0          0          0          0          0              NaN                        
0    10         67         0          0          0          0          0              NaN                        
0    20         67         0          0          0          0          0              NaN                        
0    50         67         0          0          0          0          0              NaN                        
0    75         67         0          0          0          0          0              NaN                        
0    100        67         0          0          0          0          0              NaN                        
0    1          68         0          0          0          0          0              NaN                        
0    5          68         0          0          0          0          0              NaN                        
0    10         68         0          0          0          0          0              NaN                        
0    20         68         0          0          0          0          0              NaN                        
0    50         68         0          0          0          0          0              NaN                        
0    75         68         0          0          0          0          0              NaN                        
0    100        68         0          0          0          0          0              NaN                        
0    1          69         0          0          0          0          0              NaN                        
0    5          69         0          0          0          0          0              NaN                        
0    10         69         0          0          0          0          0              NaN                        
0    20         69         0          0          0          0          0              NaN                        
0    50         69         0          0          0          0          0              NaN                        
0    75         69         0          0          0          0          0              NaN                        
0    100        69         0          0          0          0          0              NaN                        
0    1          71         0          0          0          0          0              NaN                        
0    5          71         0          0          0          0          0              NaN                        
0    10         71         0          0          0          0          0              NaN                        
0    20         71         0          0          0          0          0              NaN                        
0    50         71         0          0          0          0          0              NaN                        
0    75         71         0          0          0          0          0              NaN                        
0    100        71         0          0          0          0          0              NaN                        
0    1          72         0          0          0          0          0              NaN                        
0    5          72         0          0          0          0          0              NaN                        
0    10         72         0          0          0          0          0              NaN                        
0    20         72         0          0          0          0          0              NaN                        
0    50         72         0          0          0          0          0              NaN                        
0    75         72         0          0          0          0          0              NaN                        
0    100        72         0          0          0          0          0              NaN                        
0    1          73         0          0          0          0          0              NaN                        
0    5          73         0          0          0          0          0              NaN                        
0    10         73         0          0          0          0          0              NaN                        
0    20         73         0          0          0          0          0              NaN                        
0    50         73         0          0          0          0          0              NaN                        
0    75         73         0          0          0          0          0              NaN                        
0    100        73         0          0          0          0          0              NaN                        
0    1          74         0          0          0          0          0              NaN                        
0    5          74         0          0          0          0          0              NaN                        
0    10         74         0          0          0          0          0              NaN                        
0    20         74         0          0          0          0          0              NaN                        
0    50         74         0          0          0          0          0              NaN                        
0    75         74         0          0          0          0          0              NaN                        
0    100        74         0          0          0          0          0              NaN                        
0    1          76         0          0          0          0          0              NaN                        
0    5          76         0          0          0          0          0              NaN                        
0    10         76         0          0          0          0          0              NaN                        
0    20         76         0          0          0          0          0              NaN                        
0    50         76         0          0          0          0          0              NaN                        
0    75         76         0          0          0          0          0              NaN                        
0    100        76         0          0          0          0          0              NaN                        
0    1          77         0          0          0          0          0              NaN                        
0    5          77         0          0          0          0          0              NaN                        
0    10         77         0          0          0          0          0              NaN                        
0    20         77         0          0          0          0          0              NaN                        
0    50         77         0          0          0          0          0              NaN                        
0    75         77         0          0          0          0          0              NaN                        
0    100        77         0          0          0          0          0              NaN                        
0    1          78         0          0          0          0          0              NaN                        
0    5          78         0          0          0          0          0              NaN                        
0    10         78         0          0          0          0          0              NaN                        
0    20         78         0          0          0          0          0              NaN                        
0    50         78         0          0          0          0          0              NaN                        
0    75         78         0          0          0          0          0              NaN                        
0    100        78         0          0          0          0          0              NaN                        
0    1          79         0          0          0          0          0              NaN                        
0    5          79         0          0          0          0          0              NaN                        
0    10         79         0          0          0          0          0              NaN                        
0    20         79         0          0          0          0          0              NaN                        
0    50         79         0          0          0          0          0              NaN                        
0    75         79         0          0          0          0          0              NaN                        
0    100        79         0          0          0          0          0              NaN                        
0    1          80         0          0          0          0          0              NaN                        
0    5          80         0          0          0          0          0              NaN                        
0    10         80         0          0          0          0          0              NaN                        
0    20         80         0          0          0          0          0              NaN                        
0    50         80         0          0          0          0          0              NaN                        
0    75         80         0          0          0          0          0              NaN                        
0    100        80         0          0          0          0          0              NaN                        
0    1          82         0          0          0          0          0              NaN                        
0    5          82         0          0          0          0          0              NaN                        
0    10         82         0          0          0          0          0              NaN                        
0    20         82         0          0          0          0          0              NaN                        
0    50         82         0          0          0          0          0              NaN                        
0    75         82         0          0          0          0          0              NaN                        
0    100        82         0          0          0          0          0              NaN                        
0    1          83         0          0          0          0          0              NaN                        
0    5          83         0          0          0          0          0              NaN                        
0    10         83         0          0          0          0          0              NaN                        
0    20         83         0          0          0          0          0              NaN                        
0    50         83         0          0          0          0          0              NaN                        
0    75         83         0          0          0          0          0              NaN                        
0    100        83         0          0          0          0          0              NaN                        
0    1          84         0          0          0          0          0              NaN                        
0    5          84         0          0          0          0          0              NaN                        
0    10         84         0          0          0          0          0              NaN                        
0    20         84         0          0          0          0          0              NaN                        
0    50         84         0          0          0          0          0              NaN                        
0    75         84         0          0          0          0          0              NaN                        
0    100        84         0          0          0          0          0              NaN                        
0    1          85         0          0          0          0          0              NaN                        
0    5          85         0          0          0          0          0              NaN                        
0    10         85         0          0          0          0          0              NaN                        
0    20         85         0          0          0          0          0              NaN                        
0    50         85         0          0          0          0          0              NaN                        
0    75         85         0          0          0          0          0              NaN                        
0    100        85         0          0          0          0          0              NaN                        
0    1          87         0          0          0          0          0              NaN                        
0    5          87         0          0          0          0          0              NaN                        
0    10         87         0          0          0          0          0              NaN                        
0    20         87         0          0          0          0          0              NaN                        
0    50         87         0          0          0          0          0              NaN                        
0    75         87         0          0          0          0          0              NaN                        
0    100        87         0          0          0          0          0              NaN                        
0    1          88         0          0          0          0          0              NaN                        
0    5          88         0          0          0          0          0              NaN                        
0    10         88         0          0          0          0          0              NaN                        
0    20         88         0          0          0          0          0              NaN                        
0    50         88         0          0          0          0          0              NaN                        
0    75         88         0          0          0          0          0              NaN                        
0    100        88         0          0          0          0          0              NaN                        
0    1          89         0          0          0          0          0              NaN                        
0    5          89         0          0          0          0          0              NaN                        
0    10         89         0          0          0          0          0              NaN                        
0    20         89         0          0          0          0          0              NaN                        
0    50         89         0          0          0          0          0              NaN                        
0    75         89         0          0          0          0          0              NaN                        
0    100        89         0          0          0          0          0              NaN                        
0    1          91         0          0          0          0          0              NaN                        
0    5          91         0          0          0          0          0              NaN                        
0    10         91         0          0          0          0          0              NaN                        
0    20         91         0          0          0          0          0              NaN                        
0    50         91         0          0          0          0          0              NaN                        
0    75         91         0          0          0          0          0              NaN                        
0    100        91         0          0          0          0          0              NaN                        
0    1          92         0          0          0          0          0              NaN                        
0    5          92         0          0          0          0          0              NaN                        
0    10         92         0          0          0          0          0              NaN                        
0    20         92         0          0          0          0          0              NaN                        
0    50         92         0          0          0          0          0              NaN                        
0    75         92         0          0          0          0          0              NaN                        
0    100        92         0          0          0          0          0              NaN                        
0    1          93         0          0          0          0          0              NaN                        
0    5          93         0          0          0          0          0              NaN                        
0    10         93         0          0          0          0          0              NaN                        
0    20         93         0          0          0          0          0              NaN                        
0    50         93         0          0          0          0          0              NaN                        
0    75         93         0          0          0          0          0              NaN                        
0    100        93         0          0          0          0          0              NaN                        
0    1          94         0          0          0          0          0              NaN                        
0    5          94         0          0          0          0          0              NaN                        
0    10         94         0          0          0          0          0              NaN                        
0    20         94         0          0          0          0          0              NaN                        
0    50         94         0          0          0          0          0              NaN                        
0    75         94         0          0          0          0          0              NaN                        
0    100        94         0          0          0          0          0              NaN                        
0    1          96         0          0          0          0          0              NaN                        
0    5          96         0          0          0          0          0              NaN                        
0    10         96         0          0          0          0          0              NaN                        
0    20         96         0          0          0          0          0              NaN                        
0    50         96         0          0          0          0          0              NaN                        
0    75         96         0          0          0          0          0              NaN                        
0    100        96         0          0          0          0          0              NaN                        
0    1          97         0          0          0          0          0              NaN                        
0    5          97         0          0          0          0          0              NaN                        
0    10         97         0          0          0          0          0              NaN                        
0    20         97         0          0          0          0          0              NaN                        
0    50         97         0          0          0          0          0              NaN                        
0    75         97         0          0          0          0          0              NaN                        
0    100        97         0          0          0          0          0              NaN                        
0    1          98         0          0          0          0          0              NaN                        
0    5          98         0          0          0          0          0              NaN                        
0    10         98         0          0          0          0          0              NaN                        
0    20         98         0          0          0          0          0              NaN                        
0    50         98         0          0          0          0          0              NaN                        
0    75         98         0          0          0          0          0              NaN                        
0    100        98         0          0          0          0          0              NaN                        
0    1          100        0          0          0          0          0              NaN                        
0    5          100        0          0          0          0          0              NaN                        
0    10         100        0          0          0          0          0              NaN                        
0    20         100        0          0          0          0          0              NaN                        
0    50         100        0          0          0          0          0              NaN                        
0    75         100        0          0          0          0          0              NaN                        
0    100        100        0          0          0          0          0              NaN                        
0    1          101        0          0          0          0          0              NaN                        
0    5          101        0          0          0          0          0              NaN                        
0    10         101        0          0          0          0          0              NaN                        
0    20         101        0          0          0          0          0              NaN                        
0    50         101        0          0          0          0          0              NaN                        
0    75         101        0          0          0          0          0              NaN                        
0    100        101        0          0          0          0          0              NaN                        
0    1          102        0          0          0          0          0              NaN                        
0    5          102        0          0          0          0          0              NaN                        
0    10         102        0          0          0          0          0              NaN                        
0    20         102        0          0          0          0          0              NaN                        
0    50         102        0          0          0          0          0              NaN                        
0    75         102        0          0          0          0          0              NaN                        
0    100        102        0          0          0          0          0              NaN                        
0    1          103        0          0          0          0          0              NaN                        
0    5          103        0          0          0          0          0              NaN                        
0    10         103        0          0          0          0          0              NaN                        
0    20         103        0          0          0          0          0              NaN                        
0    50         103        0          0          0          0          0              NaN                        
0    75         103        0          0          0          0          0              NaN                        
0    100        103        0          0          0          0          0              NaN                        
0    1          105        0          0          0          0          0              NaN                        
0    5          105        0          0          0          0          0              NaN                        
0    10         105        0          0          0          0          0              NaN                        
0    20         105        0          0          0          0          0              NaN                        
0    50         105        0          0          0          0          0              NaN                        
0    75         105        0          0          0          0          0              NaN                        
0    100        105        0          0          0          0          0              NaN                        
0    1          106        0          0          0          0          0              NaN                        
0    5          106        0          0          0          0          0              NaN                        
0    10         106        0          0          0          0          0              NaN                        
0    20         106        0          0          0          0          0              NaN                        
0    50         106        0          0          0          0          0              NaN                        
0    75         106        0          0          0          0          0              NaN                        
0    100        106        0          0          0          0          0              NaN                        
0    1          109        0          0          0          0          0              NaN                        
0    5          109        0          0          0          0          0              NaN                        
0    10         109        0          0          0          0          0              NaN                        
0    20         109        0          0          0          0          0              NaN                        
0    50         109        0          0          0          0          0              NaN                        
0    75         109        0          0          0          0          0              NaN                        
0    100        109        0          0          0          0          0              NaN                        
0    1          110        0          0          0          0          0              NaN                        
0    5          110        0          0          0          0          0              NaN                        
0    10         110        0          0          0          0          0              NaN                        
0    20         110        0          0          0          0          0              NaN                        
0    50         110        0          0          0          0          0              NaN                        
0    75         110        0          0          0          0          0              NaN                        
0    100        110        0          0          0          0          0              NaN                        
0    1          111        0          0          0          0          0              NaN                        
0    5          111        0          0          0          0          0              NaN                        
0    10         111        0          0          0          0          0              NaN                        
0    20         111        0          0          0          0          0              NaN                        
0    50         111        0          0          0          0          0              NaN                        
0    75         111        0          0          0          0          0              NaN                        
0    100        111        0          0          0          0          0              NaN                        
0    1          112        0          0          0          0          0              NaN                        
0    5          112        0          0          0          0          0              NaN                        
0    10         112        0          0          0          0          0              NaN                        
0    20         112        0          0          0          0          0              NaN                        
0    50         112        0          0          0          0          0              NaN                        
0    75         112        0          0          0          0          0              NaN                        
0    100        112        0          0          0          0          0              NaN                        
0    1          113        0          0          0          0          0              NaN                        
0    5          113        0          0          0          0          0              NaN                        
0    10         113        0          0          0          0          0              NaN                        
0    20         113        0          0          0          0          0              NaN                        
0    50         113        0          0          0          0          0              NaN                        
0    75         113        0          0          0          0          0              NaN                        
0    100        113        0          0          0          0          0              NaN                        
0    1          114        0          0          0          0          0              NaN                        
0    5          114        0          0          0          0          0              NaN                        
0    10         114        0          0          0          0          0              NaN                        
0    20         114        0          0          0          0          0              NaN                        
0    50         114        0          0          0          0          0              NaN                        
0    75         114        0          0          0          0          0              NaN                        
0    100        114        0          0          0          0          0              NaN                        
0    1          115        0          0          0          0          0              NaN                        
0    5          115        0          0          0          0          0              NaN                        
0    10         115        0          0          0          0          0              NaN                        
0    20         115        0          0          0          0          0              NaN                        
0    50         115        0          0          0          0          0              NaN                        
0    75         115        0          0          0          0          0              NaN                        
0    100        115        0          0          0          0          0              NaN                        
0    1          116        0          0          0          0          0              NaN                        
0    5          116        0          0          0          0          0              NaN                        
0    10         116        0          0          0          0          0              NaN                        
0    20         116        0          0          0          0          0              NaN                        
0    50         116        0          0          0          0          0              NaN                        
0    75         116        0          0          0          0          0              NaN                        
0    100        116        0          0          0          0          0              NaN                        
0    1          118        0          0          0          0          0              NaN                        
0    5          118        0          0          0          0          0              NaN                        
0    10         118        0          0          0          0          0              NaN                        
0    20         118        0          0          0          0          0              NaN                        
0    50         118        0          0          0          0          0              NaN                        
0    75         118        0          0          0          0          0              NaN                        
0    100        118        0          0          0          0          0              NaN                        
0    1          119        0          0          0          0          0              NaN                        
0    5          119        0          0          0          0          0              NaN                        
0    10         119        0          0          0          0          0              NaN                        
0    20         119        0          0          0          0          0              NaN                        
0    50         119        0          0          0          0          0              NaN                        
0    75         119        0          0          0          0          0              NaN                        
0    100        119        0          0          0          0          0              NaN                        
0    1          122        0          0          0          0          0              NaN                        
0    5          122        0          0          0          0          0              NaN                        
0    10         122        0          0          0          0          0              NaN                        
0    20         122        0          0          0          0          0              NaN                        
0    50         122        0          0          0          0          0              NaN                        
0    75         122        0          0          0          0          0              NaN                        
0    100        122        0          0          0          0          0              NaN                        
0    1          123        0          0          0          0          0              NaN                        
0    5          123        0          0          0          0          0              NaN                        
0    10         123        0          0          0          0          0              NaN                        
0    20         123        0          0          0          0          0              NaN                        
0    50         123        0          0          0          0          0              NaN                        
0    75         123        0          0          0          0          0              NaN                        
0    100        123        0          0          0          0          0              NaN                        
0    1          124        0          0          0          0          0              NaN                        
0    5          124        0          0          0          0          0              NaN                        
0    10         124        0          0          0          0          0              NaN                        
0    20         124        0          0          0          0          0              NaN                        
0    50         124        0          0          0          0          0              NaN                        
0    75         124        0          0          0          0          0              NaN                        
0    100        124        0          0          0          0          0              NaN                        
0    1          125        0          0          0          0          0              NaN                        
0    5          125        0          0          0          0          0              NaN                        
0    10         125        0          0          0          0          0              NaN                        
0    20         125        0          0          0          0          0              NaN                        
0    50         125        0          0          0          0          0              NaN                        
0    75         125        0          0          0          0          0              NaN                        
0    100        125        0          0          0          0          0              NaN                        
0    1          126        0          0          0          0          0              NaN                        
0    5          126        0          0          0          0          0              NaN                        
0    10         126        0          0          0          0          0              NaN                        
0    20         126        0          0          0          0          0              NaN                        
0    50         126        0          0          0          0          0              NaN                        
0    75         126        0          0          0          0          0              NaN                        
0    100        126        0          0          0          0          0              NaN                        
0    1          127        0          0          0          0          0              NaN                        
0    5          127        0          0          0          0          0              NaN                        
0    10         127        0          0          0          0          0              NaN                        
0    20         127        0          0          0          0          0              NaN                        
0    50         127        0          0          0          0          0              NaN                        
0    75         127        0          0          0          0          0              NaN                        
0    100        127        0          0          0          0          0              NaN                        
0    1          128        0          0          0          0          0              NaN                        
0    5          128        0          0          0          0          0              NaN                        
0    10         128        0          0          0          0          0              NaN                        
0    20         128        0          0          0          0          0              NaN                        
0    50         128        0          0          0          0          0              NaN                        
0    75         128        0          0          0          0          0              NaN                        
0    100        128        0          0          0          0          0              NaN                        
0    1          129        0          0          0          0          0              NaN                        
0    5          129        0          0          0          0          0              NaN                        
0    10         129        0          0          0          0          0              NaN                        
0    20         129        0          0          0          0          0              NaN                        
0    50         129        0          0          0          0          0              NaN                        
0    75         129        0          0          0          0          0              NaN                        
0    100        129        0          0          0          0          0              NaN                        
0    1          131        0          0          0          0          0              NaN                        
0    5          131        0          0          0          0          0              NaN                        
0    10         131        0          0          0          0          0              NaN                        
0    20         131        0          0          0          0          0              NaN                        
0    50         131        0          0          0          0          0              NaN                        
0    75         131        0          0          0          0          0              NaN                        
0    100        131        0          0          0          0          0              NaN                        
0    1          132        0          0          0          0          0              NaN                        
0    5          132        0          0          0          0          0              NaN                        
0    10         132        0          0          0          0          0              NaN                        
0    20         132        0          0          0          0          0              NaN                        
0    50         132        0          0          0          0          0              NaN                        
0    75         132        0          0          0          0          0              NaN                        
0    100        132        0          0          0          0          0              NaN                        
0    1          133        0          0          0          0          0              NaN                        
0    5          133        0          0          0          0          0              NaN                        
0    10         133        0          0          0          0          0              NaN                        
0    20         133        0          0          0          0          0              NaN                        
0    50         133        0          0          0          0          0              NaN                        
0    75         133        0          0          0          0          0              NaN                        
0    100        133        0          0          0          0          0              NaN                        
0    1          134        0          0          0          0          0              NaN                        
0    5          134        0          0          0          0          0              NaN                        
0    10         134        0          0          0          0          0              NaN                        
0    20         134        0          0          0          0          0              NaN                        
0    50         134        0          0          0          0          0              NaN                        
0    75         134        0          0          0          0          0              NaN                        
0    100        134        0          0          0          0          0              NaN                        
0    1          136        0          0          0          0          0              NaN                        
0    5          136        0          0          0          0          0              NaN                        
0    10         136        0          0          0          0          0              NaN                        
0    20         136        0          0          0          0          0              NaN                        
0    50         136        0          0          0          0          0              NaN                        
0    75         136        0          0          0          0          0              NaN                        
0    100        136        0          0          0          0          0              NaN                        
0    1          137        0          0          0          0          0              NaN                        
0    5          137        0          0          0          0          0              NaN                        
0    10         137        0          0          0          0          0              NaN                        
0    20         137        0          0          0          0          0              NaN                        
0    50         137        0          0          0          0          0              NaN                        
0    75         137        0          0          0          0          0              NaN                        
0    100        137        0          0          0          0          0              NaN                        
0    1          138        0          0          0          0          0              NaN                        
0    5          138        0          0          0          0          0              NaN                        
0    10         138        0          0          0          0          0              NaN                        
0    20         138        0          0          0          0          0              NaN                        
0    50         138        0          0          0          0          0              NaN                        
0    75         138        0          0          0          0          0              NaN                        
0    100        138        0          0          0          0          0              NaN                        
0    1          139        0          0          0          0          0              NaN                        
0    5          139        0          0          0          0          0              NaN                        
0    10         139        0          0          0          0          0              NaN                        
0    20         139        0          0          0          0          0              NaN                        
0    50         139        0          0          0          0          0              NaN                        
0    75         139        0          0          0          0          0              NaN                        
0    100        139        0          0          0          0          0              NaN                        
0    1          140        0          0          0          0          0              NaN                        
0    5          140        0          0          0          0          0              NaN                        
0    10         140        0          0          0          0          0              NaN                        
0    20         140        0          0          0          0          0              NaN                        
0    50         140        0          0          0          0          0              NaN                        
0    75         140        0          0          0          0          0              NaN                        
0    100        140        0          0          0          0          0              NaN                        
0    1          142        0          0          0          0          0              NaN                        
0    5          142        0          0          0          0          0              NaN                        
0    10         142        0          0          0          0          0              NaN                        
0    20         142        0          0          0          0          0              NaN                        
0    50         142        0          0          0          0          0              NaN                        
0    75         142        0          0          0          0          0              NaN                        
0    100        142        0          0          0          0          0              NaN                        
0    1          143        0          0          0          0          0              NaN                        
0    5          143        0          0          0          0          0              NaN                        
0    10         143        0          0          0          0          0              NaN                        
0    20         143        0          0          0          0          0              NaN                        
0    50         143        0          0          0          0          0              NaN                        
0    75         143        0          0          0          0          0              NaN                        
0    100        143        0          0          0          0          0              NaN                        
0    1          144        0          0          0          0          0              NaN                        
0    5          144        0          0          0          0          0              NaN                        
0    10         144        0          0          0          0          0              NaN                        
0    20         144        0          0          0          0          0              NaN                        
0    50         144        0          0          0          0          0              NaN                        
0    75         144        0          0          0          0          0              NaN                        
0    100        144        0          0          0          0          0              NaN                        
0    1          145        0          0          0          0          0              NaN                        
0    5          145        0          0          0          0          0              NaN                        
0    10         145        0          0          0          0          0              NaN                        
0    20         145        0          0          0          0          0              NaN                        
0    50         145        0          0          0          0          0              NaN                        
0    75         145        0          0          0          0          0              NaN                        
0    100        145        0          0          0          0          0              NaN                        
0    1          146        0          0          0          0          0              NaN                        
0    5          146        0          0          0          0          0              NaN                        
0    10         146        0          0          0          0          0              NaN                        
0    20         146        0          0          0          0          0              NaN                        
0    50         146        0          0          0          0          0              NaN                        
0    75         146        0          0          0          0          0              NaN                        
0    100        146        0          0          0          0          0              NaN                        
0    1          148        0          0          0          0          0              NaN                        
0    5          148        0          0          0          0          0              NaN                        
0    10         148        0          0          0          0          0              NaN                        
0    20         148        0          0          0          0          0              NaN                        
0    50         148        0          0          0          0          0              NaN                        
0    75         148        0          0          0          0          0              NaN                        
0    100        148        0          0          0          0          0              NaN                        
0    1          149        0          0          0          0          0              NaN                        
0    5          149        0          0          0          0          0              NaN                        
0    10         149        0          0          0          0          0              NaN                        
0    20         149        0          0          0          0          0              NaN                        
0    50         149        0          0          0          0          0              NaN                        
0    75         149        0          0          0          0          0              NaN                        
0    100        149        0          0          0          0          0              NaN                        
0    1          150        0          0          0          0          0              NaN                        
0    5          150        0          0          0          0          0              NaN                        
0    10         150        0          0          0          0          0              NaN                        
0    20         150        0          0          0          0          0              NaN                        
0    50         150        0          0          0          0          0              NaN                        
0    75         150        0          0          0          0          0              NaN                        
0    100        150        0          0          0          0          0              NaN                        
0    1          151        0          0          0          0          0              NaN                        
0    5          151        0          0          0          0          0              NaN                        
0    10         151        0          0          0          0          0              NaN                        
0    20         151        0          0          0          0          0              NaN                        
0    50         151        0          0          0          0          0              NaN                        
0    75         151        0          0          0          0          0              NaN                        
0    100        151        0          0          0          0          0              NaN                        
0    1          152        0          0          0          0          0              NaN                        
0    5          152        0          0          0          0          0              NaN                        
0    10         152        0          0          0          0          0              NaN                        
0    20         152        0          0          0          0          0              NaN                        
0    50         152        0          0          0          0          0              NaN                        
0    75         152        0          0          0          0          0              NaN                        
0    100        152        0          0          0          0          0              NaN                        
0    1          153        0          0          0          0          0              NaN                        
0    5          153        0          0          0          0          0              NaN                        
0    10         153        0          0          0          0          0              NaN                        
0    20         153        0          0          0          0          0              NaN                        
0    50         153        0          0          0          0          0              NaN                        
0    75         153        0          0          0          0          0              NaN                        
0    100        153        0          0          0          0          0              NaN                        
0    1          154        0          0          0          0          0              NaN                        
0    5          154        0          0          0          0          0              NaN                        
0    10         154        0          0          0          0          0              NaN                        
0    20         154        0          0          0          0          0              NaN                        
0    50         154        0          0          0          0          0              NaN                        
0    75         154        0          0          0          0          0              NaN                        
0    100        154        0          0          0          0          0              NaN                        
0    1          156        0          0          0          0          0              NaN                        
0    5          156        0          0          0          0          0              NaN                        
0    10         156        0          0          0          0          0              NaN                        
0    20         156        0          0          0          0          0              NaN                        
0    50         156        0          0          0          0          0              NaN                        
0    75         156        0          0          0          0          0              NaN                        
0    100        156        0          0          0          0          0              NaN                        
