contains the data for build a graph for analysis.
Exploration Plus One
PONE : plus one perturbator
3 files of 100 chararacters
Random characters generated with 23 as seed
131 perturbations points
Perturbator IndexLoc   #Perturbations #Success   #Failure   #Exception #Call          %Success                   
1           0          13             10         0          3          150            ---------------- 76,92     
1           1          198            206        0          0          40489          -------------------- 100,00
1           2          207            207        0          0          42080          -------------------- 100,00
1           3          203            206        0          0          41767          -------------------- 100,00
1           5          208            207        0          0          42125          -------------------- 100,00
1           6          205            207        0          0          42523          -------------------- 100,00
1           8          201            207        0          0          41834          -------------------- 100,00
1           9          206            207        0          0          41780          -------------------- 100,00
1           12         74             66         0          9          4532           ------------------ 88,00   
1           13         71             66         0          9          4567           ------------------ 88,00   
1           15         18             18         0          0          321            -------------------- 100,00
1           16         18             18         0          0          324            -------------------- 100,00
1           18         18             12         0          6          221            -------------- 66,67       
1           19         17             12         0          6          221            -------------- 66,67       
1           21         130            96         0          36         12012          --------------- 72,73      
1           22         131            96         0          36         12044          --------------- 72,73      
1           23         131            96         0          36         11938          --------------- 72,73      
1           24         128            96         0          36         12072          --------------- 72,73      
1           25         130            132        0          0          17122          -------------------- 100,00
1           26         12             10         0          122        1451           -- 7,58                    
1           28         0              0          0          0          0              NaN                        
1           29         0              0          0          0          0              NaN                        
1           32         0              0          0          0          0              NaN                        
1           33         0              0          0          0          0              NaN                        
1           34         0              0          0          0          0              NaN                        
1           35         0              0          0          0          0              NaN                        
1           36         0              0          0          0          0              NaN                        
1           37         0              0          0          0          0              NaN                        
1           38         0              0          0          0          0              NaN                        
1           40         0              0          0          0          0              NaN                        
1           41         0              0          0          0          0              NaN                        
1           44         0              0          0          0          0              NaN                        
1           45         0              0          0          0          0              NaN                        
1           46         0              0          0          0          0              NaN                        
1           47         0              0          0          0          0              NaN                        
1           48         0              0          0          0          0              NaN                        
1           49         0              0          0          0          0              NaN                        
1           50         0              0          0          0          0              NaN                        
1           51         0              0          0          0          0              NaN                        
1           52         0              0          0          0          0              NaN                        
1           53         0              0          0          0          0              NaN                        
1           54         0              0          0          0          0              NaN                        
1           56         0              0          0          0          0              NaN                        
1           57         0              0          0          0          0              NaN                        
1           58         0              0          0          0          0              NaN                        
1           59         0              0          0          0          0              NaN                        
1           61         0              0          0          0          0              NaN                        
1           62         0              0          0          0          0              NaN                        
1           63         0              0          0          0          0              NaN                        
1           64         0              0          0          0          0              NaN                        
1           66         0              0          0          0          0              NaN                        
1           67         0              0          0          0          0              NaN                        
1           68         0              0          0          0          0              NaN                        
1           69         0              0          0          0          0              NaN                        
1           70         0              0          0          0          0              NaN                        
1           72         0              0          0          0          0              NaN                        
1           73         0              0          0          0          0              NaN                        
1           74         0              0          0          0          0              NaN                        
1           75         0              0          0          0          0              NaN                        
1           77         0              0          0          0          0              NaN                        
1           78         0              0          0          0          0              NaN                        
1           79         0              0          0          0          0              NaN                        
1           80         0              0          0          0          0              NaN                        
1           81         0              0          0          0          0              NaN                        
1           83         0              0          0          0          0              NaN                        
1           84         0              0          0          0          0              NaN                        
1           85         0              0          0          0          0              NaN                        
1           86         0              0          0          0          0              NaN                        
1           88         0              0          0          0          0              NaN                        
1           89         0              0          0          0          0              NaN                        
1           90         0              0          0          0          0              NaN                        
1           92         0              0          0          0          0              NaN                        
1           93         0              0          0          0          0              NaN                        
1           94         0              0          0          0          0              NaN                        
1           95         0              0          0          0          0              NaN                        
1           96         0              0          0          0          0              NaN                        
1           98         0              0          0          0          0              NaN                        
1           99         0              0          0          0          0              NaN                        
1           100        0              0          0          0          0              NaN                        
1           102        0              0          0          0          0              NaN                        
1           103        0              0          0          0          0              NaN                        
1           104        0              0          0          0          0              NaN                        
1           105        0              0          0          0          0              NaN                        
1           106        0              0          0          0          0              NaN                        
1           108        0              0          0          0          0              NaN                        
1           109        0              0          0          0          0              NaN                        
1           112        0              0          0          0          0              NaN                        
1           113        0              0          0          0          0              NaN                        
1           114        0              0          0          0          0              NaN                        
1           115        0              0          0          0          0              NaN                        
1           116        0              0          0          0          0              NaN                        
1           117        0              0          0          0          0              NaN                        
1           118        0              0          0          0          0              NaN                        
1           119        0              0          0          0          0              NaN                        
1           120        0              0          0          0          0              NaN                        
1           122        0              0          0          0          0              NaN                        
1           123        0              0          0          0          0              NaN                        
1           126        0              0          0          0          0              NaN                        
1           127        0              0          0          0          0              NaN                        
1           128        0              0          0          0          0              NaN                        
1           129        0              0          0          0          0              NaN                        
1           130        0              0          0          0          0              NaN                        
1           131        0              0          0          0          0              NaN                        
1           132        0              0          0          0          0              NaN                        
1           133        0              0          0          0          0              NaN                        
1           134        0              0          0          0          0              NaN                        
1           136        0              0          0          0          0              NaN                        
1           137        0              0          0          0          0              NaN                        
1           138        0              0          0          0          0              NaN                        
1           139        0              0          0          0          0              NaN                        
1           140        0              0          0          0          0              NaN                        
1           142        0              0          0          0          0              NaN                        
1           143        0              0          0          0          0              NaN                        
1           144        0              0          0          0          0              NaN                        
1           145        0              0          0          0          0              NaN                        
1           146        0              0          0          0          0              NaN                        
1           147        0              0          0          0          0              NaN                        
1           149        0              0          0          0          0              NaN                        
1           150        0              0          0          0          0              NaN                        
1           151        0              0          0          0          0              NaN                        
1           152        0              0          0          0          0              NaN                        
1           153        0              0          0          0          0              NaN                        
1           155        0              0          0          0          0              NaN                        
1           156        0              0          0          0          0              NaN                        
1           157        0              0          0          0          0              NaN                        
1           158        0              0          0          0          0              NaN                        
1           159        0              0          0          0          0              NaN                        
1           160        0              0          0          0          0              NaN                        
1           161        0              0          0          0          0              NaN                        
1           162        0              0          0          0          0              NaN                        
1           164        0              0          0          0          0              NaN                        
