contains the data for build a graph for analysis.
Exploration Plus Magnitude
magnitude value : 1 5 10 20 50 75 100 
123 perturbation point
PM : Numerical Perturbator
1 files of 100 chararacters
Random characters generated with 23 as seed
Magnitude   IndexLoc   #Success   #Failure   #Exception #Call      #Perturtions   %Success                   
1           0          11         0          3          161        13             ---------------- 78,57     
5           0          11         0          3          159        14             ---------------- 78,57     
10          0          11         0          3          160        14             ---------------- 78,57     
20          0          11         0          3          164        14             ---------------- 78,57     
50          0          11         0          3          160        13             ---------------- 78,57     
75          0          11         0          3          163        14             ---------------- 78,57     
100         0          11         0          3          163        14             ---------------- 78,57     
1           1          207        0          0          41928      206            -------------------- 100,00
5           1          207        0          0          42282      204            -------------------- 100,00
10          1          207        0          0          42128      206            -------------------- 100,00
20          1          207        0          0          42130      202            -------------------- 100,00
50          1          207        0          0          42436      208            -------------------- 100,00
75          1          207        0          0          42000      208            -------------------- 100,00
100         1          207        0          0          42436      205            -------------------- 100,00
1           2          156        0          0          31980      156            -------------------- 100,00
5           2          156        0          0          31956      157            -------------------- 100,00
10          2          156        0          0          31676      157            -------------------- 100,00
20          2          156        0          0          32034      160            -------------------- 100,00
50          2          156        0          0          31932      156            -------------------- 100,00
75          2          156        0          0          31983      159            -------------------- 100,00
100         2          156        0          0          31827      156            -------------------- 100,00
1           4          207        0          0          42435      209            -------------------- 100,00
5           4          207        0          0          42227      205            -------------------- 100,00
10          4          207        0          0          42227      207            -------------------- 100,00
20          4          207        0          0          42483      206            -------------------- 100,00
50          4          207        0          0          42276      206            -------------------- 100,00
75          4          207        0          0          42284      203            -------------------- 100,00
100         4          109        0          98         22816      113            ----------- 52,66          
1           5          0          0          0          0          0              NaN                        
5           5          0          0          0          0          0              NaN                        
10          5          0          0          0          0          0              NaN                        
20          5          0          0          0          0          0              NaN                        
50          5          0          0          0          0          0              NaN                        
75          5          0          0          0          0          0              NaN                        
100         5          0          0          0          0          0              NaN                        
1           7          0          0          0          0          0              NaN                        
5           7          0          0          0          0          0              NaN                        
10          7          0          0          0          0          0              NaN                        
20          7          0          0          0          0          0              NaN                        
50          7          0          0          0          0          0              NaN                        
75          7          0          0          0          0          0              NaN                        
100         7          0          0          0          0          0              NaN                        
1           8          0          0          0          0          0              NaN                        
5           8          0          0          0          0          0              NaN                        
10          8          0          0          0          0          0              NaN                        
20          8          0          0          0          0          0              NaN                        
50          8          0          0          0          0          0              NaN                        
75          8          0          0          0          0          0              NaN                        
100         8          0          0          0          0          0              NaN                        
1           11         0          0          0          0          0              NaN                        
5           11         0          0          0          0          0              NaN                        
10          11         0          0          0          0          0              NaN                        
20          11         0          0          0          0          0              NaN                        
50          11         0          0          0          0          0              NaN                        
75          11         0          0          0          0          0              NaN                        
100         11         0          0          0          0          0              NaN                        
1           12         0          0          0          0          0              NaN                        
5           12         0          0          0          0          0              NaN                        
10          12         0          0          0          0          0              NaN                        
20          12         0          0          0          0          0              NaN                        
50          12         0          0          0          0          0              NaN                        
75          12         0          0          0          0          0              NaN                        
100         12         0          0          0          0          0              NaN                        
1           14         0          0          0          0          0              NaN                        
5           14         0          0          0          0          0              NaN                        
10          14         0          0          0          0          0              NaN                        
20          14         0          0          0          0          0              NaN                        
50          14         0          0          0          0          0              NaN                        
75          14         0          0          0          0          0              NaN                        
100         14         0          0          0          0          0              NaN                        
1           15         0          0          0          0          0              NaN                        
5           15         0          0          0          0          0              NaN                        
10          15         0          0          0          0          0              NaN                        
20          15         0          0          0          0          0              NaN                        
50          15         0          0          0          0          0              NaN                        
75          15         0          0          0          0          0              NaN                        
100         15         0          0          0          0          0              NaN                        
1           17         0          0          0          0          0              NaN                        
5           17         0          0          0          0          0              NaN                        
10          17         0          0          0          0          0              NaN                        
20          17         0          0          0          0          0              NaN                        
50          17         0          0          0          0          0              NaN                        
75          17         0          0          0          0          0              NaN                        
100         17         0          0          0          0          0              NaN                        
1           18         0          0          0          0          0              NaN                        
5           18         0          0          0          0          0              NaN                        
10          18         0          0          0          0          0              NaN                        
20          18         0          0          0          0          0              NaN                        
50          18         0          0          0          0          0              NaN                        
75          18         0          0          0          0          0              NaN                        
100         18         0          0          0          0          0              NaN                        
1           20         0          0          0          0          0              NaN                        
5           20         0          0          0          0          0              NaN                        
10          20         0          0          0          0          0              NaN                        
20          20         0          0          0          0          0              NaN                        
50          20         0          0          0          0          0              NaN                        
75          20         0          0          0          0          0              NaN                        
100         20         0          0          0          0          0              NaN                        
1           21         0          0          0          0          0              NaN                        
5           21         0          0          0          0          0              NaN                        
10          21         0          0          0          0          0              NaN                        
20          21         0          0          0          0          0              NaN                        
50          21         0          0          0          0          0              NaN                        
75          21         0          0          0          0          0              NaN                        
100         21         0          0          0          0          0              NaN                        
1           22         0          0          0          0          0              NaN                        
5           22         0          0          0          0          0              NaN                        
10          22         0          0          0          0          0              NaN                        
20          22         0          0          0          0          0              NaN                        
50          22         0          0          0          0          0              NaN                        
75          22         0          0          0          0          0              NaN                        
100         22         0          0          0          0          0              NaN                        
1           23         0          0          0          0          0              NaN                        
5           23         0          0          0          0          0              NaN                        
10          23         0          0          0          0          0              NaN                        
20          23         0          0          0          0          0              NaN                        
50          23         0          0          0          0          0              NaN                        
75          23         0          0          0          0          0              NaN                        
100         23         0          0          0          0          0              NaN                        
1           24         0          0          0          0          0              NaN                        
5           24         0          0          0          0          0              NaN                        
10          24         0          0          0          0          0              NaN                        
20          24         0          0          0          0          0              NaN                        
50          24         0          0          0          0          0              NaN                        
75          24         0          0          0          0          0              NaN                        
100         24         0          0          0          0          0              NaN                        
1           25         0          0          0          0          0              NaN                        
5           25         0          0          0          0          0              NaN                        
10          25         0          0          0          0          0              NaN                        
20          25         0          0          0          0          0              NaN                        
50          25         0          0          0          0          0              NaN                        
75          25         0          0          0          0          0              NaN                        
100         25         0          0          0          0          0              NaN                        
1           27         0          0          0          0          0              NaN                        
5           27         0          0          0          0          0              NaN                        
10          27         0          0          0          0          0              NaN                        
20          27         0          0          0          0          0              NaN                        
50          27         0          0          0          0          0              NaN                        
75          27         0          0          0          0          0              NaN                        
100         27         0          0          0          0          0              NaN                        
1           28         0          0          0          0          0              NaN                        
5           28         0          0          0          0          0              NaN                        
10          28         0          0          0          0          0              NaN                        
20          28         0          0          0          0          0              NaN                        
50          28         0          0          0          0          0              NaN                        
75          28         0          0          0          0          0              NaN                        
100         28         0          0          0          0          0              NaN                        
1           31         0          0          0          0          0              NaN                        
5           31         0          0          0          0          0              NaN                        
10          31         0          0          0          0          0              NaN                        
20          31         0          0          0          0          0              NaN                        
50          31         0          0          0          0          0              NaN                        
75          31         0          0          0          0          0              NaN                        
100         31         0          0          0          0          0              NaN                        
1           32         0          0          0          0          0              NaN                        
5           32         0          0          0          0          0              NaN                        
10          32         0          0          0          0          0              NaN                        
20          32         0          0          0          0          0              NaN                        
50          32         0          0          0          0          0              NaN                        
75          32         0          0          0          0          0              NaN                        
100         32         0          0          0          0          0              NaN                        
1           33         0          0          0          0          0              NaN                        
5           33         0          0          0          0          0              NaN                        
10          33         0          0          0          0          0              NaN                        
20          33         0          0          0          0          0              NaN                        
50          33         0          0          0          0          0              NaN                        
75          33         0          0          0          0          0              NaN                        
100         33         0          0          0          0          0              NaN                        
1           34         0          0          0          0          0              NaN                        
5           34         0          0          0          0          0              NaN                        
10          34         0          0          0          0          0              NaN                        
20          34         0          0          0          0          0              NaN                        
50          34         0          0          0          0          0              NaN                        
75          34         0          0          0          0          0              NaN                        
100         34         0          0          0          0          0              NaN                        
1           35         0          0          0          0          0              NaN                        
5           35         0          0          0          0          0              NaN                        
10          35         0          0          0          0          0              NaN                        
20          35         0          0          0          0          0              NaN                        
50          35         0          0          0          0          0              NaN                        
75          35         0          0          0          0          0              NaN                        
100         35         0          0          0          0          0              NaN                        
1           36         0          0          0          0          0              NaN                        
5           36         0          0          0          0          0              NaN                        
10          36         0          0          0          0          0              NaN                        
20          36         0          0          0          0          0              NaN                        
50          36         0          0          0          0          0              NaN                        
75          36         0          0          0          0          0              NaN                        
100         36         0          0          0          0          0              NaN                        
1           37         0          0          0          0          0              NaN                        
5           37         0          0          0          0          0              NaN                        
10          37         0          0          0          0          0              NaN                        
20          37         0          0          0          0          0              NaN                        
50          37         0          0          0          0          0              NaN                        
75          37         0          0          0          0          0              NaN                        
100         37         0          0          0          0          0              NaN                        
1           39         0          0          0          0          0              NaN                        
5           39         0          0          0          0          0              NaN                        
10          39         0          0          0          0          0              NaN                        
20          39         0          0          0          0          0              NaN                        
50          39         0          0          0          0          0              NaN                        
75          39         0          0          0          0          0              NaN                        
100         39         0          0          0          0          0              NaN                        
1           40         0          0          0          0          0              NaN                        
5           40         0          0          0          0          0              NaN                        
10          40         0          0          0          0          0              NaN                        
20          40         0          0          0          0          0              NaN                        
50          40         0          0          0          0          0              NaN                        
75          40         0          0          0          0          0              NaN                        
100         40         0          0          0          0          0              NaN                        
1           43         0          0          0          0          0              NaN                        
5           43         0          0          0          0          0              NaN                        
10          43         0          0          0          0          0              NaN                        
20          43         0          0          0          0          0              NaN                        
50          43         0          0          0          0          0              NaN                        
75          43         0          0          0          0          0              NaN                        
100         43         0          0          0          0          0              NaN                        
1           44         0          0          0          0          0              NaN                        
5           44         0          0          0          0          0              NaN                        
10          44         0          0          0          0          0              NaN                        
20          44         0          0          0          0          0              NaN                        
50          44         0          0          0          0          0              NaN                        
75          44         0          0          0          0          0              NaN                        
100         44         0          0          0          0          0              NaN                        
1           45         0          0          0          0          0              NaN                        
5           45         0          0          0          0          0              NaN                        
10          45         0          0          0          0          0              NaN                        
20          45         0          0          0          0          0              NaN                        
50          45         0          0          0          0          0              NaN                        
75          45         0          0          0          0          0              NaN                        
100         45         0          0          0          0          0              NaN                        
1           46         0          0          0          0          0              NaN                        
5           46         0          0          0          0          0              NaN                        
10          46         0          0          0          0          0              NaN                        
20          46         0          0          0          0          0              NaN                        
50          46         0          0          0          0          0              NaN                        
75          46         0          0          0          0          0              NaN                        
100         46         0          0          0          0          0              NaN                        
1           47         0          0          0          0          0              NaN                        
5           47         0          0          0          0          0              NaN                        
10          47         0          0          0          0          0              NaN                        
20          47         0          0          0          0          0              NaN                        
50          47         0          0          0          0          0              NaN                        
75          47         0          0          0          0          0              NaN                        
100         47         0          0          0          0          0              NaN                        
1           48         0          0          0          0          0              NaN                        
5           48         0          0          0          0          0              NaN                        
10          48         0          0          0          0          0              NaN                        
20          48         0          0          0          0          0              NaN                        
50          48         0          0          0          0          0              NaN                        
75          48         0          0          0          0          0              NaN                        
100         48         0          0          0          0          0              NaN                        
1           49         0          0          0          0          0              NaN                        
5           49         0          0          0          0          0              NaN                        
10          49         0          0          0          0          0              NaN                        
20          49         0          0          0          0          0              NaN                        
50          49         0          0          0          0          0              NaN                        
75          49         0          0          0          0          0              NaN                        
100         49         0          0          0          0          0              NaN                        
1           50         0          0          0          0          0              NaN                        
5           50         0          0          0          0          0              NaN                        
10          50         0          0          0          0          0              NaN                        
20          50         0          0          0          0          0              NaN                        
50          50         0          0          0          0          0              NaN                        
75          50         0          0          0          0          0              NaN                        
100         50         0          0          0          0          0              NaN                        
1           51         0          0          0          0          0              NaN                        
5           51         0          0          0          0          0              NaN                        
10          51         0          0          0          0          0              NaN                        
20          51         0          0          0          0          0              NaN                        
50          51         0          0          0          0          0              NaN                        
75          51         0          0          0          0          0              NaN                        
100         51         0          0          0          0          0              NaN                        
1           52         0          0          0          0          0              NaN                        
5           52         0          0          0          0          0              NaN                        
10          52         0          0          0          0          0              NaN                        
20          52         0          0          0          0          0              NaN                        
50          52         0          0          0          0          0              NaN                        
75          52         0          0          0          0          0              NaN                        
100         52         0          0          0          0          0              NaN                        
1           53         0          0          0          0          0              NaN                        
5           53         0          0          0          0          0              NaN                        
10          53         0          0          0          0          0              NaN                        
20          53         0          0          0          0          0              NaN                        
50          53         0          0          0          0          0              NaN                        
75          53         0          0          0          0          0              NaN                        
100         53         0          0          0          0          0              NaN                        
1           55         0          0          0          0          0              NaN                        
5           55         0          0          0          0          0              NaN                        
10          55         0          0          0          0          0              NaN                        
20          55         0          0          0          0          0              NaN                        
50          55         0          0          0          0          0              NaN                        
75          55         0          0          0          0          0              NaN                        
100         55         0          0          0          0          0              NaN                        
1           56         0          0          0          0          0              NaN                        
5           56         0          0          0          0          0              NaN                        
10          56         0          0          0          0          0              NaN                        
20          56         0          0          0          0          0              NaN                        
50          56         0          0          0          0          0              NaN                        
75          56         0          0          0          0          0              NaN                        
100         56         0          0          0          0          0              NaN                        
1           57         0          0          0          0          0              NaN                        
5           57         0          0          0          0          0              NaN                        
10          57         0          0          0          0          0              NaN                        
20          57         0          0          0          0          0              NaN                        
50          57         0          0          0          0          0              NaN                        
75          57         0          0          0          0          0              NaN                        
100         57         0          0          0          0          0              NaN                        
1           58         0          0          0          0          0              NaN                        
5           58         0          0          0          0          0              NaN                        
10          58         0          0          0          0          0              NaN                        
20          58         0          0          0          0          0              NaN                        
50          58         0          0          0          0          0              NaN                        
75          58         0          0          0          0          0              NaN                        
100         58         0          0          0          0          0              NaN                        
1           60         0          0          0          0          0              NaN                        
5           60         0          0          0          0          0              NaN                        
10          60         0          0          0          0          0              NaN                        
20          60         0          0          0          0          0              NaN                        
50          60         0          0          0          0          0              NaN                        
75          60         0          0          0          0          0              NaN                        
100         60         0          0          0          0          0              NaN                        
1           61         0          0          0          0          0              NaN                        
5           61         0          0          0          0          0              NaN                        
10          61         0          0          0          0          0              NaN                        
20          61         0          0          0          0          0              NaN                        
50          61         0          0          0          0          0              NaN                        
75          61         0          0          0          0          0              NaN                        
100         61         0          0          0          0          0              NaN                        
1           62         0          0          0          0          0              NaN                        
5           62         0          0          0          0          0              NaN                        
10          62         0          0          0          0          0              NaN                        
20          62         0          0          0          0          0              NaN                        
50          62         0          0          0          0          0              NaN                        
75          62         0          0          0          0          0              NaN                        
100         62         0          0          0          0          0              NaN                        
1           63         0          0          0          0          0              NaN                        
5           63         0          0          0          0          0              NaN                        
10          63         0          0          0          0          0              NaN                        
20          63         0          0          0          0          0              NaN                        
50          63         0          0          0          0          0              NaN                        
75          63         0          0          0          0          0              NaN                        
100         63         0          0          0          0          0              NaN                        
1           65         0          0          0          0          0              NaN                        
5           65         0          0          0          0          0              NaN                        
10          65         0          0          0          0          0              NaN                        
20          65         0          0          0          0          0              NaN                        
50          65         0          0          0          0          0              NaN                        
75          65         0          0          0          0          0              NaN                        
100         65         0          0          0          0          0              NaN                        
1           66         0          0          0          0          0              NaN                        
5           66         0          0          0          0          0              NaN                        
10          66         0          0          0          0          0              NaN                        
20          66         0          0          0          0          0              NaN                        
50          66         0          0          0          0          0              NaN                        
75          66         0          0          0          0          0              NaN                        
100         66         0          0          0          0          0              NaN                        
1           67         0          0          0          0          0              NaN                        
5           67         0          0          0          0          0              NaN                        
10          67         0          0          0          0          0              NaN                        
20          67         0          0          0          0          0              NaN                        
50          67         0          0          0          0          0              NaN                        
75          67         0          0          0          0          0              NaN                        
100         67         0          0          0          0          0              NaN                        
1           68         0          0          0          0          0              NaN                        
5           68         0          0          0          0          0              NaN                        
10          68         0          0          0          0          0              NaN                        
20          68         0          0          0          0          0              NaN                        
50          68         0          0          0          0          0              NaN                        
75          68         0          0          0          0          0              NaN                        
100         68         0          0          0          0          0              NaN                        
1           69         0          0          0          0          0              NaN                        
5           69         0          0          0          0          0              NaN                        
10          69         0          0          0          0          0              NaN                        
20          69         0          0          0          0          0              NaN                        
50          69         0          0          0          0          0              NaN                        
75          69         0          0          0          0          0              NaN                        
100         69         0          0          0          0          0              NaN                        
1           71         0          0          0          0          0              NaN                        
5           71         0          0          0          0          0              NaN                        
10          71         0          0          0          0          0              NaN                        
20          71         0          0          0          0          0              NaN                        
50          71         0          0          0          0          0              NaN                        
75          71         0          0          0          0          0              NaN                        
100         71         0          0          0          0          0              NaN                        
1           72         0          0          0          0          0              NaN                        
5           72         0          0          0          0          0              NaN                        
10          72         0          0          0          0          0              NaN                        
20          72         0          0          0          0          0              NaN                        
50          72         0          0          0          0          0              NaN                        
75          72         0          0          0          0          0              NaN                        
100         72         0          0          0          0          0              NaN                        
1           73         0          0          0          0          0              NaN                        
5           73         0          0          0          0          0              NaN                        
10          73         0          0          0          0          0              NaN                        
20          73         0          0          0          0          0              NaN                        
50          73         0          0          0          0          0              NaN                        
75          73         0          0          0          0          0              NaN                        
100         73         0          0          0          0          0              NaN                        
1           74         0          0          0          0          0              NaN                        
5           74         0          0          0          0          0              NaN                        
10          74         0          0          0          0          0              NaN                        
20          74         0          0          0          0          0              NaN                        
50          74         0          0          0          0          0              NaN                        
75          74         0          0          0          0          0              NaN                        
100         74         0          0          0          0          0              NaN                        
1           76         0          0          0          0          0              NaN                        
5           76         0          0          0          0          0              NaN                        
10          76         0          0          0          0          0              NaN                        
20          76         0          0          0          0          0              NaN                        
50          76         0          0          0          0          0              NaN                        
75          76         0          0          0          0          0              NaN                        
100         76         0          0          0          0          0              NaN                        
1           77         0          0          0          0          0              NaN                        
5           77         0          0          0          0          0              NaN                        
10          77         0          0          0          0          0              NaN                        
20          77         0          0          0          0          0              NaN                        
50          77         0          0          0          0          0              NaN                        
75          77         0          0          0          0          0              NaN                        
100         77         0          0          0          0          0              NaN                        
1           78         0          0          0          0          0              NaN                        
5           78         0          0          0          0          0              NaN                        
10          78         0          0          0          0          0              NaN                        
20          78         0          0          0          0          0              NaN                        
50          78         0          0          0          0          0              NaN                        
75          78         0          0          0          0          0              NaN                        
100         78         0          0          0          0          0              NaN                        
1           79         0          0          0          0          0              NaN                        
5           79         0          0          0          0          0              NaN                        
10          79         0          0          0          0          0              NaN                        
20          79         0          0          0          0          0              NaN                        
50          79         0          0          0          0          0              NaN                        
75          79         0          0          0          0          0              NaN                        
100         79         0          0          0          0          0              NaN                        
1           80         0          0          0          0          0              NaN                        
5           80         0          0          0          0          0              NaN                        
10          80         0          0          0          0          0              NaN                        
20          80         0          0          0          0          0              NaN                        
50          80         0          0          0          0          0              NaN                        
75          80         0          0          0          0          0              NaN                        
100         80         0          0          0          0          0              NaN                        
1           82         0          0          0          0          0              NaN                        
5           82         0          0          0          0          0              NaN                        
10          82         0          0          0          0          0              NaN                        
20          82         0          0          0          0          0              NaN                        
50          82         0          0          0          0          0              NaN                        
75          82         0          0          0          0          0              NaN                        
100         82         0          0          0          0          0              NaN                        
1           83         0          0          0          0          0              NaN                        
5           83         0          0          0          0          0              NaN                        
10          83         0          0          0          0          0              NaN                        
20          83         0          0          0          0          0              NaN                        
50          83         0          0          0          0          0              NaN                        
75          83         0          0          0          0          0              NaN                        
100         83         0          0          0          0          0              NaN                        
1           84         0          0          0          0          0              NaN                        
5           84         0          0          0          0          0              NaN                        
10          84         0          0          0          0          0              NaN                        
20          84         0          0          0          0          0              NaN                        
50          84         0          0          0          0          0              NaN                        
75          84         0          0          0          0          0              NaN                        
100         84         0          0          0          0          0              NaN                        
1           85         0          0          0          0          0              NaN                        
5           85         0          0          0          0          0              NaN                        
10          85         0          0          0          0          0              NaN                        
20          85         0          0          0          0          0              NaN                        
50          85         0          0          0          0          0              NaN                        
75          85         0          0          0          0          0              NaN                        
100         85         0          0          0          0          0              NaN                        
1           87         0          0          0          0          0              NaN                        
5           87         0          0          0          0          0              NaN                        
10          87         0          0          0          0          0              NaN                        
20          87         0          0          0          0          0              NaN                        
50          87         0          0          0          0          0              NaN                        
75          87         0          0          0          0          0              NaN                        
100         87         0          0          0          0          0              NaN                        
1           88         0          0          0          0          0              NaN                        
5           88         0          0          0          0          0              NaN                        
10          88         0          0          0          0          0              NaN                        
20          88         0          0          0          0          0              NaN                        
50          88         0          0          0          0          0              NaN                        
75          88         0          0          0          0          0              NaN                        
100         88         0          0          0          0          0              NaN                        
1           89         0          0          0          0          0              NaN                        
5           89         0          0          0          0          0              NaN                        
10          89         0          0          0          0          0              NaN                        
20          89         0          0          0          0          0              NaN                        
50          89         0          0          0          0          0              NaN                        
75          89         0          0          0          0          0              NaN                        
100         89         0          0          0          0          0              NaN                        
1           91         0          0          0          0          0              NaN                        
5           91         0          0          0          0          0              NaN                        
10          91         0          0          0          0          0              NaN                        
20          91         0          0          0          0          0              NaN                        
50          91         0          0          0          0          0              NaN                        
75          91         0          0          0          0          0              NaN                        
100         91         0          0          0          0          0              NaN                        
1           92         0          0          0          0          0              NaN                        
5           92         0          0          0          0          0              NaN                        
10          92         0          0          0          0          0              NaN                        
20          92         0          0          0          0          0              NaN                        
50          92         0          0          0          0          0              NaN                        
75          92         0          0          0          0          0              NaN                        
100         92         0          0          0          0          0              NaN                        
1           93         0          0          0          0          0              NaN                        
5           93         0          0          0          0          0              NaN                        
10          93         0          0          0          0          0              NaN                        
20          93         0          0          0          0          0              NaN                        
50          93         0          0          0          0          0              NaN                        
75          93         0          0          0          0          0              NaN                        
100         93         0          0          0          0          0              NaN                        
1           94         0          0          0          0          0              NaN                        
5           94         0          0          0          0          0              NaN                        
10          94         0          0          0          0          0              NaN                        
20          94         0          0          0          0          0              NaN                        
50          94         0          0          0          0          0              NaN                        
75          94         0          0          0          0          0              NaN                        
100         94         0          0          0          0          0              NaN                        
1           96         0          0          0          0          0              NaN                        
5           96         0          0          0          0          0              NaN                        
10          96         0          0          0          0          0              NaN                        
20          96         0          0          0          0          0              NaN                        
50          96         0          0          0          0          0              NaN                        
75          96         0          0          0          0          0              NaN                        
100         96         0          0          0          0          0              NaN                        
1           97         0          0          0          0          0              NaN                        
5           97         0          0          0          0          0              NaN                        
10          97         0          0          0          0          0              NaN                        
20          97         0          0          0          0          0              NaN                        
50          97         0          0          0          0          0              NaN                        
75          97         0          0          0          0          0              NaN                        
100         97         0          0          0          0          0              NaN                        
1           98         0          0          0          0          0              NaN                        
5           98         0          0          0          0          0              NaN                        
10          98         0          0          0          0          0              NaN                        
20          98         0          0          0          0          0              NaN                        
50          98         0          0          0          0          0              NaN                        
75          98         0          0          0          0          0              NaN                        
100         98         0          0          0          0          0              NaN                        
1           100        0          0          0          0          0              NaN                        
5           100        0          0          0          0          0              NaN                        
10          100        0          0          0          0          0              NaN                        
20          100        0          0          0          0          0              NaN                        
50          100        0          0          0          0          0              NaN                        
75          100        0          0          0          0          0              NaN                        
100         100        0          0          0          0          0              NaN                        
1           101        0          0          0          0          0              NaN                        
5           101        0          0          0          0          0              NaN                        
10          101        0          0          0          0          0              NaN                        
20          101        0          0          0          0          0              NaN                        
50          101        0          0          0          0          0              NaN                        
75          101        0          0          0          0          0              NaN                        
100         101        0          0          0          0          0              NaN                        
1           102        0          0          0          0          0              NaN                        
5           102        0          0          0          0          0              NaN                        
10          102        0          0          0          0          0              NaN                        
20          102        0          0          0          0          0              NaN                        
50          102        0          0          0          0          0              NaN                        
75          102        0          0          0          0          0              NaN                        
100         102        0          0          0          0          0              NaN                        
1           103        0          0          0          0          0              NaN                        
5           103        0          0          0          0          0              NaN                        
10          103        0          0          0          0          0              NaN                        
20          103        0          0          0          0          0              NaN                        
50          103        0          0          0          0          0              NaN                        
75          103        0          0          0          0          0              NaN                        
100         103        0          0          0          0          0              NaN                        
1           105        0          0          0          0          0              NaN                        
5           105        0          0          0          0          0              NaN                        
10          105        0          0          0          0          0              NaN                        
20          105        0          0          0          0          0              NaN                        
50          105        0          0          0          0          0              NaN                        
75          105        0          0          0          0          0              NaN                        
100         105        0          0          0          0          0              NaN                        
1           106        0          0          0          0          0              NaN                        
5           106        0          0          0          0          0              NaN                        
10          106        0          0          0          0          0              NaN                        
20          106        0          0          0          0          0              NaN                        
50          106        0          0          0          0          0              NaN                        
75          106        0          0          0          0          0              NaN                        
100         106        0          0          0          0          0              NaN                        
1           109        0          0          0          0          0              NaN                        
5           109        0          0          0          0          0              NaN                        
10          109        0          0          0          0          0              NaN                        
20          109        0          0          0          0          0              NaN                        
50          109        0          0          0          0          0              NaN                        
75          109        0          0          0          0          0              NaN                        
100         109        0          0          0          0          0              NaN                        
1           110        0          0          0          0          0              NaN                        
5           110        0          0          0          0          0              NaN                        
10          110        0          0          0          0          0              NaN                        
20          110        0          0          0          0          0              NaN                        
50          110        0          0          0          0          0              NaN                        
75          110        0          0          0          0          0              NaN                        
100         110        0          0          0          0          0              NaN                        
1           111        0          0          0          0          0              NaN                        
5           111        0          0          0          0          0              NaN                        
10          111        0          0          0          0          0              NaN                        
20          111        0          0          0          0          0              NaN                        
50          111        0          0          0          0          0              NaN                        
75          111        0          0          0          0          0              NaN                        
100         111        0          0          0          0          0              NaN                        
1           112        0          0          0          0          0              NaN                        
5           112        0          0          0          0          0              NaN                        
10          112        0          0          0          0          0              NaN                        
20          112        0          0          0          0          0              NaN                        
50          112        0          0          0          0          0              NaN                        
75          112        0          0          0          0          0              NaN                        
100         112        0          0          0          0          0              NaN                        
1           113        0          0          0          0          0              NaN                        
5           113        0          0          0          0          0              NaN                        
10          113        0          0          0          0          0              NaN                        
20          113        0          0          0          0          0              NaN                        
50          113        0          0          0          0          0              NaN                        
75          113        0          0          0          0          0              NaN                        
100         113        0          0          0          0          0              NaN                        
1           114        0          0          0          0          0              NaN                        
5           114        0          0          0          0          0              NaN                        
10          114        0          0          0          0          0              NaN                        
20          114        0          0          0          0          0              NaN                        
50          114        0          0          0          0          0              NaN                        
75          114        0          0          0          0          0              NaN                        
100         114        0          0          0          0          0              NaN                        
1           115        0          0          0          0          0              NaN                        
5           115        0          0          0          0          0              NaN                        
10          115        0          0          0          0          0              NaN                        
20          115        0          0          0          0          0              NaN                        
50          115        0          0          0          0          0              NaN                        
75          115        0          0          0          0          0              NaN                        
100         115        0          0          0          0          0              NaN                        
1           116        0          0          0          0          0              NaN                        
5           116        0          0          0          0          0              NaN                        
10          116        0          0          0          0          0              NaN                        
20          116        0          0          0          0          0              NaN                        
50          116        0          0          0          0          0              NaN                        
75          116        0          0          0          0          0              NaN                        
100         116        0          0          0          0          0              NaN                        
1           118        0          0          0          0          0              NaN                        
5           118        0          0          0          0          0              NaN                        
10          118        0          0          0          0          0              NaN                        
20          118        0          0          0          0          0              NaN                        
50          118        0          0          0          0          0              NaN                        
75          118        0          0          0          0          0              NaN                        
100         118        0          0          0          0          0              NaN                        
1           119        0          0          0          0          0              NaN                        
5           119        0          0          0          0          0              NaN                        
10          119        0          0          0          0          0              NaN                        
20          119        0          0          0          0          0              NaN                        
50          119        0          0          0          0          0              NaN                        
75          119        0          0          0          0          0              NaN                        
100         119        0          0          0          0          0              NaN                        
1           122        0          0          0          0          0              NaN                        
5           122        0          0          0          0          0              NaN                        
10          122        0          0          0          0          0              NaN                        
20          122        0          0          0          0          0              NaN                        
50          122        0          0          0          0          0              NaN                        
75          122        0          0          0          0          0              NaN                        
100         122        0          0          0          0          0              NaN                        
1           123        0          0          0          0          0              NaN                        
5           123        0          0          0          0          0              NaN                        
10          123        0          0          0          0          0              NaN                        
20          123        0          0          0          0          0              NaN                        
50          123        0          0          0          0          0              NaN                        
75          123        0          0          0          0          0              NaN                        
100         123        0          0          0          0          0              NaN                        
1           124        0          0          0          0          0              NaN                        
5           124        0          0          0          0          0              NaN                        
10          124        0          0          0          0          0              NaN                        
20          124        0          0          0          0          0              NaN                        
50          124        0          0          0          0          0              NaN                        
75          124        0          0          0          0          0              NaN                        
100         124        0          0          0          0          0              NaN                        
1           125        0          0          0          0          0              NaN                        
5           125        0          0          0          0          0              NaN                        
10          125        0          0          0          0          0              NaN                        
20          125        0          0          0          0          0              NaN                        
50          125        0          0          0          0          0              NaN                        
75          125        0          0          0          0          0              NaN                        
100         125        0          0          0          0          0              NaN                        
1           126        0          0          0          0          0              NaN                        
5           126        0          0          0          0          0              NaN                        
10          126        0          0          0          0          0              NaN                        
20          126        0          0          0          0          0              NaN                        
50          126        0          0          0          0          0              NaN                        
75          126        0          0          0          0          0              NaN                        
100         126        0          0          0          0          0              NaN                        
1           127        0          0          0          0          0              NaN                        
5           127        0          0          0          0          0              NaN                        
10          127        0          0          0          0          0              NaN                        
20          127        0          0          0          0          0              NaN                        
50          127        0          0          0          0          0              NaN                        
75          127        0          0          0          0          0              NaN                        
100         127        0          0          0          0          0              NaN                        
1           128        0          0          0          0          0              NaN                        
5           128        0          0          0          0          0              NaN                        
10          128        0          0          0          0          0              NaN                        
20          128        0          0          0          0          0              NaN                        
50          128        0          0          0          0          0              NaN                        
75          128        0          0          0          0          0              NaN                        
100         128        0          0          0          0          0              NaN                        
1           129        0          0          0          0          0              NaN                        
5           129        0          0          0          0          0              NaN                        
10          129        0          0          0          0          0              NaN                        
20          129        0          0          0          0          0              NaN                        
50          129        0          0          0          0          0              NaN                        
75          129        0          0          0          0          0              NaN                        
100         129        0          0          0          0          0              NaN                        
1           131        0          0          0          0          0              NaN                        
5           131        0          0          0          0          0              NaN                        
10          131        0          0          0          0          0              NaN                        
20          131        0          0          0          0          0              NaN                        
50          131        0          0          0          0          0              NaN                        
75          131        0          0          0          0          0              NaN                        
100         131        0          0          0          0          0              NaN                        
1           132        0          0          0          0          0              NaN                        
5           132        0          0          0          0          0              NaN                        
10          132        0          0          0          0          0              NaN                        
20          132        0          0          0          0          0              NaN                        
50          132        0          0          0          0          0              NaN                        
75          132        0          0          0          0          0              NaN                        
100         132        0          0          0          0          0              NaN                        
1           133        0          0          0          0          0              NaN                        
5           133        0          0          0          0          0              NaN                        
10          133        0          0          0          0          0              NaN                        
20          133        0          0          0          0          0              NaN                        
50          133        0          0          0          0          0              NaN                        
75          133        0          0          0          0          0              NaN                        
100         133        0          0          0          0          0              NaN                        
1           134        0          0          0          0          0              NaN                        
5           134        0          0          0          0          0              NaN                        
10          134        0          0          0          0          0              NaN                        
20          134        0          0          0          0          0              NaN                        
50          134        0          0          0          0          0              NaN                        
75          134        0          0          0          0          0              NaN                        
100         134        0          0          0          0          0              NaN                        
1           136        0          0          0          0          0              NaN                        
5           136        0          0          0          0          0              NaN                        
10          136        0          0          0          0          0              NaN                        
20          136        0          0          0          0          0              NaN                        
50          136        0          0          0          0          0              NaN                        
75          136        0          0          0          0          0              NaN                        
100         136        0          0          0          0          0              NaN                        
1           137        0          0          0          0          0              NaN                        
5           137        0          0          0          0          0              NaN                        
10          137        0          0          0          0          0              NaN                        
20          137        0          0          0          0          0              NaN                        
50          137        0          0          0          0          0              NaN                        
75          137        0          0          0          0          0              NaN                        
100         137        0          0          0          0          0              NaN                        
1           138        0          0          0          0          0              NaN                        
5           138        0          0          0          0          0              NaN                        
10          138        0          0          0          0          0              NaN                        
20          138        0          0          0          0          0              NaN                        
50          138        0          0          0          0          0              NaN                        
75          138        0          0          0          0          0              NaN                        
100         138        0          0          0          0          0              NaN                        
1           139        0          0          0          0          0              NaN                        
5           139        0          0          0          0          0              NaN                        
10          139        0          0          0          0          0              NaN                        
20          139        0          0          0          0          0              NaN                        
50          139        0          0          0          0          0              NaN                        
75          139        0          0          0          0          0              NaN                        
100         139        0          0          0          0          0              NaN                        
1           140        0          0          0          0          0              NaN                        
5           140        0          0          0          0          0              NaN                        
10          140        0          0          0          0          0              NaN                        
20          140        0          0          0          0          0              NaN                        
50          140        0          0          0          0          0              NaN                        
75          140        0          0          0          0          0              NaN                        
100         140        0          0          0          0          0              NaN                        
1           142        0          0          0          0          0              NaN                        
5           142        0          0          0          0          0              NaN                        
10          142        0          0          0          0          0              NaN                        
20          142        0          0          0          0          0              NaN                        
50          142        0          0          0          0          0              NaN                        
75          142        0          0          0          0          0              NaN                        
100         142        0          0          0          0          0              NaN                        
1           143        0          0          0          0          0              NaN                        
5           143        0          0          0          0          0              NaN                        
10          143        0          0          0          0          0              NaN                        
20          143        0          0          0          0          0              NaN                        
50          143        0          0          0          0          0              NaN                        
75          143        0          0          0          0          0              NaN                        
100         143        0          0          0          0          0              NaN                        
1           144        0          0          0          0          0              NaN                        
5           144        0          0          0          0          0              NaN                        
10          144        0          0          0          0          0              NaN                        
20          144        0          0          0          0          0              NaN                        
50          144        0          0          0          0          0              NaN                        
75          144        0          0          0          0          0              NaN                        
100         144        0          0          0          0          0              NaN                        
1           145        0          0          0          0          0              NaN                        
5           145        0          0          0          0          0              NaN                        
10          145        0          0          0          0          0              NaN                        
20          145        0          0          0          0          0              NaN                        
50          145        0          0          0          0          0              NaN                        
75          145        0          0          0          0          0              NaN                        
100         145        0          0          0          0          0              NaN                        
1           146        0          0          0          0          0              NaN                        
5           146        0          0          0          0          0              NaN                        
10          146        0          0          0          0          0              NaN                        
20          146        0          0          0          0          0              NaN                        
50          146        0          0          0          0          0              NaN                        
75          146        0          0          0          0          0              NaN                        
100         146        0          0          0          0          0              NaN                        
1           148        0          0          0          0          0              NaN                        
5           148        0          0          0          0          0              NaN                        
10          148        0          0          0          0          0              NaN                        
20          148        0          0          0          0          0              NaN                        
50          148        0          0          0          0          0              NaN                        
75          148        0          0          0          0          0              NaN                        
100         148        0          0          0          0          0              NaN                        
1           149        0          0          0          0          0              NaN                        
5           149        0          0          0          0          0              NaN                        
10          149        0          0          0          0          0              NaN                        
20          149        0          0          0          0          0              NaN                        
50          149        0          0          0          0          0              NaN                        
75          149        0          0          0          0          0              NaN                        
100         149        0          0          0          0          0              NaN                        
1           150        0          0          0          0          0              NaN                        
5           150        0          0          0          0          0              NaN                        
10          150        0          0          0          0          0              NaN                        
20          150        0          0          0          0          0              NaN                        
50          150        0          0          0          0          0              NaN                        
75          150        0          0          0          0          0              NaN                        
100         150        0          0          0          0          0              NaN                        
1           151        0          0          0          0          0              NaN                        
5           151        0          0          0          0          0              NaN                        
10          151        0          0          0          0          0              NaN                        
20          151        0          0          0          0          0              NaN                        
50          151        0          0          0          0          0              NaN                        
75          151        0          0          0          0          0              NaN                        
100         151        0          0          0          0          0              NaN                        
1           152        0          0          0          0          0              NaN                        
5           152        0          0          0          0          0              NaN                        
10          152        0          0          0          0          0              NaN                        
20          152        0          0          0          0          0              NaN                        
50          152        0          0          0          0          0              NaN                        
75          152        0          0          0          0          0              NaN                        
100         152        0          0          0          0          0              NaN                        
1           153        0          0          0          0          0              NaN                        
5           153        0          0          0          0          0              NaN                        
10          153        0          0          0          0          0              NaN                        
20          153        0          0          0          0          0              NaN                        
50          153        0          0          0          0          0              NaN                        
75          153        0          0          0          0          0              NaN                        
100         153        0          0          0          0          0              NaN                        
1           154        0          0          0          0          0              NaN                        
5           154        0          0          0          0          0              NaN                        
10          154        0          0          0          0          0              NaN                        
20          154        0          0          0          0          0              NaN                        
50          154        0          0          0          0          0              NaN                        
75          154        0          0          0          0          0              NaN                        
100         154        0          0          0          0          0              NaN                        
1           156        0          0          0          0          0              NaN                        
5           156        0          0          0          0          0              NaN                        
10          156        0          0          0          0          0              NaN                        
20          156        0          0          0          0          0              NaN                        
50          156        0          0          0          0          0              NaN                        
75          156        0          0          0          0          0              NaN                        
100         156        0          0          0          0          0              NaN                        
