contains the data for the random rates analysis graph with Magnitude as perturbator.
Exploration Plus Magnitude
magnitude value : 1 5 10 20 50 75 100 
11 perturbation point
PM : Numerical Perturbator
random rates : 0.001 0.005 0.01 0.05 0.1 0.15 0.2 0.025 0.3
20 arrays of 100 integers
Random integer generated with 23 as seed
RandomRate Magnitude IndexLoc   #Success   #Failure   #Exception #Call      #Perturbation  %Success                   
0.001      1         1          99         0          1          9934       9              -------------------- 99,00 
0.001      5         1          191        0          9          19491      19             -------------------- 95,50 
0.001      10        1          282        0          18         29125      33             ------------------- 94,00  
0.001      20        1          375        0          25         38919      41             ------------------- 93,75  
0.001      50        1          468        0          32         48615      49             ------------------- 93,60  
0.001      75        1          559        0          41         58073      58             ------------------- 93,17  
0.001      100       1          655        0          45         67951      62             ------------------- 93,57  
0.005      1         1          86         0          14         9253       40             ------------------ 86,00   
0.005      5         1          160        0          40         18151      80             ---------------- 80,00     
0.005      10        1          214        0          86         25521      128            --------------- 71,33      
0.005      20        1          279        0          121        33574      168            -------------- 69,75       
0.005      50        1          338        0          162        41579      209            -------------- 67,60       
0.005      75        1          399        0          201        49532      250            -------------- 66,50       
0.005      100       1          468        0          232        58034      281            -------------- 66,86       
0.01       1         1          75         0          25         8942       88             --------------- 75,00      
0.01       5         1          119        0          81         16048      160            ------------ 59,50         
0.01       10        1          147        0          153        21930      239            ---------- 49,00           
0.01       20        1          192        0          208        28893      305            ---------- 48,00           
0.01       50        1          235        0          265        35942      364            ---------- 47,00           
0.01       75        1          268        0          332        42510      431            --------- 44,67            
0.01       100       1          300        0          400        48699      499            --------- 42,86            
0.05       1         1          20         0          80         5497       263            ---- 20,00                 
0.05       5         1          22         0          178        8474       418            --- 11,00                  
0.05       10        1          27         0          273        11420      547            -- 9,00                    
0.05       20        1          27         0          373        13917      669            -- 6,75                    
0.05       50        1          27         0          473        16209      782            -- 5,40                    
0.05       75        1          28         0          572        18200      893            - 4,67                     
0.05       100       1          28         0          672        20081      993            - 4,00                     
0.1        1         1          4          0          96         3117       314            - 4,00                     
0.1        5         1          4          0          196        4683       473            - 2,00                     
0.1        10        1          4          0          296        6284       635            - 1,33                     
0.1        20        1          4          0          396        7557       774            - 1,00                     
0.1        50        1          4          0          496        8768       891            - 0,80                     
0.1        75        1          4          0          596        9990       1008           - 0,67                     
0.1        100       1          4          0          696        10942      1108           - 0,57                     
0.15       1         1          0          0          100        2010       330             0,00                      
0.15       5         1          0          0          200        3277       527             0,00                      
0.15       10        1          0          0          300        4370       689             0,00                      
0.15       20        1          0          0          400        5267       841             0,00                      
0.15       50        1          0          0          500        6176       972             0,00                      
0.15       75        1          0          0          600        6965       1092            0,00                      
0.15       100       1          0          0          700        7665       1192            0,00                      
0.2        1         1          0          0          100        2000       398             0,00                      
0.2        5         1          0          0          200        2931       606             0,00                      
0.2        10        1          0          0          300        3865       803             0,00                      
0.2        20        1          0          0          400        4807       970             0,00                      
0.2        50        1          0          0          500        5502       1102            0,00                      
0.2        75        1          0          0          600        6132       1228            0,00                      
0.2        100       1          0          0          700        6595       1328            0,00                      
0.025      1         1          42         0          58         7091       186            --------- 42,00            
0.025      5         1          56         0          144        12126      311            ------ 28,00               
0.025      10        1          65         0          235        16302      430            ----- 21,67                
0.025      20        1          71         0          329        19858      537            ---- 17,75                 
0.025      50        1          78         0          422        23919      639            ---- 15,60                 
0.025      75        1          84         0          516        27787      737            --- 14,00                  
0.025      100       1          94         0          606        31458      827            --- 13,43                  
0.3        1         1          0          0          100        1231       373             0,00                      
0.3        5         1          0          0          200        2130       634             0,00                      
0.3        10        1          0          0          300        2846       845             0,00                      
0.3        20        1          0          0          400        3458       1046            0,00                      
0.3        50        1          0          0          500        4000       1200            0,00                      
0.3        75        1          0          0          600        4501       1359            0,00                      
0.3        100       1          0          0          700        4834       1459            0,00                      
0.001      1         2          100        0          0          10006      6              -------------------- 100,00
0.001      5         2          200        0          0          20017      17             -------------------- 100,00
0.001      10        2          300        0          0          30025      25             -------------------- 100,00
0.001      20        2          400        0          0          40034      34             -------------------- 100,00
0.001      50        2          500        0          0          50044      44             -------------------- 100,00
0.001      75        2          600        0          0          60050      50             -------------------- 100,00
0.001      100       2          700        0          0          70065      65             -------------------- 100,00
0.005      1         2          100        0          0          10045      45             -------------------- 100,00
0.005      5         2          200        0          0          20095      95             -------------------- 100,00
0.005      10        2          300        0          0          30154      154            -------------------- 100,00
0.005      20        2          400        0          0          40201      201            -------------------- 100,00
0.005      50        2          500        0          0          50238      238            -------------------- 100,00
0.005      75        2          600        0          0          60287      287            -------------------- 100,00
0.005      100       2          700        0          0          70342      342            -------------------- 100,00
0.01       1         2          100        0          0          10089      89             -------------------- 100,00
0.01       5         2          200        0          0          20215      215            -------------------- 100,00
0.01       10        2          300        0          0          30310      310            -------------------- 100,00
0.01       20        2          400        0          0          40401      401            -------------------- 100,00
0.01       50        2          500        0          0          50492      492            -------------------- 100,00
0.01       75        2          600        0          0          60599      599            -------------------- 100,00
0.01       100       2          700        0          0          70717      717            -------------------- 100,00
0.05       1         2          100        0          0          10543      543            -------------------- 100,00
0.05       5         2          200        0          0          21070      1070           -------------------- 100,00
0.05       10        2          300        0          0          31621      1621           -------------------- 100,00
0.05       20        2          400        0          0          42153      2153           -------------------- 100,00
0.05       50        2          500        0          0          52651      2651           -------------------- 100,00
0.05       75        2          600        0          0          63141      3141           -------------------- 100,00
0.05       100       2          700        0          0          73670      3670           -------------------- 100,00
0.1        1         2          100        0          0          11112      1112           -------------------- 100,00
0.1        5         2          200        0          0          22202      2202           -------------------- 100,00
0.1        10        2          300        0          0          33306      3306           -------------------- 100,00
0.1        20        2          400        0          0          44421      4421           -------------------- 100,00
0.1        50        2          500        0          0          55493      5493           -------------------- 100,00
0.1        75        2          600        0          0          66586      6586           -------------------- 100,00
0.1        100       2          700        0          0          77720      7720           -------------------- 100,00
0.15       1         2          100        0          0          11818      1818           -------------------- 100,00
0.15       5         2          200        0          0          23501      3501           -------------------- 100,00
0.15       10        2          300        0          0          35231      5231           -------------------- 100,00
0.15       20        2          400        0          0          46957      6957           -------------------- 100,00
0.15       50        2          500        0          0          58655      8655           -------------------- 100,00
0.15       75        2          600        0          0          70489      10489          -------------------- 100,00
0.15       100       2          700        0          0          82293      12293          -------------------- 100,00
0.2        1         2          100        0          0          12480      2480           -------------------- 100,00
0.2        5         2          200        0          0          24977      4977           -------------------- 100,00
0.2        10        2          300        0          0          37472      7472           -------------------- 100,00
0.2        20        2          400        0          0          49961      9961           -------------------- 100,00
0.2        50        2          500        0          0          62495      12495          -------------------- 100,00
0.2        75        2          600        0          0          75025      15025          -------------------- 100,00
0.2        100       2          700        0          0          87444      17444          -------------------- 100,00
0.025      1         2          100        0          0          10247      247            -------------------- 100,00
0.025      5         2          200        0          0          20525      525            -------------------- 100,00
0.025      10        2          300        0          0          30764      764            -------------------- 100,00
0.025      20        2          400        0          0          41030      1030           -------------------- 100,00
0.025      50        2          500        0          0          51292      1292           -------------------- 100,00
0.025      75        2          600        0          0          61557      1557           -------------------- 100,00
0.025      100       2          700        0          0          71814      1814           -------------------- 100,00
0.3        1         2          100        0          0          14301      4301           -------------------- 100,00
0.3        5         2          200        0          0          28642      8642           -------------------- 100,00
0.3        10        2          300        0          0          42920      12920          -------------------- 100,00
0.3        20        2          400        0          0          57285      17285          -------------------- 100,00
0.3        50        2          500        0          0          71539      21539          -------------------- 100,00
0.3        75        2          600        0          0          85946      25946          -------------------- 100,00
0.3        100       2          700        0          0          100195     30195          -------------------- 100,00
0.001      1         3          100        0          0          74259      79             -------------------- 100,00
0.001      5         3          200        0          0          148433     137            -------------------- 100,00
0.001      10        3          300        0          0          222640     218            -------------------- 100,00
0.001      20        3          400        0          0          296837     288            -------------------- 100,00
0.001      50        3          500        0          0          371026     354            -------------------- 100,00
0.001      75        3          600        0          0          445212     431            -------------------- 100,00
0.001      100       3          700        0          0          519434     509            -------------------- 100,00
0.005      1         3          100        0          0          74335      384            -------------------- 100,00
0.005      5         3          200        0          0          148880     761            -------------------- 100,00
0.005      10        3          300        0          0          223207     1149           -------------------- 100,00
0.005      20        3          400        0          0          297540     1504           -------------------- 100,00
0.005      50        3          500        0          0          371903     1871           -------------------- 100,00
0.005      75        3          600        0          0          446318     2251           -------------------- 100,00
0.005      100       3          700        0          0          520675     2630           -------------------- 100,00
0.01       1         3          100        0          0          74595      741            -------------------- 100,00
0.01       5         3          200        0          0          149028     1502           -------------------- 100,00
0.01       10        3          300        0          0          223495     2232           -------------------- 100,00
0.01       20        3          400        0          0          298337     2960           -------------------- 100,00
0.01       50        3          500        0          0          372915     3727           -------------------- 100,00
0.01       75        3          600        0          0          447481     4474           -------------------- 100,00
0.01       100       3          700        0          0          521997     5216           -------------------- 100,00
0.05       1         3          100        0          0          76173      3818           -------------------- 100,00
0.05       5         3          200        0          0          152497     7602           -------------------- 100,00
0.05       10        3          300        0          0          229030     11392          -------------------- 100,00
0.05       20        3          400        0          0          305208     15187          -------------------- 100,00
0.05       50        3          500        0          0          381763     19042          -------------------- 100,00
0.05       75        3          600        0          0          458435     22867          -------------------- 100,00
0.05       100       3          700        0          0          534736     26627          -------------------- 100,00
0.1        1         3          100        0          0          79719      7954           -------------------- 100,00
0.1        5         3          200        0          0          158558     15823          -------------------- 100,00
0.1        10        3          300        0          0          237482     23717          -------------------- 100,00
0.1        20        3          400        0          0          316513     31670          -------------------- 100,00
0.1        50        3          500        0          0          396538     39653          -------------------- 100,00
0.1        75        3          600        0          0          475266     47445          -------------------- 100,00
0.1        100       3          700        0          0          553886     55389          -------------------- 100,00
0.15       1         3          100        0          0          82577      12354          -------------------- 100,00
0.15       5         3          200        0          0          164332     24774          -------------------- 100,00
0.15       10        3          300        0          0          245997     37074          -------------------- 100,00
0.15       20        3          400        0          0          327599     49261          -------------------- 100,00
0.15       50        3          500        0          0          409551     61411          -------------------- 100,00
0.15       75        3          600        0          0          491299     73722          -------------------- 100,00
0.15       100       3          700        0          0          573006     86148          -------------------- 100,00
0.2        1         3          100        0          0          85106      16866          -------------------- 100,00
0.2        5         3          200        0          0          170553     33955          -------------------- 100,00
0.2        10        3          300        0          0          255945     51094          -------------------- 100,00
0.2        20        3          400        0          0          341159     68181          -------------------- 100,00
0.2        50        3          500        0          0          427395     85479          -------------------- 100,00
0.2        75        3          600        0          0          513005     102557         -------------------- 100,00
0.2        100       3          700        0          0          599720     120017         -------------------- 100,00
0.025      1         3          100        0          0          75230      1876           -------------------- 100,00
0.025      5         3          200        0          0          150357     3744           -------------------- 100,00
0.025      10        3          300        0          0          225451     5600           -------------------- 100,00
0.025      20        3          400        0          0          300648     7522           -------------------- 100,00
0.025      50        3          500        0          0          375880     9413           -------------------- 100,00
0.025      75        3          600        0          0          451203     11259          -------------------- 100,00
0.025      100       3          700        0          0          526547     13146          -------------------- 100,00
0.3        1         3          100        0          0          92969      28033          -------------------- 100,00
0.3        5         3          200        0          0          186484     55920          -------------------- 100,00
0.3        10        3          300        0          0          279993     84075          -------------------- 100,00
0.3        20        3          400        0          0          372152     111692         -------------------- 100,00
0.3        50        3          500        0          0          464212     139065         -------------------- 100,00
0.3        75        3          600        0          0          557241     167143         -------------------- 100,00
0.3        100       3          700        0          0          650242     194993         -------------------- 100,00
0.001      1         4          72         28         0          73999      72             --------------- 72,00      
0.001      5         4          148        52         0          147986     131            --------------- 74,00      
0.001      10        4          219        81         0          221951     207            --------------- 73,00      
0.001      20        4          298        102        0          295938     281            --------------- 74,50      
0.001      50        4          376        124        0          369958     356            ---------------- 75,20     
0.001      75        4          450        150        0          443984     429            --------------- 75,00      
0.001      100       4          525        175        0          518013     509            --------------- 75,00      
0.005      1         4          18         82         0          73232      366            ---- 18,00                 
0.005      5         4          36         164        0          146364     759            ---- 18,00                 
0.005      10        4          54         246        0          219540     1120           ---- 18,00                 
0.005      20        4          68         332        0          292646     1524           ---- 17,00                 
0.005      50        4          87         413        0          365826     1870           ---- 17,40                 
0.005      75        4          104        496        0          439015     2235           ---- 17,33                 
0.005      100       4          125        575        0          512327     2592           ---- 17,86                 
0.01       1         4          5          95         0          72403      715            - 5,00                     
0.01       5         4          9          191        0          144798     1446           - 4,50                     
0.01       10        4          15         285        0          217060     2203           - 5,00                     
0.01       20        4          17         383        0          289356     2941           - 4,25                     
0.01       50        4          20         480        0          361774     3643           - 4,00                     
0.01       75        4          24         576        0          434450     4338           - 4,00                     
0.01       100       4          27         673        0          506880     5082           - 3,86                     
0.05       1         4          0          100        0          65475      3227            0,00                      
0.05       5         4          0          200        0          130964     6507            0,00                      
0.05       10        4          0          300        0          197173     9750            0,00                      
0.05       20        4          0          400        0          263015     13031           0,00                      
0.05       50        4          0          500        0          328478     16279           0,00                      
0.05       75        4          0          600        0          394220     19576           0,00                      
0.05       100       4          0          700        0          459869     22918           0,00                      
0.1        1         4          0          100        0          59237      5850            0,00                      
0.1        5         4          0          200        0          117779     11776           0,00                      
0.1        10        4          0          300        0          177117     17594           0,00                      
0.1        20        4          0          400        0          235973     23585           0,00                      
0.1        50        4          0          500        0          294864     29448           0,00                      
0.1        75        4          0          600        0          354213     35307           0,00                      
0.1        100       4          0          700        0          412946     41282           0,00                      
0.15       1         4          0          100        0          53190      7984            0,00                      
0.15       5         4          0          200        0          106376     15945           0,00                      
0.15       10        4          0          300        0          159038     24022           0,00                      
0.15       20        4          0          400        0          211870     32141           0,00                      
0.15       50        4          0          500        0          265108     40105           0,00                      
0.15       75        4          0          600        0          318135     48112           0,00                      
0.15       100       4          0          700        0          371016     55937           0,00                      
0.2        1         4          0          100        0          47967      9581            0,00                      
0.2        5         4          0          200        0          96170      19188           0,00                      
0.2        10        4          0          300        0          144144     28790           0,00                      
0.2        20        4          0          400        0          191776     38413           0,00                      
0.2        50        4          0          500        0          240413     48058           0,00                      
0.2        75        4          0          600        0          288561     57701           0,00                      
0.2        100       4          0          700        0          337259     67296           0,00                      
0.025      1         4          0          100        0          69710      1760            0,00                      
0.025      5         4          0          200        0          139301     3517            0,00                      
0.025      10        4          0          300        0          209428     5220            0,00                      
0.025      20        4          0          400        0          278966     7002            0,00                      
0.025      50        4          0          500        0          348861     8727            0,00                      
0.025      75        4          0          600        0          418409     10451           0,00                      
0.025      100       4          0          700        0          488049     12229           0,00                      
0.3        1         4          0          100        0          40443      12115           0,00                      
0.3        5         4          0          200        0          80738      24270           0,00                      
0.3        10        4          0          300        0          121554     36493           0,00                      
0.3        20        4          0          400        0          161882     48577           0,00                      
0.3        50        4          0          500        0          201946     60641           0,00                      
0.3        75        4          0          600        0          242569     72703           0,00                      
0.3        100       4          0          700        0          283053     84788           0,00                      
0.001      1         5          100        0          0          74198      76             -------------------- 100,00
0.001      5         5          183        17         0          148348     138            ------------------- 91,50  
0.001      10        5          252        48         0          222585     219            ----------------- 84,00    
0.001      20        5          328        72         0          296780     287            ----------------- 82,00    
0.001      50        5          406        94         0          370981     355            ----------------- 81,20    
0.001      75        5          485        115        0          445143     430            ----------------- 80,83    
0.001      100       5          560        140        0          519289     509            ---------------- 80,00     
0.005      1         5          100        0          0          74434      383            -------------------- 100,00
0.005      5         5          125        75         0          148649     766            ------------- 62,50        
0.005      10        5          147        153        0          222986     1155           ---------- 49,00           
0.005      20        5          168        232        0          297127     1514           --------- 42,00            
0.005      50        5          194        306        0          371192     1870           -------- 38,80             
0.005      75        5          221        379        0          445545     2250           -------- 36,83             
0.005      100       5          248        452        0          519794     2629           -------- 35,43             
0.01       1         5          100        0          0          74697      755            -------------------- 100,00
0.01       5         5          101        99         0          149125     1499           ----------- 50,50          
0.01       10        5          108        192        0          223297     2262           -------- 36,00             
0.01       20        5          112        288        0          297422     2964           ------ 28,00               
0.01       50        5          118        382        0          371471     3702           ----- 23,60                
0.01       75        5          124        476        0          445479     4448           ----- 20,67                
0.01       100       5          126        574        0          519841     5201           ---- 18,00                 
0.05       1         5          100        0          0          76177      3732           -------------------- 100,00
0.05       5         5          100        100        0          151183     7416           ---------- 50,00           
0.05       10        5          100        200        0          226367     11138          ------- 33,33              
0.05       20        5          100        300        0          301375     14935          ----- 25,00                
0.05       50        5          100        400        0          376515     18661          ---- 20,00                 
0.05       75        5          100        500        0          451283     22391          ---- 16,67                 
0.05       100       5          100        600        0          526397     26212          --- 14,29                  
0.1        1         5          100        0          0          78854      7924           -------------------- 100,00
0.1        5         5          100        100        0          155565     15588          ---------- 50,00           
0.1        10        5          100        200        0          231321     23094          ------- 33,33              
0.1        20        5          100        300        0          307595     30711          ----- 25,00                
0.1        50        5          100        400        0          383315     38322          ---- 20,00                 
0.1        75        5          100        500        0          459785     45969          ---- 16,67                 
0.1        100       5          100        600        0          535813     53593          --- 14,29                  
0.15       1         5          100        0          0          82526      12327          -------------------- 100,00
0.15       5         5          100        100        0          160182     23991          ---------- 50,00           
0.15       10        5          100        200        0          237713     35700          ------- 33,33              
0.15       20        5          100        300        0          314485     47299          ----- 25,00                
0.15       50        5          100        400        0          392013     58977          ---- 20,00                 
0.15       75        5          100        500        0          470289     70664          ---- 16,67                 
0.15       100       5          100        600        0          548576     82442          --- 14,29                  
0.2        1         5          100        0          0          84576      17081          -------------------- 100,00
0.2        5         5          100        100        0          164574     33227          ---------- 50,00           
0.2        10        5          100        200        0          244059     49112          ------- 33,33              
0.2        20        5          100        300        0          323902     65109          ----- 25,00                
0.2        50        5          100        400        0          404049     81025          ---- 20,00                 
0.2        75        5          100        500        0          484453     96881          ---- 16,67                 
0.2        100       5          100        600        0          564340     112935         --- 14,29                  
0.025      1         5          100        0          0          75454      1896           -------------------- 100,00
0.025      5         5          100        100        0          149586     3724           ---------- 50,00           
0.025      10        5          100        200        0          223849     5606           ------- 33,33              
0.025      20        5          100        300        0          298099     7394           ----- 25,00                
0.025      50        5          100        400        0          372426     9294           ---- 20,00                 
0.025      75        5          100        500        0          446687     11187          ---- 16,67                 
0.025      100       5          100        600        0          521163     13019          --- 14,29                  
0.3        1         5          100        0          0          92786      27878          -------------------- 100,00
0.3        5         5          100        100        0          178566     53557          ---------- 50,00           
0.3        10        5          100        200        0          264282     79397          ------- 33,33              
0.3        20        5          100        300        0          350770     105293         ----- 25,00                
0.3        50        5          100        400        0          437367     131292         ---- 20,00                 
0.3        75        5          100        500        0          522801     156803         ---- 16,67                 
0.3        100       5          100        600        0          609908     182928         --- 14,29                  
0.001      1         7          68         32         0          33480      35             -------------- 68,00       
0.001      5         7          149        51         0          66960      55             --------------- 74,50      
0.001      10        7          215        85         0          100440     97             --------------- 71,67      
0.001      20        7          293        107        0          133920     126            --------------- 73,25      
0.001      50        7          366        134        0          167400     160            --------------- 73,20      
0.001      75        7          436        164        0          200880     196            --------------- 72,67      
0.001      100       7          503        197        0          234360     237            --------------- 71,86      
0.005      1         7          18         82         0          33480      168            ---- 18,00                 
0.005      5         7          39         161        0          66960      329            ---- 19,50                 
0.005      10        7          59         241        0          100440     510            ---- 19,67                 
0.005      20        7          85         315        0          133920     660            ----- 21,25                
0.005      50        7          97         403        0          167400     836            ---- 19,40                 
0.005      75        7          122        478        0          200880     1002           ----- 20,33                
0.005      100       7          142        558        0          234360     1169           ----- 20,29                
0.01       1         7          4          96         0          33480      328            - 4,00                     
0.01       5         7          7          193        0          66960      647            - 3,50                     
0.01       10        7          12         288        0          100440     1003           - 4,00                     
0.01       20        7          20         380        0          133920     1334           - 5,00                     
0.01       50        7          24         476        0          167400     1673           - 4,80                     
0.01       75        7          31         569        0          200880     1994           -- 5,17                    
0.01       100       7          32         668        0          234360     2329           - 4,57                     
0.05       1         7          0          100        0          33480      1708            0,00                      
0.05       5         7          0          200        0          66960      3348            0,00                      
0.05       10        7          0          300        0          100440     5022            0,00                      
0.05       20        7          0          400        0          133920     6683            0,00                      
0.05       50        7          0          500        0          167400     8340            0,00                      
0.05       75        7          0          600        0          200880     10036           0,00                      
0.05       100       7          0          700        0          234360     11657           0,00                      
0.1        1         7          0          100        0          33480      3331            0,00                      
0.1        5         7          0          200        0          66960      6625            0,00                      
0.1        10        7          0          300        0          100440     10002           0,00                      
0.1        20        7          0          400        0          133920     13349           0,00                      
0.1        50        7          0          500        0          167400     16704           0,00                      
0.1        75        7          0          600        0          200880     20103           0,00                      
0.1        100       7          0          700        0          234360     23435           0,00                      
0.15       1         7          0          100        0          33480      5078            0,00                      
0.15       5         7          0          200        0          66960      10023           0,00                      
0.15       10        7          0          300        0          100440     15067           0,00                      
0.15       20        7          0          400        0          133920     20016           0,00                      
0.15       50        7          0          500        0          167400     25121           0,00                      
0.15       75        7          0          600        0          200880     30224           0,00                      
0.15       100       7          0          700        0          234360     35223           0,00                      
0.2        1         7          0          100        0          33480      6786            0,00                      
0.2        5         7          0          200        0          66960      13398           0,00                      
0.2        10        7          0          300        0          100440     20074           0,00                      
0.2        20        7          0          400        0          133920     26660           0,00                      
0.2        50        7          0          500        0          167400     33421           0,00                      
0.2        75        7          0          600        0          200880     40128           0,00                      
0.2        100       7          0          700        0          234360     46782           0,00                      
0.025      1         7          0          100        0          33480      849             0,00                      
0.025      5         7          0          200        0          66960      1662            0,00                      
0.025      10        7          0          300        0          100440     2522            0,00                      
0.025      20        7          0          400        0          133920     3368            0,00                      
0.025      50        7          0          500        0          167400     4215            0,00                      
0.025      75        7          0          600        0          200880     5077            0,00                      
0.025      100       7          0          700        0          234360     5890            0,00                      
0.3        1         7          0          100        0          33480      10070           0,00                      
0.3        5         7          0          200        0          66960      20034           0,00                      
0.3        10        7          0          300        0          100440     30087           0,00                      
0.3        20        7          0          400        0          133920     40086           0,00                      
0.3        50        7          0          500        0          167400     50264           0,00                      
0.3        75        7          0          600        0          200880     60337           0,00                      
0.3        100       7          0          700        0          234360     70336           0,00                      
0.001      1         8          100        0          0          40690      43             -------------------- 100,00
0.001      5         8          200        0          0          81380      82             -------------------- 100,00
0.001      10        8          300        0          0          122070     118            -------------------- 100,00
0.001      20        8          400        0          0          162760     150            -------------------- 100,00
0.001      50        8          500        0          0          203450     199            -------------------- 100,00
0.001      75        8          600        0          0          244140     236            -------------------- 100,00
0.001      100       8          700        0          0          284830     276            -------------------- 100,00
0.005      1         8          100        0          0          40690      173            -------------------- 100,00
0.005      5         8          200        0          0          81380      373            -------------------- 100,00
0.005      10        8          300        0          0          122070     572            -------------------- 100,00
0.005      20        8          400        0          0          162760     782            -------------------- 100,00
0.005      50        8          500        0          0          203450     1005           -------------------- 100,00
0.005      75        8          600        0          0          244140     1204           -------------------- 100,00
0.005      100       8          700        0          0          284830     1398           -------------------- 100,00
0.01       1         8          100        0          0          40690      384            -------------------- 100,00
0.01       5         8          200        0          0          81380      797            -------------------- 100,00
0.01       10        8          300        0          0          122070     1182           -------------------- 100,00
0.01       20        8          400        0          0          162760     1602           -------------------- 100,00
0.01       50        8          500        0          0          203450     2021           -------------------- 100,00
0.01       75        8          600        0          0          244140     2418           -------------------- 100,00
0.01       100       8          700        0          0          284830     2812           -------------------- 100,00
0.05       1         8          100        0          0          40690      1996           -------------------- 100,00
0.05       5         8          200        0          0          81380      3968           -------------------- 100,00
0.05       10        8          300        0          0          122070     5919           -------------------- 100,00
0.05       20        8          400        0          0          162760     8000           -------------------- 100,00
0.05       50        8          500        0          0          203450     10021          -------------------- 100,00
0.05       75        8          600        0          0          244140     12132          -------------------- 100,00
0.05       100       8          700        0          0          284830     14123          -------------------- 100,00
0.1        1         8          100        0          0          40690      4051           -------------------- 100,00
0.1        5         8          200        0          0          81380      8100           -------------------- 100,00
0.1        10        8          300        0          0          122070     12121          -------------------- 100,00
0.1        20        8          400        0          0          162760     16196          -------------------- 100,00
0.1        50        8          500        0          0          203450     20240          -------------------- 100,00
0.1        75        8          600        0          0          244140     24398          -------------------- 100,00
0.1        100       8          700        0          0          284830     28469          -------------------- 100,00
0.15       1         8          100        0          0          40690      6170           -------------------- 100,00
0.15       5         8          200        0          0          81380      12187          -------------------- 100,00
0.15       10        8          300        0          0          122070     18244          -------------------- 100,00
0.15       20        8          400        0          0          162760     24356          -------------------- 100,00
0.15       50        8          500        0          0          203450     30480          -------------------- 100,00
0.15       75        8          600        0          0          244140     36658          -------------------- 100,00
0.15       100       8          700        0          0          284830     42799          -------------------- 100,00
0.2        1         8          100        0          0          40690      8180           -------------------- 100,00
0.2        5         8          200        0          0          81380      16188          -------------------- 100,00
0.2        10        8          300        0          0          122070     24293          -------------------- 100,00
0.2        20        8          400        0          0          162760     32419          -------------------- 100,00
0.2        50        8          500        0          0          203450     40512          -------------------- 100,00
0.2        75        8          600        0          0          244140     48699          -------------------- 100,00
0.2        100       8          700        0          0          284830     56759          -------------------- 100,00
0.025      1         8          100        0          0          40690      1000           -------------------- 100,00
0.025      5         8          200        0          0          81380      1998           -------------------- 100,00
0.025      10        8          300        0          0          122070     2989           -------------------- 100,00
0.025      20        8          400        0          0          162760     4037           -------------------- 100,00
0.025      50        8          500        0          0          203450     5054           -------------------- 100,00
0.025      75        8          600        0          0          244140     6117           -------------------- 100,00
0.025      100       8          700        0          0          284830     7100           -------------------- 100,00
0.3        1         8          100        0          0          40690      12232          -------------------- 100,00
0.3        5         8          200        0          0          81380      24386          -------------------- 100,00
0.3        10        8          300        0          0          122070     36540          -------------------- 100,00
0.3        20        8          400        0          0          162760     48817          -------------------- 100,00
0.3        50        8          500        0          0          203450     60971          -------------------- 100,00
0.3        75        8          600        0          0          244140     73218          -------------------- 100,00
0.3        100       8          700        0          0          284830     85352          -------------------- 100,00
0.001      1         9          100        0          0          40727      43             -------------------- 100,00
0.001      5         9          200        0          0          81427      81             -------------------- 100,00
0.001      10        9          300        0          0          122128     119            -------------------- 100,00
0.001      20        9          400        0          0          162827     153            -------------------- 100,00
0.001      50        9          500        0          0          203583     199            -------------------- 100,00
0.001      75        9          600        0          0          244294     236            -------------------- 100,00
0.001      100       9          700        0          0          285077     276            -------------------- 100,00
0.005      1         9          100        0          0          40813      167            -------------------- 100,00
0.005      5         9          200        0          0          81765      363            -------------------- 100,00
0.005      10        9          300        0          0          122672     592            -------------------- 100,00
0.005      20        9          400        0          0          163545     793            -------------------- 100,00
0.005      50        9          500        0          0          204468     1005           -------------------- 100,00
0.005      75        9          600        0          0          245338     1214           -------------------- 100,00
0.005      100       9          700        0          0          286223     1403           -------------------- 100,00
0.01       1         9          100        0          0          41174      388            -------------------- 100,00
0.01       5         9          200        0          0          82209      787            -------------------- 100,00
0.01       10        9          300        0          0          123383     1225           -------------------- 100,00
0.01       20        9          400        0          0          164620     1659           -------------------- 100,00
0.01       50        9          500        0          0          205609     2021           -------------------- 100,00
0.01       75        9          600        0          0          246718     2457           -------------------- 100,00
0.01       100       9          700        0          0          287728     2839           -------------------- 100,00
0.05       1         9          100        0          0          42438      2089           -------------------- 100,00
0.05       5         9          200        0          0          85175      4226           -------------------- 100,00
0.05       10        9          300        0          0          128256     6379           -------------------- 100,00
0.05       20        9          400        0          0          171407     8489           -------------------- 100,00
0.05       50        9          500        0          0          214565     10616          -------------------- 100,00
0.05       75        9          600        0          0          257563     12739          -------------------- 100,00
0.05       100       9          700        0          0          300213     14897          -------------------- 100,00
0.1        1         9          100        0          0          44631      4332           -------------------- 100,00
0.1        5         9          200        0          0          90134      8938           -------------------- 100,00
0.1        10        9          300        0          0          135019     13359          -------------------- 100,00
0.1        20        9          400        0          0          180533     17843          -------------------- 100,00
0.1        50        9          500        0          0          225667     22463          -------------------- 100,00
0.1        75        9          600        0          0          270483     26918          -------------------- 100,00
0.1        100       9          700        0          0          315986     31593          -------------------- 100,00
0.15       1         9          100        0          0          47592      7135           -------------------- 100,00
0.15       5         9          200        0          0          95984      14485          -------------------- 100,00
0.15       10        9          300        0          0          143551     21631          -------------------- 100,00
0.15       20        9          400        0          0          191237     28932          -------------------- 100,00
0.15       50        9          500        0          0          238627     35989          -------------------- 100,00
0.15       75        9          600        0          0          286351     43140          -------------------- 100,00
0.15       100       9          700        0          0          335080     50428          -------------------- 100,00
0.2        1         9          100        0          0          51118      10222          -------------------- 100,00
0.2        5         9          200        0          0          101904     20345          -------------------- 100,00
0.2        10        9          300        0          0          151815     30449          -------------------- 100,00
0.2        20        9          400        0          0          203205     40679          -------------------- 100,00
0.2        50        9          500        0          0          253870     50838          -------------------- 100,00
0.2        75        9          600        0          0          305382     61059          -------------------- 100,00
0.2        100       9          700        0          0          355739     71097          -------------------- 100,00
0.025      1         9          100        0          0          41491      1026           -------------------- 100,00
0.025      5         9          200        0          0          83336      2123           -------------------- 100,00
0.025      10        9          300        0          0          125131     3166           -------------------- 100,00
0.025      20        9          400        0          0          166952     4222           -------------------- 100,00
0.025      50        9          500        0          0          208619     5235           -------------------- 100,00
0.025      75        9          600        0          0          250231     6286           -------------------- 100,00
0.025      100       9          700        0          0          291879     7289           -------------------- 100,00
0.3        1         9          100        0          0          58704      17586          -------------------- 100,00
0.3        5         9          200        0          0          115935     34760          -------------------- 100,00
0.3        10        9          300        0          0          174990     52636          -------------------- 100,00
0.3        20        9          400        0          0          232038     69737          -------------------- 100,00
0.3        50        9          500        0          0          288389     86679          -------------------- 100,00
0.3        75        9          600        0          0          345834     103817         -------------------- 100,00
0.3        100       9          700        0          0          403391     121150         -------------------- 100,00
0.001      1         10         72         28         0          40580      43             --------------- 72,00      
0.001      5         10         152        48         0          81201      84             ---------------- 76,00     
0.001      10        10         232        68         0          121807     123            ---------------- 77,33     
0.001      20        10         316        84         0          162430     153            ---------------- 79,00     
0.001      50        10         389        111        0          203001     202            ---------------- 77,80     
0.001      75        10         471        129        0          243601     238            ---------------- 78,50     
0.001      100       10         547        153        0          284197     276            ---------------- 78,14     
0.005      1         10         33         67         0          40263      189            ------- 33,00              
0.005      5         10         60         140        0          80592      376            ------ 30,00               
0.005      10        10         95         205        0          120832     564            ------- 31,67              
0.005      20        10         125        275        0          160976     770            ------- 31,25              
0.005      50        10         156        344        0          201154     988            ------- 31,20              
0.005      75        10         181        419        0          241365     1190           ------- 30,17              
0.005      100       10         208        492        0          281629     1385           ------ 29,71               
0.01       1         10         12         88         0          39722      387            --- 12,00                  
0.01       5         10         25         175        0          79504      785            --- 12,50                  
0.01       10        10         35         265        0          119403     1177           --- 11,67                  
0.01       20        10         41         359        0          158957     1581           --- 10,25                  
0.01       50        10         49         451        0          198700     1979           -- 9,80                    
0.01       75        10         56         544        0          238473     2371           -- 9,33                    
0.01       100       10         67         633        0          278304     2739           -- 9,57                    
0.05       1         10         0          100        0          36189      1798            0,00                      
0.05       5         10         0          200        0          72468      3610            0,00                      
0.05       10        10         0          300        0          108983     5360            0,00                      
0.05       20        10         0          400        0          145359     7160            0,00                      
0.05       50        10         0          500        0          181547     9042            0,00                      
0.05       75        10         0          600        0          217971     10818           0,00                      
0.05       100       10         0          700        0          254434     12632           0,00                      
0.1        1         10         0          100        0          32854      3264            0,00                      
0.1        5         10         0          200        0          65497      6539            0,00                      
0.1        10        10         0          300        0          98158      9808            0,00                      
0.1        20        10         0          400        0          130730     13092           0,00                      
0.1        50        10         0          500        0          163354     16353           0,00                      
0.1        75        10         0          600        0          196209     19598           0,00                      
0.1        100       10         0          700        0          228741     22855           0,00                      
0.15       1         10         0          100        0          29807      4406            0,00                      
0.15       5         10         0          200        0          59497      8908            0,00                      
0.15       10        10         0          300        0          88971      13360           0,00                      
0.15       20        10         0          400        0          118318     17767           0,00                      
0.15       50        10         0          500        0          147983     22160           0,00                      
0.15       75        10         0          600        0          177780     26603           0,00                      
0.15       100       10         0          700        0          207140     31099           0,00                      
0.2        1         10         0          100        0          26813      5352            0,00                      
0.2        5         10         0          200        0          53944      10746           0,00                      
0.2        10        10         0          300        0          80879      16139           0,00                      
0.2        20        10         0          400        0          107834     21510           0,00                      
0.2        50        10         0          500        0          134808     26900           0,00                      
0.2        75        10         0          600        0          161711     32323           0,00                      
0.2        100       10         0          700        0          188610     37660           0,00                      
0.025      1         10         2          98         0          38369      908            - 2,00                     
0.025      5         10         2          198        0          76727      1839           - 1,00                     
0.025      10        10         3          297        0          115063     2795           - 1,00                     
0.025      20        10         3          397        0          153573     3742           - 0,75                     
0.025      50        10         3          497        0          191881     4726           - 0,60                     
0.025      75        10         4          596        0          230165     5720           - 0,67                     
0.025      100       10         4          696        0          268446     6705           - 0,57                     
0.3        1         10         0          100        0          22614      6797            0,00                      
0.3        5         10         0          200        0          45208      13592           0,00                      
0.3        10        10         0          300        0          67961      20436           0,00                      
0.3        20        10         0          400        0          90699      27285           0,00                      
0.3        50        10         0          500        0          113624     34042           0,00                      
0.3        75        10         0          600        0          136378     40906           0,00                      
0.3        100       10         0          700        0          158926     47769           0,00                      
0.001      1         12         67         33         0          30690      38             -------------- 67,00       
0.001      5         12         141        59         0          61380      68             --------------- 70,50      
0.001      10        12         215        85         0          92070      96             --------------- 71,67      
0.001      20        12         293        107        0          122760     121            --------------- 73,25      
0.001      50        12         360        140        0          153450     163            --------------- 72,00      
0.001      75        12         439        161        0          184140     188            --------------- 73,17      
0.001      100       12         516        184        0          214830     219            --------------- 73,71      
0.005      1         12         24         76         0          30690      158            ----- 24,00                
0.005      5         12         45         155        0          61380      303            ----- 22,50                
0.005      10        12         65         235        0          92070      454            ----- 21,67                
0.005      20        12         93         307        0          122760     600            ----- 23,25                
0.005      50        12         109        391        0          153450     770            ----- 21,80                
0.005      75        12         133        467        0          184140     913            ----- 22,17                
0.005      100       12         155        545        0          214830     1068           ----- 22,14                
0.01       1         12         4          96         0          30690      323            - 4,00                     
0.01       5         12         11         189        0          61380      618            -- 5,50                    
0.01       10        12         14         286        0          92070      921            - 4,67                     
0.01       20        12         20         380        0          122760     1219           - 5,00                     
0.01       50        12         23         477        0          153450     1527           - 4,60                     
0.01       75        12         27         573        0          184140     1834           - 4,50                     
0.01       100       12         31         669        0          214830     2135           - 4,43                     
0.05       1         12         0          100        0          30690      1539            0,00                      
0.05       5         12         0          200        0          61380      3070            0,00                      
0.05       10        12         0          300        0          92070      4576            0,00                      
0.05       20        12         0          400        0          122760     6067            0,00                      
0.05       50        12         0          500        0          153450     7553            0,00                      
0.05       75        12         0          600        0          184140     9106            0,00                      
0.05       100       12         0          700        0          214830     10650           0,00                      
0.1        1         12         0          100        0          30690      3066            0,00                      
0.1        5         12         0          200        0          61380      6151            0,00                      
0.1        10        12         0          300        0          92070      9191            0,00                      
0.1        20        12         0          400        0          122760     12247           0,00                      
0.1        50        12         0          500        0          153450     15274           0,00                      
0.1        75        12         0          600        0          184140     18376           0,00                      
0.1        100       12         0          700        0          214830     21447           0,00                      
0.15       1         12         0          100        0          30690      4579            0,00                      
0.15       5         12         0          200        0          61380      9227            0,00                      
0.15       10        12         0          300        0          92070      13845           0,00                      
0.15       20        12         0          400        0          122760     18419           0,00                      
0.15       50        12         0          500        0          153450     22961           0,00                      
0.15       75        12         0          600        0          184140     27648           0,00                      
0.15       100       12         0          700        0          214830     32278           0,00                      
0.2        1         12         0          100        0          30690      6068            0,00                      
0.2        5         12         0          200        0          61380      12209           0,00                      
0.2        10        12         0          300        0          92070      18365           0,00                      
0.2        20        12         0          400        0          122760     24407           0,00                      
0.2        50        12         0          500        0          153450     30490           0,00                      
0.2        75        12         0          600        0          184140     36720           0,00                      
0.2        100       12         0          700        0          214830     42885           0,00                      
0.025      1         12         0          100        0          30690      787             0,00                      
0.025      5         12         0          200        0          61380      1545            0,00                      
0.025      10        12         0          300        0          92070      2318            0,00                      
0.025      20        12         0          400        0          122760     3078            0,00                      
0.025      50        12         0          500        0          153450     3821            0,00                      
0.025      75        12         0          600        0          184140     4595            0,00                      
0.025      100       12         0          700        0          214830     5375            0,00                      
0.3        1         12         0          100        0          30690      9219            0,00                      
0.3        5         12         0          200        0          61380      18409           0,00                      
0.3        10        12         0          300        0          92070      27615           0,00                      
0.3        20        12         0          400        0          122760     36783           0,00                      
0.3        50        12         0          500        0          153450     45987           0,00                      
0.3        75        12         0          600        0          184140     55302           0,00                      
0.3        100       12         0          700        0          214830     64494           0,00                      
0.001      1         13         93         7          0          10000      7              ------------------- 93,00  
0.001      5         13         184        16         0          20000      17             ------------------- 92,00  
0.001      10        13         276        24         0          30000      26             ------------------- 92,00  
0.001      20        13         367        33         0          40000      35             ------------------- 91,75  
0.001      50        13         458        42         0          50000      44             ------------------- 91,60  
0.001      75        13         552        48         0          60000      51             ------------------- 92,00  
0.001      100       13         639        61         0          70000      65             ------------------- 91,29  
0.005      1         13         60         40         0          10000      50             ------------ 60,00         
0.005      5         13         121        79         0          20000      102            ------------- 60,50        
0.005      10        13         184        116        0          30000      154            ------------- 61,33        
0.005      20        13         246        154        0          40000      200            ------------- 61,50        
0.005      50        13         312        188        0          50000      245            ------------- 62,40        
0.005      75        13         381        219        0          60000      285            ------------- 63,50        
0.005      100       13         435        265        0          70000      341            ------------- 62,14        
0.01       1         13         41         59         0          10000      104            --------- 41,00            
0.01       5         13         81         119        0          20000      210            --------- 40,50            
0.01       10        13         116        184        0          30000      315            -------- 38,67             
0.01       20        13         154        246        0          40000      415            -------- 38,50             
0.01       50        13         193        307        0          50000      505            -------- 38,60             
0.01       75        13         228        372        0          60000      596            -------- 38,00             
0.01       100       13         258        442        0          70000      709            -------- 36,86             
0.05       1         13         0          100        0          10000      478             0,00                      
0.05       5         13         0          200        0          20000      1017            0,00                      
0.05       10        13         0          300        0          30000      1522            0,00                      
0.05       20        13         1          399        0          40000      1996           - 0,25                     
0.05       50        13         1          499        0          50000      2458           - 0,20                     
0.05       75        13         1          599        0          60000      2951           - 0,17                     
0.05       100       13         1          699        0          70000      3480           - 0,14                     
0.1        1         13         0          100        0          10000      978             0,00                      
0.1        5         13         0          200        0          20000      2038            0,00                      
0.1        10        13         0          300        0          30000      3017            0,00                      
0.1        20        13         0          400        0          40000      3978            0,00                      
0.1        50        13         0          500        0          50000      4919            0,00                      
0.1        75        13         0          600        0          60000      5938            0,00                      
0.1        100       13         0          700        0          70000      6961            0,00                      
0.15       1         13         0          100        0          10000      1455            0,00                      
0.15       5         13         0          200        0          20000      3020            0,00                      
0.15       10        13         0          300        0          30000      4521            0,00                      
0.15       20        13         0          400        0          40000      5962            0,00                      
0.15       50        13         0          500        0          50000      7379            0,00                      
0.15       75        13         0          600        0          60000      8925            0,00                      
0.15       100       13         0          700        0          70000      10450           0,00                      
0.2        1         13         0          100        0          10000      1944            0,00                      
0.2        5         13         0          200        0          20000      3964            0,00                      
0.2        10        13         0          300        0          30000      5993            0,00                      
0.2        20        13         0          400        0          40000      7934            0,00                      
0.2        50        13         0          500        0          50000      9889            0,00                      
0.2        75        13         0          600        0          60000      11906           0,00                      
0.2        100       13         0          700        0          70000      13927           0,00                      
0.025      1         13         11         89         0          10000      253            --- 11,00                  
0.025      5         13         20         180        0          20000      518            -- 10,00                   
0.025      10        13         25         275        0          30000      779            -- 8,33                    
0.025      20        13         33         367        0          40000      1013           -- 8,25                    
0.025      50        13         42         458        0          50000      1257           -- 8,40                    
0.025      75        13         46         554        0          60000      1494           -- 7,67                    
0.025      100       13         51         649        0          70000      1763           -- 7,29                    
0.3        1         13         0          100        0          10000      2982            0,00                      
0.3        5         13         0          200        0          20000      6011            0,00                      
0.3        10        13         0          300        0          30000      8994            0,00                      
0.3        20        13         0          400        0          40000      11995           0,00                      
0.3        50        13         0          500        0          50000      14956           0,00                      
0.3        75        13         0          600        0          60000      18020           0,00                      
0.3        100       13         0          700        0          70000      21116           0,00                      
