contains the data for build a graph for analysis.
Exploration Zero
ZERO : zero perturbator
20 arrays of 100 integers
Random integer generated with 23 as seed
41 perturbations points
Perturbator IndexLoc   #Perturbations #Success   #Failure   #Exception #Call          %Success                   
0           0          1751           1751       0          0          153449         -------------------- 100.00
0           1          1751           1672       38         41         151519         -------------------- 95.49 
0           2          1751           1751       0          0          155065         -------------------- 100.00
0           3          1751           1751       0          0          155128         -------------------- 100.00
0           4          1751           1214       0          537        147410         -------------- 69.33       
0           5          1751           1751       0          0          153712         -------------------- 100.00
0           6          1751           0          0          1751       77600           0.00                      
0           7          1751           1751       0          0          153712         -------------------- 100.00
0           8          1751           1751       0          0          155145         -------------------- 100.00
0           9          1751           1751       0          0          155069         -------------------- 100.00
0           10         5938           5938       0          0          1765931        -------------------- 100.00
0           11         5938           5938       0          0          1859323        -------------------- 100.00
0           13         8459           5893       2549       17         3656220        -------------- 69.67       
0           14         8459           5904       2538       17         3649707        -------------- 69.80       
0           15         8459           5582       2877       0          3641292        -------------- 65.99       
0           17         4272           4272       0          0          981572         -------------------- 100.00
0           18         9495           4497       4991       7          4551706        ---------- 47.36           
0           19         9495           6533       2944       18         4566354        -------------- 68.80       
0           20         9495           6100       3395       0          4566697        ------------- 64.24        
0           22         5308           5308       0          0          1486040        -------------------- 100.00
0           23         4187           3616       571        0          876065         ------------------ 86.36   
0           24         4187           4187       0          0          880895         -------------------- 100.00
0           26         3616           50         3561       5          654522         - 1.38                     
0           27         3616           6          3600       10         653866         - 0.17                     
0           28         3616           3616       0          0          654422         -------------------- 100.00
0           29         3616           3616       0          0          654422         -------------------- 100.00
0           30         1751           1751       0          0          154338         -------------------- 100.00
0           31         1751           1087       664        0          148262         ------------- 62.08        
0           33         840            840        0          0          44895          -------------------- 100.00
0           34         840            176        664        0          33322          ----- 20.95                
0           35         1751           1072       679        0          147647         ------------- 61.22        
0           36         1751           1751       0          0          154309         -------------------- 100.00
0           38         891            891        0          0          54335          -------------------- 100.00
0           39         891            212        679        0          37308          ----- 23.79                
0           40         3616           62         3549       5          654190         - 1.71                     
0           41         3616           0          3611       5          654460          0.00                      
0           42         3616           101        3515       0          654754         - 2.79                     
0           43         3616           1100       2511       5          654043         ------- 30.42              
0           44         3616           553        3058       5          654062         ---- 15.29                 
0           45         3616           14         3592       10         653650         - 0.39                     
0           46         3616           0          3611       5          654460          0.00                      
