aggregate data per location for Perturbator = 0
Exploration Zero
ZERO : zero perturbator
20 arrays of 100 integers
Random integer generated with 23 as seed
41 perturbations points
IndexLoc   #Success   #Failure   #Exception #CallAllExecs      AvgCallPerExec     #Perturbations AvgPerturbationPerExec   #Execs     #ExecsRef  AvgCallRefPerTask #Tasks     %Success                   
0          1751       0          0          153449             87.64              1751           1.00                     1751       1751       87.55             20         -------------------- 100.00
1          1672       38         41         151519             86.53              1751           1.00                     1751       1751       87.55             20         -------------------- 95.49 
2          1751       0          0          155065             88.56              1751           1.00                     1751       1751       87.55             20         -------------------- 100.00
3          1751       0          0          155128             88.59              1751           1.00                     1751       1751       87.55             20         -------------------- 100.00
4          1214       0          537        147410             84.19              1751           1.00                     1751       1751       87.55             20         -------------- 69.33       
5          1751       0          0          153712             87.79              1751           1.00                     1751       1751       87.55             20         -------------------- 100.00
6          0          0          1751       77600              44.32              1751           1.00                     1751       1751       87.55             20          0.00                      
7          1751       0          0          153712             87.79              1751           1.00                     1751       1751       87.55             20         -------------------- 100.00
8          1751       0          0          155145             88.60              1751           1.00                     1751       1751       87.55             20         -------------------- 100.00
9          1751       0          0          155069             88.56              1751           1.00                     1751       1751       87.55             20         -------------------- 100.00
10         5938       0          0          1765931            297.39             5938           1.00                     5938       5938       296.9             20         -------------------- 100.00
11         5938       0          0          1859323            313.12             5938           1.00                     5938       5938       296.9             20         -------------------- 100.00
13         5893       2549       17         3656220            432.23             8459           1.00                     8459       8459       422.95            20         -------------- 69.67       
14         5904       2538       17         3649707            431.46             8459           1.00                     8459       8459       422.95            20         -------------- 69.80       
15         5582       2877       0          3641292            430.46             8459           1.00                     8459       8459       422.95            20         -------------- 65.99       
17         4272       0          0          981572             229.77             4272           1.00                     4272       4272       213.6             20         -------------------- 100.00
18         4497       4991       7          4551706            479.38             9495           1.00                     9495       9495       474.75            20         ---------- 47.36           
19         6533       2944       18         4566354            480.92             9495           1.00                     9495       9495       474.75            20         -------------- 68.80       
20         6100       3395       0          4566697            480.96             9495           1.00                     9495       9495       474.75            20         ------------- 64.24        
22         5308       0          0          1486040            279.96             5308           1.00                     5308       5308       265.4             20         -------------------- 100.00
23         3616       571        0          876065             209.23             4187           1.00                     4187       4187       209.35            20         ------------------ 86.36   
24         4187       0          0          880895             210.39             4187           1.00                     4187       4187       209.35            20         -------------------- 100.00
26         50         3561       5          654522             181.01             3616           1.00                     3616       3616       180.8             20         - 1.38                     
27         6          3600       10         653866             180.83             3616           1.00                     3616       3616       180.8             20         - 0.17                     
28         3616       0          0          654422             180.98             3616           1.00                     3616       3616       180.8             20         -------------------- 100.00
29         3616       0          0          654422             180.98             3616           1.00                     3616       3616       180.8             20         -------------------- 100.00
30         1751       0          0          154338             88.14              1751           1.00                     1751       1751       87.55             20         -------------------- 100.00
31         1087       664        0          148262             84.67              1751           1.00                     1751       1751       87.55             20         ------------- 62.08        
33         840        0          0          44895              53.45              840            1.00                     840        840        42.0              20         -------------------- 100.00
34         176        664        0          33322              39.67              840            1.00                     840        840        42.0              20         ----- 20.95                
35         1072       679        0          147647             84.32              1751           1.00                     1751       1751       87.55             20         ------------- 61.22        
36         1751       0          0          154309             88.13              1751           1.00                     1751       1751       87.55             20         -------------------- 100.00
38         891        0          0          54335              60.98              891            1.00                     891        891        44.55             20         -------------------- 100.00
39         212        679        0          37308              41.87              891            1.00                     891        891        44.55             20         ----- 23.79                
40         62         3549       5          654190             180.92             3616           1.00                     3616       3616       180.8             20         - 1.71                     
41         0          3611       5          654460             180.99             3616           1.00                     3616       3616       180.8             20          0.00                      
42         101        3515       0          654754             181.07             3616           1.00                     3616       3616       180.8             20         - 2.79                     
43         1100       2511       5          654043             180.87             3616           1.00                     3616       3616       180.8             20         ------- 30.42              
44         553        3058       5          654062             180.88             3616           1.00                     3616       3616       180.8             20         ---- 15.29                 
45         14         3592       10         653650             180.77             3616           1.00                     3616       3616       180.8             20         - 0.39                     
46         0          3611       5          654460             180.99             3616           1.00                     3616       3616       180.8             20          0.00                      
