contains the data for the random rates analysis graph with Perturbator as perturbator.
Exploration Boolean Negation
NEGB : negation of boolean value.
random rate : 0.001 0.005 0.01 0.05 0.1 0.15 0.2 0.25 0.3 
5 repetition
20 list of 100 number
Random numbers generated with 23 as seed
5 perturbation points
RandomRate Perturbator IndexLoc   #Success   #Failure   #Exception #Call      #Perturbation  %Success                   
0.0        None        8          20         0          0          2000       0              -------------------- 100,00
0.001      NEGB        8          91         9          0          10000      11             ------------------- 91,00  
0.005      NEGB        8          63         37         0          10000      45             ------------- 63,00        
0.01       NEGB        8          36         63         1          9901       101            -------- 36,00             
0.05       NEGB        8          1          98         1          9901       472            - 1,00                     
0.1        NEGB        8          0          90         10         9010       920             0,00                      
0.15       NEGB        8          0          87         13         8713       1370            0,00                      
0.2        NEGB        8          0          82         18         8218       1701            0,00                      
0.25       NEGB        8          0          78         22         7822       2008            0,00                      
0.3        NEGB        8          0          72         28         7228       2175            0,00                      
0.0        None        13         20         0          0          20         0              -------------------- 100,00
0.001      NEGB        13         100        0          0          100        0              NaN                        
0.005      NEGB        13         99         1          0          100        1              -------------------- 99,00 
0.01       NEGB        13         99         1          0          100        1              -------------------- 99,00 
0.05       NEGB        13         94         6          0          100        6              ------------------- 94,00  
0.1        NEGB        13         86         14         0          100        14             ------------------ 86,00   
0.15       NEGB        13         80         20         0          100        20             ---------------- 80,00     
0.2        NEGB        13         76         24         0          100        24             ---------------- 76,00     
0.25       NEGB        13         72         28         0          100        28             --------------- 72,00      
0.3        NEGB        13         69         31         0          100        31             -------------- 69,00       
0.0        None        20         20         0          0          4560       0              -------------------- 100,00
0.001      NEGB        20         79         0          21         20415      21             ---------------- 79,00     
0.005      NEGB        20         35         0          65         14351      65             ------- 35,00              
0.01       NEGB        20         10         0          90         8801       90             -- 10,00                   
0.05       NEGB        20         0          0          100        2175       100             0,00                      
0.1        NEGB        20         0          0          100        859        100             0,00                      
0.15       NEGB        20         0          0          100        614        100             0,00                      
0.2        NEGB        20         0          0          100        437        100             0,00                      
0.25       NEGB        20         0          0          100        390        100             0,00                      
0.3        NEGB        20         0          0          100        330        100             0,00                      
0.0        None        50         20         0          0          7940       0              -------------------- 100,00
0.001      NEGB        50         100        0          0          31525      35             -------------------- 100,00
0.005      NEGB        50         100        0          0          17668      85             -------------------- 100,00
0.01       NEGB        50         100        0          0          9279       96             -------------------- 100,00
0.05       NEGB        50         100        0          0          2175       100            -------------------- 100,00
0.1        NEGB        50         100        0          0          859        100            -------------------- 100,00
0.15       NEGB        50         100        0          0          614        100            -------------------- 100,00
0.2        NEGB        50         100        0          0          437        100            -------------------- 100,00
0.25       NEGB        50         100        0          0          390        100            -------------------- 100,00
0.3        NEGB        50         100        0          0          330        100            -------------------- 100,00
0.0        None        129        20         0          0          0          0              -------------------- 100,00
0.001      NEGB        129        100        0          0          0          0              NaN                        
0.005      NEGB        129        100        0          0          0          0              NaN                        
0.01       NEGB        129        100        0          0          0          0              NaN                        
0.05       NEGB        129        100        0          0          0          0              NaN                        
0.1        NEGB        129        100        0          0          0          0              NaN                        
0.15       NEGB        129        100        0          0          0          0              NaN                        
0.2        NEGB        129        100        0          0          0          0              NaN                        
0.25       NEGB        129        100        0          0          0          0              NaN                        
0.3        NEGB        129        100        0          0          0          0              NaN                        
