detail per task and per Perturbator.
Exploration Boolean Negation
5 perturbation point.
NEGB : negation of boolean value.
20 list of 100 number
Random numbers generated with 23 as seed
Task       Perturbator IndexLoc   #Success   #Failure   #Exception #Call      #Perturbations %Success                   
0          NEGB       8          0          99         1          9901       100             0,00                      
0          NEGB       13         0          1          0          1          1               0,00                      
0          NEGB       20         0          0          228        26106      228             0,00                      
0          NEGB       50         396        0          1          79003      397            -------------------- 99,75 
0          NEGB       129        0          0          0          0          0              NaN                        
1          NEGB       8          0          99         1          9901       100             0,00                      
1          NEGB       13         0          1          0          1          1               0,00                      
1          NEGB       20         0          0          228        26106      228             0,00                      
1          NEGB       50         396        0          1          79003      397            -------------------- 99,75 
1          NEGB       129        0          0          0          0          0              NaN                        
2          NEGB       8          0          99         1          9901       100             0,00                      
2          NEGB       13         0          1          0          1          1               0,00                      
2          NEGB       20         0          0          228        26106      228             0,00                      
2          NEGB       50         396        0          1          79003      397            -------------------- 99,75 
2          NEGB       129        0          0          0          0          0              NaN                        
3          NEGB       8          0          99         1          9901       100             0,00                      
3          NEGB       13         0          1          0          1          1               0,00                      
3          NEGB       20         0          0          228        26106      228             0,00                      
3          NEGB       50         396        0          1          79003      397            -------------------- 99,75 
3          NEGB       129        0          0          0          0          0              NaN                        
4          NEGB       8          0          99         1          9901       100             0,00                      
4          NEGB       13         0          1          0          1          1               0,00                      
4          NEGB       20         0          0          228        26106      228             0,00                      
4          NEGB       50         396        0          1          79003      397            -------------------- 99,75 
4          NEGB       129        0          0          0          0          0              NaN                        
5          NEGB       8          0          99         1          9901       100             0,00                      
5          NEGB       13         0          1          0          1          1               0,00                      
5          NEGB       20         0          0          228        26106      228             0,00                      
5          NEGB       50         396        0          1          79003      397            -------------------- 99,75 
5          NEGB       129        0          0          0          0          0              NaN                        
6          NEGB       8          0          99         1          9901       100             0,00                      
6          NEGB       13         0          1          0          1          1               0,00                      
6          NEGB       20         0          0          228        26106      228             0,00                      
6          NEGB       50         396        0          1          79003      397            -------------------- 99,75 
6          NEGB       129        0          0          0          0          0              NaN                        
7          NEGB       8          0          99         1          9901       100             0,00                      
7          NEGB       13         0          1          0          1          1               0,00                      
7          NEGB       20         0          0          228        26106      228             0,00                      
7          NEGB       50         396        0          1          79003      397            -------------------- 99,75 
7          NEGB       129        0          0          0          0          0              NaN                        
8          NEGB       8          0          99         1          9901       100             0,00                      
8          NEGB       13         0          1          0          1          1               0,00                      
8          NEGB       20         0          0          228        26106      228             0,00                      
8          NEGB       50         396        0          1          79003      397            -------------------- 99,75 
8          NEGB       129        0          0          0          0          0              NaN                        
9          NEGB       8          0          99         1          9901       100             0,00                      
9          NEGB       13         0          1          0          1          1               0,00                      
9          NEGB       20         0          0          228        26106      228             0,00                      
9          NEGB       50         396        0          1          79003      397            -------------------- 99,75 
9          NEGB       129        0          0          0          0          0              NaN                        
10         NEGB       8          0          99         1          9901       100             0,00                      
10         NEGB       13         0          1          0          1          1               0,00                      
10         NEGB       20         0          0          228        26106      228             0,00                      
10         NEGB       50         396        0          1          79003      397            -------------------- 99,75 
10         NEGB       129        0          0          0          0          0              NaN                        
11         NEGB       8          0          99         1          9901       100             0,00                      
11         NEGB       13         0          1          0          1          1               0,00                      
11         NEGB       20         0          0          228        26106      228             0,00                      
11         NEGB       50         396        0          1          79003      397            -------------------- 99,75 
11         NEGB       129        0          0          0          0          0              NaN                        
12         NEGB       8          0          99         1          9901       100             0,00                      
12         NEGB       13         0          1          0          1          1               0,00                      
12         NEGB       20         0          0          228        26106      228             0,00                      
12         NEGB       50         396        0          1          79003      397            -------------------- 99,75 
12         NEGB       129        0          0          0          0          0              NaN                        
13         NEGB       8          0          99         1          9901       100             0,00                      
13         NEGB       13         0          1          0          1          1               0,00                      
13         NEGB       20         0          0          228        26106      228             0,00                      
13         NEGB       50         396        0          1          79003      397            -------------------- 99,75 
13         NEGB       129        0          0          0          0          0              NaN                        
14         NEGB       8          0          99         1          9901       100             0,00                      
14         NEGB       13         0          1          0          1          1               0,00                      
14         NEGB       20         0          0          228        26106      228             0,00                      
14         NEGB       50         396        0          1          79003      397            -------------------- 99,75 
14         NEGB       129        0          0          0          0          0              NaN                        
15         NEGB       8          0          99         1          9901       100             0,00                      
15         NEGB       13         0          1          0          1          1               0,00                      
15         NEGB       20         0          0          228        26106      228             0,00                      
15         NEGB       50         396        0          1          79003      397            -------------------- 99,75 
15         NEGB       129        0          0          0          0          0              NaN                        
16         NEGB       8          0          99         1          9901       100             0,00                      
16         NEGB       13         0          1          0          1          1               0,00                      
16         NEGB       20         0          0          228        26106      228             0,00                      
16         NEGB       50         396        0          1          79003      397            -------------------- 99,75 
16         NEGB       129        0          0          0          0          0              NaN                        
17         NEGB       8          0          99         1          9901       100             0,00                      
17         NEGB       13         0          1          0          1          1               0,00                      
17         NEGB       20         0          0          228        26106      228             0,00                      
17         NEGB       50         396        0          1          79003      397            -------------------- 99,75 
17         NEGB       129        0          0          0          0          0              NaN                        
18         NEGB       8          0          99         1          9901       100             0,00                      
18         NEGB       13         0          1          0          1          1               0,00                      
18         NEGB       20         0          0          228        26106      228             0,00                      
18         NEGB       50         396        0          1          79003      397            -------------------- 99,75 
18         NEGB       129        0          0          0          0          0              NaN                        
19         NEGB       8          0          99         1          9901       100             0,00                      
19         NEGB       13         0          1          0          1          1               0,00                      
19         NEGB       20         0          0          228        26106      228             0,00                      
19         NEGB       50         396        0          1          79003      397            -------------------- 99,75 
19         NEGB       129        0          0          0          0          0              NaN                        
