aggregate data per location for random rate = 0.15 and with Perturbator = 1
Exploration Plus One
PONE : plus one perturbator
20 list of 100 number
Random numbers generated with 23 as seed
143 perturbation points
IndexLoc   #Success   #Failure   #Exception #CallAllExecs      AvgCallPerExec     #Perturbations AvgPerturbationPerExec   #Execs     #Tasks     %Success                   
0          100        0          0          100                1,00               20             0,20                     100        20         -------------------- 100,00
1          100        0          0          100                1,00               20             0,20                     100        20         -------------------- 100,00
2          100        0          0          100                1,00               20             0,20                     100        20         -------------------- 100,00
3          100        0          0          0                  0,00               0              0,00                     100        20         NaN                        
4          89         11         0          10000              100,00             1561           15,61                    100        20         ------------------ 89,00   
5          89         11         0          10000              100,00             1561           15,61                    100        20         ------------------ 89,00   
6          100        0          0          10000              100,00             1561           15,61                    100        20         -------------------- 100,00
7          87         0          13         8713               87,13              1370           13,70                    100        20         ------------------ 87,00   
9          80         20         0          100                1,00               20             0,20                     100        20         ---------------- 80,00     
10         100        0          0          100                1,00               20             0,20                     100        20         -------------------- 100,00
11         100        0          0          100                1,00               20             0,20                     100        20         -------------------- 100,00
12         100        0          0          100                1,00               20             0,20                     100        20         -------------------- 100,00
14         100        0          0          0                  0,00               0              0,00                     100        20         NaN                        
15         80         20         0          100                1,00               20             0,20                     100        20         ---------------- 80,00     
16         86         0          14         22786              227,86             3404           34,04                    100        20         ------------------ 86,00   
17         88         0          12         22800              228,00             3406           34,06                    100        20         ------------------ 88,00   
18         86         0          14         22786              227,86             3404           34,04                    100        20         ------------------ 86,00   
19         88         0          12         22800              228,00             3406           34,06                    100        20         ------------------ 88,00   
21         0          100        0          22700              227,00             3390           33,90                    100        20          0,00                      
22         100        0          0          22700              227,00             3390           33,90                    100        20         -------------------- 100,00
23         4          96         0          22700              227,00             3390           33,90                    100        20         - 4,00                     
24         0          100        0          22700              227,00             3390           33,90                    100        20          0,00                      
25         0          100        0          22700              227,00             3390           33,90                    100        20          0,00                      
26         0          100        0          22700              227,00             3390           33,90                    100        20          0,00                      
27         0          100        0          22700              227,00             3390           33,90                    100        20          0,00                      
28         0          100        0          22700              227,00             3390           33,90                    100        20          0,00                      
29         0          100        0          22700              227,00             3390           33,90                    100        20          0,00                      
30         0          100        0          22700              227,00             3390           33,90                    100        20          0,00                      
31         0          100        0          22700              227,00             3390           33,90                    100        20          0,00                      
32         0          100        0          22700              227,00             3390           33,90                    100        20          0,00                      
33         0          76         24         22700              227,00             3390           33,90                    100        20          0,00                      
34         0          76         24         22700              227,00             3390           33,90                    100        20          0,00                      
35         0          76         24         22700              227,00             3390           33,90                    100        20          0,00                      
36         0          100        0          22700              227,00             3390           33,90                    100        20          0,00                      
37         0          100        0          22700              227,00             3390           33,90                    100        20          0,00                      
38         0          100        0          22700              227,00             3390           33,90                    100        20          0,00                      
39         0          100        0          22700              227,00             3390           33,90                    100        20          0,00                      
40         0          100        0          22700              227,00             3390           33,90                    100        20          0,00                      
41         0          100        0          22700              227,00             3390           33,90                    100        20          0,00                      
42         0          0          100        1154               11,54              190            1,90                     100        20          0,00                      
43         0          0          100        1391               13,91              226            2,26                     100        20          0,00                      
44         0          100        0          22700              227,00             3390           33,90                    100        20          0,00                      
45         0          100        0          22700              227,00             3390           33,90                    100        20          0,00                      
46         100        0          0          39686              396,86             5953           59,53                    100        20         -------------------- 100,00
47         83         0          17         39700              397,00             5956           59,56                    100        20         ----------------- 83,00    
48         100        0          0          39686              396,86             5953           59,53                    100        20         -------------------- 100,00
49         83         0          17         39700              397,00             5956           59,56                    100        20         ----------------- 83,00    
51         100        0          0          39600              396,00             5935           59,35                    100        20         -------------------- 100,00
52         100        0          0          39600              396,00             5935           59,35                    100        20         -------------------- 100,00
53         100        0          0          39600              396,00             5935           59,35                    100        20         -------------------- 100,00
54         100        0          0          39600              396,00             5935           59,35                    100        20         -------------------- 100,00
55         83         0          17         39600              396,00             5935           59,35                    100        20         ----------------- 83,00    
56         83         0          17         39600              396,00             5935           59,35                    100        20         ----------------- 83,00    
57         83         0          17         39600              396,00             5935           59,35                    100        20         ----------------- 83,00    
58         100        0          0          39600              396,00             5935           59,35                    100        20         -------------------- 100,00
59         100        0          0          39600              396,00             5935           59,35                    100        20         -------------------- 100,00
60         100        0          0          39600              396,00             5935           59,35                    100        20         -------------------- 100,00
61         100        0          0          39600              396,00             5935           59,35                    100        20         -------------------- 100,00
62         100        0          0          39600              396,00             5935           59,35                    100        20         -------------------- 100,00
63         100        0          0          39600              396,00             5935           59,35                    100        20         -------------------- 100,00
64         100        0          0          39600              396,00             5935           59,35                    100        20         -------------------- 100,00
65         87         0          13         34465              344,65             5155           51,55                    100        20         ------------------ 87,00   
66         100        0          0          39600              396,00             5935           59,35                    100        20         -------------------- 100,00
67         100        0          0          39600              396,00             5935           59,35                    100        20         -------------------- 100,00
68         100        0          0          39600              396,00             5935           59,35                    100        20         -------------------- 100,00
69         100        0          0          39600              396,00             5935           59,35                    100        20         -------------------- 100,00
70         100        0          0          39600              396,00             5935           59,35                    100        20         -------------------- 100,00
71         100        0          0          39600              396,00             5935           59,35                    100        20         -------------------- 100,00
72         100        0          0          39600              396,00             5935           59,35                    100        20         -------------------- 100,00
73         100        0          0          39600              396,00             5935           59,35                    100        20         -------------------- 100,00
74         0          0          100        1115               11,15              182            1,82                     100        20          0,00                      
75         0          0          100        1171               11,71              193            1,93                     100        20          0,00                      
76         100        0          0          39600              396,00             5935           59,35                    100        20         -------------------- 100,00
77         100        0          0          39600              396,00             5935           59,35                    100        20         -------------------- 100,00
78         80         0          20         100                1,00               20             0,20                     100        20         ---------------- 80,00     
79         100        0          0          100                1,00               20             0,20                     100        20         -------------------- 100,00
80         80         0          20         100                1,00               20             0,20                     100        20         ---------------- 80,00     
81         100        0          0          100                1,00               20             0,20                     100        20         -------------------- 100,00
82         100        0          0          100                1,00               20             0,20                     100        20         -------------------- 100,00
83         100        0          0          100                1,00               20             0,20                     100        20         -------------------- 100,00
84         100        0          0          100                1,00               20             0,20                     100        20         -------------------- 100,00
85         100        0          0          100                1,00               20             0,20                     100        20         -------------------- 100,00
86         100        0          0          100                1,00               20             0,20                     100        20         -------------------- 100,00
87         100        0          0          100                1,00               20             0,20                     100        20         -------------------- 100,00
88         100        0          0          100                1,00               20             0,20                     100        20         -------------------- 100,00
89         80         0          20         100                1,00               20             0,20                     100        20         ---------------- 80,00     
90         100        0          0          100                1,00               20             0,20                     100        20         -------------------- 100,00
91         80         0          20         100                1,00               20             0,20                     100        20         ---------------- 80,00     
92         100        0          0          100                1,00               20             0,20                     100        20         -------------------- 100,00
93         100        0          0          100                1,00               20             0,20                     100        20         -------------------- 100,00
94         100        0          0          100                1,00               20             0,20                     100        20         -------------------- 100,00
95         100        0          0          100                1,00               20             0,20                     100        20         -------------------- 100,00
96         100        0          0          100                1,00               20             0,20                     100        20         -------------------- 100,00
97         100        0          0          100                1,00               20             0,20                     100        20         -------------------- 100,00
98         100        0          0          100                1,00               20             0,20                     100        20         -------------------- 100,00
99         100        0          0          100                1,00               20             0,20                     100        20         -------------------- 100,00
100        100        0          0          100                1,00               20             0,20                     100        20         -------------------- 100,00
101        90         0          10         100                1,00               20             0,20                     100        20         ------------------ 90,00   
102        93         0          7          100                1,00               20             0,20                     100        20         ------------------- 93,00  
103        100        0          0          100                1,00               20             0,20                     100        20         -------------------- 100,00
104        100        0          0          100                1,00               20             0,20                     100        20         -------------------- 100,00
105        80         20         0          100                1,00               20             0,20                     100        20         ---------------- 80,00     
106        0          100        0          10000              100,00             1561           15,61                    100        20          0,00                      
107        100        0          0          10000              100,00             1561           15,61                    100        20         -------------------- 100,00
108        0          100        0          10000              100,00             1561           15,61                    100        20          0,00                      
109        0          100        0          10000              100,00             1561           15,61                    100        20          0,00                      
110        0          100        0          10000              100,00             1561           15,61                    100        20          0,00                      
111        0          100        0          10000              100,00             1561           15,61                    100        20          0,00                      
112        100        0          0          10000              100,00             1561           15,61                    100        20         -------------------- 100,00
113        100        0          0          10000              100,00             1561           15,61                    100        20         -------------------- 100,00
114        0          100        0          10000              100,00             1561           15,61                    100        20          0,00                      
115        3          97         0          10000              100,00             1561           15,61                    100        20         - 3,00                     
116        0          100        0          10000              100,00             1561           15,61                    100        20          0,00                      
117        100        0          0          10000              100,00             1561           15,61                    100        20         -------------------- 100,00
118        100        0          0          10000              100,00             1561           15,61                    100        20         -------------------- 100,00
119        0          100        0          10000              100,00             1561           15,61                    100        20          0,00                      
120        100        0          0          10000              100,00             1561           15,61                    100        20         -------------------- 100,00
121        0          100        0          10000              100,00             1561           15,61                    100        20          0,00                      
122        0          100        0          10000              100,00             1561           15,61                    100        20          0,00                      
123        0          100        0          10000              100,00             1561           15,61                    100        20          0,00                      
124        100        0          0          0                  0,00               0              0,00                     100        20         NaN                        
125        100        0          0          0                  0,00               0              0,00                     100        20         NaN                        
126        100        0          0          0                  0,00               0              0,00                     100        20         NaN                        
127        100        0          0          0                  0,00               0              0,00                     100        20         NaN                        
128        100        0          0          0                  0,00               0              0,00                     100        20         NaN                        
130        100        0          0          0                  0,00               0              0,00                     100        20         NaN                        
131        100        0          0          0                  0,00               0              0,00                     100        20         NaN                        
132        100        0          0          0                  0,00               0              0,00                     100        20         NaN                        
133        100        0          0          0                  0,00               0              0,00                     100        20         NaN                        
134        100        0          0          0                  0,00               0              0,00                     100        20         NaN                        
135        100        0          0          0                  0,00               0              0,00                     100        20         NaN                        
136        100        0          0          0                  0,00               0              0,00                     100        20         NaN                        
137        100        0          0          0                  0,00               0              0,00                     100        20         NaN                        
138        100        0          0          0                  0,00               0              0,00                     100        20         NaN                        
139        100        0          0          0                  0,00               0              0,00                     100        20         NaN                        
140        100        0          0          0                  0,00               0              0,00                     100        20         NaN                        
141        100        0          0          0                  0,00               0              0,00                     100        20         NaN                        
142        100        0          0          0                  0,00               0              0,00                     100        20         NaN                        
143        100        0          0          0                  0,00               0              0,00                     100        20         NaN                        
144        100        0          0          0                  0,00               0              0,00                     100        20         NaN                        
145        100        0          0          0                  0,00               0              0,00                     100        20         NaN                        
146        100        0          0          0                  0,00               0              0,00                     100        20         NaN                        
147        100        0          0          0                  0,00               0              0,00                     100        20         NaN                        
