aggregate data per location for random rate = 0.005 and with Perturbator = 1
Exploration Plus One
PONE : plus one perturbator
20 list of 100 number
Random numbers generated with 23 as seed
143 perturbation points
IndexLoc   #Success   #Failure   #Exception #CallAllExecs      AvgCallPerExec     #Perturbations AvgPerturbationPerExec   #Execs     #Tasks     %Success                   
0          100        0          0          100                1,00               1              0,01                     100        20         -------------------- 100,00
1          100        0          0          100                1,00               1              0,01                     100        20         -------------------- 100,00
2          100        0          0          100                1,00               1              0,01                     100        20         -------------------- 100,00
3          100        0          0          0                  0,00               0              0,00                     100        20         NaN                        
4          100        0          0          10000              100,00             45             0,45                     100        20         -------------------- 100,00
5          100        0          0          10000              100,00             45             0,45                     100        20         -------------------- 100,00
6          100        0          0          10000              100,00             45             0,45                     100        20         -------------------- 100,00
7          100        0          0          10000              100,00             45             0,45                     100        20         -------------------- 100,00
9          99         1          0          100                1,00               1              0,01                     100        20         -------------------- 99,00 
10         100        0          0          100                1,00               1              0,01                     100        20         -------------------- 100,00
11         100        0          0          100                1,00               1              0,01                     100        20         -------------------- 100,00
12         100        0          0          100                1,00               1              0,01                     100        20         -------------------- 100,00
14         100        0          0          0                  0,00               0              0,00                     100        20         NaN                        
15         99         1          0          100                1,00               1              0,01                     100        20         -------------------- 99,00 
16         100        0          0          22800              228,00             111            1,11                     100        20         -------------------- 100,00
17         100        0          0          22800              228,00             111            1,11                     100        20         -------------------- 100,00
18         100        0          0          22800              228,00             111            1,11                     100        20         -------------------- 100,00
19         100        0          0          22800              228,00             111            1,11                     100        20         -------------------- 100,00
21         81         19         0          22700              227,00             111            1,11                     100        20         ----------------- 81,00    
22         100        0          0          22700              227,00             111            1,11                     100        20         -------------------- 100,00
23         96         4          0          22700              227,00             111            1,11                     100        20         -------------------- 96,00 
24         78         22         0          22700              227,00             111            1,11                     100        20         ---------------- 78,00     
25         61         39         0          22700              227,00             111            1,11                     100        20         ------------- 61,00        
26         61         39         0          22700              227,00             111            1,11                     100        20         ------------- 61,00        
27         61         39         0          22700              227,00             111            1,11                     100        20         ------------- 61,00        
28         61         39         0          22700              227,00             111            1,11                     100        20         ------------- 61,00        
29         61         39         0          22700              227,00             111            1,11                     100        20         ------------- 61,00        
30         61         39         0          22700              227,00             111            1,11                     100        20         ------------- 61,00        
31         61         39         0          22700              227,00             111            1,11                     100        20         ------------- 61,00        
32         61         39         0          22700              227,00             111            1,11                     100        20         ------------- 61,00        
33         61         38         1          22700              227,00             111            1,11                     100        20         ------------- 61,00        
34         61         38         1          22700              227,00             111            1,11                     100        20         ------------- 61,00        
35         61         38         1          22700              227,00             111            1,11                     100        20         ------------- 61,00        
36         61         39         0          22700              227,00             111            1,11                     100        20         ------------- 61,00        
37         78         22         0          22700              227,00             111            1,11                     100        20         ---------------- 78,00     
38         61         39         0          22700              227,00             111            1,11                     100        20         ------------- 61,00        
39         61         39         0          22700              227,00             111            1,11                     100        20         ------------- 61,00        
40         61         39         0          22700              227,00             111            1,11                     100        20         ------------- 61,00        
41         61         39         0          22700              227,00             111            1,11                     100        20         ------------- 61,00        
42         49         6          45         17059              170,59             82             0,82                     100        20         ---------- 49,00           
43         45         19         36         18415              184,15             89             0,89                     100        20         --------- 45,00            
44         61         39         0          22700              227,00             111            1,11                     100        20         ------------- 61,00        
45         61         39         0          22700              227,00             111            1,11                     100        20         ------------- 61,00        
46         100        0          0          39700              397,00             202            2,02                     100        20         -------------------- 100,00
47         100        0          0          39700              397,00             202            2,02                     100        20         -------------------- 100,00
48         100        0          0          39700              397,00             202            2,02                     100        20         -------------------- 100,00
49         100        0          0          39700              397,00             202            2,02                     100        20         -------------------- 100,00
51         100        0          0          39600              396,00             202            2,02                     100        20         -------------------- 100,00
52         100        0          0          39600              396,00             202            2,02                     100        20         -------------------- 100,00
53         100        0          0          39600              396,00             202            2,02                     100        20         -------------------- 100,00
54         100        0          0          39600              396,00             202            2,02                     100        20         -------------------- 100,00
55         100        0          0          39600              396,00             202            2,02                     100        20         -------------------- 100,00
56         100        0          0          39600              396,00             202            2,02                     100        20         -------------------- 100,00
57         100        0          0          39600              396,00             202            2,02                     100        20         -------------------- 100,00
58         100        0          0          39600              396,00             202            2,02                     100        20         -------------------- 100,00
59         100        0          0          39600              396,00             202            2,02                     100        20         -------------------- 100,00
60         100        0          0          39600              396,00             202            2,02                     100        20         -------------------- 100,00
61         100        0          0          39600              396,00             202            2,02                     100        20         -------------------- 100,00
62         100        0          0          39600              396,00             202            2,02                     100        20         -------------------- 100,00
63         100        0          0          39600              396,00             202            2,02                     100        20         -------------------- 100,00
64         100        0          0          39600              396,00             202            2,02                     100        20         -------------------- 100,00
65         100        0          0          39600              396,00             202            2,02                     100        20         -------------------- 100,00
66         100        0          0          39600              396,00             202            2,02                     100        20         -------------------- 100,00
67         100        0          0          39600              396,00             202            2,02                     100        20         -------------------- 100,00
68         100        0          0          39600              396,00             202            2,02                     100        20         -------------------- 100,00
69         100        0          0          39600              396,00             202            2,02                     100        20         -------------------- 100,00
70         100        0          0          39600              396,00             202            2,02                     100        20         -------------------- 100,00
71         100        0          0          39600              396,00             202            2,02                     100        20         -------------------- 100,00
72         100        0          0          39600              396,00             202            2,02                     100        20         -------------------- 100,00
73         100        0          0          39600              396,00             202            2,02                     100        20         -------------------- 100,00
74         33         0          67         24052              240,52             120            1,20                     100        20         ------- 33,00              
75         39         0          61         26618              266,18             133            1,33                     100        20         -------- 39,00             
76         100        0          0          39600              396,00             202            2,02                     100        20         -------------------- 100,00
77         100        0          0          39600              396,00             202            2,02                     100        20         -------------------- 100,00
78         99         0          1          100                1,00               1              0,01                     100        20         -------------------- 99,00 
79         100        0          0          100                1,00               1              0,01                     100        20         -------------------- 100,00
80         99         0          1          100                1,00               1              0,01                     100        20         -------------------- 99,00 
81         100        0          0          100                1,00               1              0,01                     100        20         -------------------- 100,00
82         100        0          0          100                1,00               1              0,01                     100        20         -------------------- 100,00
83         100        0          0          100                1,00               1              0,01                     100        20         -------------------- 100,00
84         100        0          0          100                1,00               1              0,01                     100        20         -------------------- 100,00
85         100        0          0          100                1,00               1              0,01                     100        20         -------------------- 100,00
86         100        0          0          100                1,00               1              0,01                     100        20         -------------------- 100,00
87         100        0          0          100                1,00               1              0,01                     100        20         -------------------- 100,00
88         100        0          0          100                1,00               1              0,01                     100        20         -------------------- 100,00
89         99         0          1          100                1,00               1              0,01                     100        20         -------------------- 99,00 
90         100        0          0          100                1,00               1              0,01                     100        20         -------------------- 100,00
91         99         0          1          100                1,00               1              0,01                     100        20         -------------------- 99,00 
92         100        0          0          100                1,00               1              0,01                     100        20         -------------------- 100,00
93         100        0          0          100                1,00               1              0,01                     100        20         -------------------- 100,00
94         100        0          0          100                1,00               1              0,01                     100        20         -------------------- 100,00
95         100        0          0          100                1,00               1              0,01                     100        20         -------------------- 100,00
96         100        0          0          100                1,00               1              0,01                     100        20         -------------------- 100,00
97         100        0          0          100                1,00               1              0,01                     100        20         -------------------- 100,00
98         100        0          0          100                1,00               1              0,01                     100        20         -------------------- 100,00
99         100        0          0          100                1,00               1              0,01                     100        20         -------------------- 100,00
100        100        0          0          100                1,00               1              0,01                     100        20         -------------------- 100,00
101        99         0          1          100                1,00               1              0,01                     100        20         -------------------- 99,00 
102        100        0          0          100                1,00               1              0,01                     100        20         -------------------- 100,00
103        100        0          0          100                1,00               1              0,01                     100        20         -------------------- 100,00
104        100        0          0          100                1,00               1              0,01                     100        20         -------------------- 100,00
105        99         1          0          100                1,00               1              0,01                     100        20         -------------------- 99,00 
106        63         37         0          10000              100,00             45             0,45                     100        20         ------------- 63,00        
107        100        0          0          10000              100,00             45             0,45                     100        20         -------------------- 100,00
108        63         37         0          10000              100,00             45             0,45                     100        20         ------------- 63,00        
109        63         37         0          10000              100,00             45             0,45                     100        20         ------------- 63,00        
110        63         37         0          10000              100,00             45             0,45                     100        20         ------------- 63,00        
111        63         37         0          10000              100,00             45             0,45                     100        20         ------------- 63,00        
112        100        0          0          10000              100,00             45             0,45                     100        20         -------------------- 100,00
113        100        0          0          10000              100,00             45             0,45                     100        20         -------------------- 100,00
114        63         37         0          10000              100,00             45             0,45                     100        20         ------------- 63,00        
115        90         10         0          10000              100,00             45             0,45                     100        20         ------------------ 90,00   
116        63         37         0          10000              100,00             45             0,45                     100        20         ------------- 63,00        
117        100        0          0          10000              100,00             45             0,45                     100        20         -------------------- 100,00
118        100        0          0          10000              100,00             45             0,45                     100        20         -------------------- 100,00
119        63         37         0          10000              100,00             45             0,45                     100        20         ------------- 63,00        
120        100        0          0          10000              100,00             45             0,45                     100        20         -------------------- 100,00
121        63         37         0          10000              100,00             45             0,45                     100        20         ------------- 63,00        
122        63         37         0          10000              100,00             45             0,45                     100        20         ------------- 63,00        
123        63         37         0          10000              100,00             45             0,45                     100        20         ------------- 63,00        
124        100        0          0          0                  0,00               0              0,00                     100        20         NaN                        
125        100        0          0          0                  0,00               0              0,00                     100        20         NaN                        
126        100        0          0          0                  0,00               0              0,00                     100        20         NaN                        
127        100        0          0          0                  0,00               0              0,00                     100        20         NaN                        
128        100        0          0          0                  0,00               0              0,00                     100        20         NaN                        
130        100        0          0          0                  0,00               0              0,00                     100        20         NaN                        
131        100        0          0          0                  0,00               0              0,00                     100        20         NaN                        
132        100        0          0          0                  0,00               0              0,00                     100        20         NaN                        
133        100        0          0          0                  0,00               0              0,00                     100        20         NaN                        
134        100        0          0          0                  0,00               0              0,00                     100        20         NaN                        
135        100        0          0          0                  0,00               0              0,00                     100        20         NaN                        
136        100        0          0          0                  0,00               0              0,00                     100        20         NaN                        
137        100        0          0          0                  0,00               0              0,00                     100        20         NaN                        
138        100        0          0          0                  0,00               0              0,00                     100        20         NaN                        
139        100        0          0          0                  0,00               0              0,00                     100        20         NaN                        
140        100        0          0          0                  0,00               0              0,00                     100        20         NaN                        
141        100        0          0          0                  0,00               0              0,00                     100        20         NaN                        
142        100        0          0          0                  0,00               0              0,00                     100        20         NaN                        
143        100        0          0          0                  0,00               0              0,00                     100        20         NaN                        
144        100        0          0          0                  0,00               0              0,00                     100        20         NaN                        
145        100        0          0          0                  0,00               0              0,00                     100        20         NaN                        
146        100        0          0          0                  0,00               0              0,00                     100        20         NaN                        
147        100        0          0          0                  0,00               0              0,00                     100        20         NaN                        
