aggregate data per location for Perturbator = 1
Exploration Plus One
143 perturbation point
PONE : plus one perturbator
20 list of 100 number
Random numbers generated with 23 as seed
IndexLoc   #Success   #Failure   #Exception #CallAllExecs      AvgCallPerExec     #Perturbations AvgPerturbationPerExec   #Execs     #ExecsRef  AvgCallRefPerTask #Tasks     %Success                   
0          20         0          0          20                 1,00               20             1,00                     20         20         1.0               20         -------------------- 100,00
1          20         0          0          20                 1,00               20             1,00                     20         20         1.0               20         -------------------- 100,00
2          20         0          0          20                 1,00               20             1,00                     20         20         1.0               20         -------------------- 100,00
3          0          0          0          0                  NaN                0              NaN                      0          0          0.0               20         NaN                        
4          1980       20         0          200000             100,00             2000           1,00                     2000       2000       100.0             20         -------------------- 99,00 
5          1980       20         0          200000             100,00             2000           1,00                     2000       2000       100.0             20         -------------------- 99,00 
6          2000       0          0          200000             100,00             2000           1,00                     2000       2000       100.0             20         -------------------- 100,00
7          1980       0          20         198020             99,01              2000           1,00                     2000       2000       100.0             20         -------------------- 99,00 
9          0          20         0          20                 1,00               20             1,00                     20         20         1.0               20          0,00                      
10         20         0          0          20                 1,00               20             1,00                     20         20         1.0               20         -------------------- 100,00
11         20         0          0          20                 1,00               20             1,00                     20         20         1.0               20         -------------------- 100,00
12         20         0          0          20                 1,00               20             1,00                     20         20         1.0               20         -------------------- 100,00
14         0          0          0          0                  NaN                0              NaN                      0          0          0.0               20         NaN                        
15         0          20         0          20                 1,00               20             1,00                     20         20         1.0               20          0,00                      
16         4540       0          20         1039660            228,00             4560           1,00                     4560       4560       228.0             20         -------------------- 99,56 
17         4540       0          20         1039680            228,00             4560           1,00                     4560       4560       228.0             20         -------------------- 99,56 
18         4540       0          20         1039660            228,00             4560           1,00                     4560       4560       228.0             20         -------------------- 99,56 
19         4540       0          20         1039680            228,00             4560           1,00                     4560       4560       228.0             20         -------------------- 99,56 
21         3516       1024       0          1030580            227,00             4540           1,00                     4540       4540       227.0             20         ---------------- 77,44     
22         4540       0          0          1030580            227,00             4540           1,00                     4540       4540       227.0             20         -------------------- 100,00
23         4029       511        0          1030580            227,00             4540           1,00                     4540       4540       227.0             20         ------------------ 88,74   
24         3507       1033       0          1030580            227,00             4540           1,00                     4540       4540       227.0             20         ---------------- 77,25     
25         2540       2000       0          1030580            227,00             4540           1,00                     4540       4540       227.0             20         ------------ 55,95         
26         2540       2000       0          1030580            227,00             4540           1,00                     4540       4540       227.0             20         ------------ 55,95         
27         2540       2000       0          1030580            227,00             4540           1,00                     4540       4540       227.0             20         ------------ 55,95         
28         2540       2000       0          1030580            227,00             4540           1,00                     4540       4540       227.0             20         ------------ 55,95         
29         2540       2000       0          1030580            227,00             4540           1,00                     4540       4540       227.0             20         ------------ 55,95         
30         2540       2000       0          1030580            227,00             4540           1,00                     4540       4540       227.0             20         ------------ 55,95         
31         2540       2000       0          1030580            227,00             4540           1,00                     4540       4540       227.0             20         ------------ 55,95         
32         2540       2000       0          1030580            227,00             4540           1,00                     4540       4540       227.0             20         ------------ 55,95         
33         2520       2000       20         1030580            227,00             4540           1,00                     4540       4540       227.0             20         ------------ 55,51         
34         2520       2000       20         1030580            227,00             4540           1,00                     4540       4540       227.0             20         ------------ 55,51         
35         2520       2000       20         1030580            227,00             4540           1,00                     4540       4540       227.0             20         ------------ 55,51         
36         2540       2000       0          1030580            227,00             4540           1,00                     4540       4540       227.0             20         ------------ 55,95         
37         3573       967        0          1030580            227,00             4540           1,00                     4540       4540       227.0             20         ---------------- 78,70     
38         2540       2000       0          1030580            227,00             4540           1,00                     4540       4540       227.0             20         ------------ 55,95         
39         2540       2000       0          1030580            227,00             4540           1,00                     4540       4540       227.0             20         ------------ 55,95         
40         2540       2000       0          1030580            227,00             4540           1,00                     4540       4540       227.0             20         ------------ 55,95         
41         2540       2000       0          1030580            227,00             4540           1,00                     4540       4540       227.0             20         ------------ 55,95         
42         1760       483        2297       773722             170,42             4540           1,00                     4540       4540       227.0             20         -------- 38,77             
43         1269       1033       2238       778405             171,45             4540           1,00                     4540       4540       227.0             20         ------ 27,95               
44         2540       2000       0          1030580            227,00             4540           1,00                     4540       4540       227.0             20         ------------ 55,95         
45         2540       2000       0          1030580            227,00             4540           1,00                     4540       4540       227.0             20         ------------ 55,95         
46         7940       0          0          3152160            397,00             7940           1,00                     7940       7940       397.0             20         -------------------- 100,00
47         7920       0          20         3152180            397,00             7940           1,00                     7940       7940       397.0             20         -------------------- 99,75 
48         7940       0          0          3152160            397,00             7940           1,00                     7940       7940       397.0             20         -------------------- 100,00
49         7920       0          20         3152180            397,00             7940           1,00                     7940       7940       397.0             20         -------------------- 99,75 
51         7920       0          0          3136320            396,00             7920           1,00                     7920       7920       396.0             20         -------------------- 100,00
52         7920       0          0          3136320            396,00             7920           1,00                     7920       7920       396.0             20         -------------------- 100,00
53         7920       0          0          3136320            396,00             7920           1,00                     7920       7920       396.0             20         -------------------- 100,00
54         7920       0          0          3136320            396,00             7920           1,00                     7920       7920       396.0             20         -------------------- 100,00
55         7900       0          20         3136320            396,00             7920           1,00                     7920       7920       396.0             20         -------------------- 99,75 
56         7900       0          20         3136320            396,00             7920           1,00                     7920       7920       396.0             20         -------------------- 99,75 
57         7900       0          20         3136320            396,00             7920           1,00                     7920       7920       396.0             20         -------------------- 99,75 
58         7920       0          0          3136320            396,00             7920           1,00                     7920       7920       396.0             20         -------------------- 100,00
59         7920       0          0          3136320            396,00             7920           1,00                     7920       7920       396.0             20         -------------------- 100,00
60         7920       0          0          3136320            396,00             7920           1,00                     7920       7920       396.0             20         -------------------- 100,00
61         7920       0          0          3136320            396,00             7920           1,00                     7920       7920       396.0             20         -------------------- 100,00
62         7920       0          0          3136320            396,00             7920           1,00                     7920       7920       396.0             20         -------------------- 100,00
63         7920       0          0          3136320            396,00             7920           1,00                     7920       7920       396.0             20         -------------------- 100,00
64         7920       0          0          3136320            396,00             7920           1,00                     7920       7920       396.0             20         -------------------- 100,00
65         7900       0          20         3128420            395,00             7920           1,00                     7920       7920       396.0             20         -------------------- 99,75 
66         7920       0          0          3136320            396,00             7920           1,00                     7920       7920       396.0             20         -------------------- 100,00
67         7920       0          0          3136320            396,00             7920           1,00                     7920       7920       396.0             20         -------------------- 100,00
68         7920       0          0          3136320            396,00             7920           1,00                     7920       7920       396.0             20         -------------------- 100,00
69         7920       0          0          3136320            396,00             7920           1,00                     7920       7920       396.0             20         -------------------- 100,00
70         7920       0          0          3136320            396,00             7920           1,00                     7920       7920       396.0             20         -------------------- 100,00
71         7920       0          0          3136320            396,00             7920           1,00                     7920       7920       396.0             20         -------------------- 100,00
72         7920       0          0          3136320            396,00             7920           1,00                     7920       7920       396.0             20         -------------------- 100,00
73         7920       0          0          3136320            396,00             7920           1,00                     7920       7920       396.0             20         -------------------- 100,00
74         3969       0          3951       2346750            296,31             7920           1,00                     7920       7920       396.0             20         ----------- 50,11          
75         3920       0          4000       2350066            296,73             7920           1,00                     7920       7920       396.0             20         ---------- 49,49           
76         7920       0          0          3136320            396,00             7920           1,00                     7920       7920       396.0             20         -------------------- 100,00
77         7920       0          0          3136320            396,00             7920           1,00                     7920       7920       396.0             20         -------------------- 100,00
78         0          0          20         20                 1,00               20             1,00                     20         20         1.0               20          0,00                      
79         20         0          0          20                 1,00               20             1,00                     20         20         1.0               20         -------------------- 100,00
80         0          0          20         20                 1,00               20             1,00                     20         20         1.0               20          0,00                      
81         20         0          0          20                 1,00               20             1,00                     20         20         1.0               20         -------------------- 100,00
82         20         0          0          20                 1,00               20             1,00                     20         20         1.0               20         -------------------- 100,00
83         20         0          0          20                 1,00               20             1,00                     20         20         1.0               20         -------------------- 100,00
84         20         0          0          20                 1,00               20             1,00                     20         20         1.0               20         -------------------- 100,00
85         20         0          0          20                 1,00               20             1,00                     20         20         1.0               20         -------------------- 100,00
86         20         0          0          20                 1,00               20             1,00                     20         20         1.0               20         -------------------- 100,00
87         20         0          0          20                 1,00               20             1,00                     20         20         1.0               20         -------------------- 100,00
88         20         0          0          20                 1,00               20             1,00                     20         20         1.0               20         -------------------- 100,00
89         0          0          20         20                 1,00               20             1,00                     20         20         1.0               20          0,00                      
90         20         0          0          20                 1,00               20             1,00                     20         20         1.0               20         -------------------- 100,00
91         0          0          20         20                 1,00               20             1,00                     20         20         1.0               20          0,00                      
92         20         0          0          20                 1,00               20             1,00                     20         20         1.0               20         -------------------- 100,00
93         20         0          0          20                 1,00               20             1,00                     20         20         1.0               20         -------------------- 100,00
94         20         0          0          20                 1,00               20             1,00                     20         20         1.0               20         -------------------- 100,00
95         20         0          0          20                 1,00               20             1,00                     20         20         1.0               20         -------------------- 100,00
96         20         0          0          20                 1,00               20             1,00                     20         20         1.0               20         -------------------- 100,00
97         20         0          0          20                 1,00               20             1,00                     20         20         1.0               20         -------------------- 100,00
98         20         0          0          20                 1,00               20             1,00                     20         20         1.0               20         -------------------- 100,00
99         20         0          0          20                 1,00               20             1,00                     20         20         1.0               20         -------------------- 100,00
100        20         0          0          20                 1,00               20             1,00                     20         20         1.0               20         -------------------- 100,00
101        11         0          9          20                 1,00               20             1,00                     20         20         1.0               20         ------------ 55,00         
102        13         0          7          20                 1,00               20             1,00                     20         20         1.0               20         ------------- 65,00        
103        20         0          0          20                 1,00               20             1,00                     20         20         1.0               20         -------------------- 100,00
104        20         0          0          20                 1,00               20             1,00                     20         20         1.0               20         -------------------- 100,00
105        0          20         0          20                 1,00               20             1,00                     20         20         1.0               20          0,00                      
106        0          2000       0          200000             100,00             2000           1,00                     2000       2000       100.0             20          0,00                      
107        1999       1          0          200000             100,00             2000           1,00                     2000       2000       100.0             20         -------------------- 99,95 
108        0          2000       0          200000             100,00             2000           1,00                     2000       2000       100.0             20          0,00                      
109        0          2000       0          200000             100,00             2000           1,00                     2000       2000       100.0             20          0,00                      
110        0          2000       0          200000             100,00             2000           1,00                     2000       2000       100.0             20          0,00                      
111        0          2000       0          200000             100,00             2000           1,00                     2000       2000       100.0             20          0,00                      
112        2000       0          0          200000             100,00             2000           1,00                     2000       2000       100.0             20         -------------------- 100,00
113        2000       0          0          200000             100,00             2000           1,00                     2000       2000       100.0             20         -------------------- 100,00
114        0          2000       0          200000             100,00             2000           1,00                     2000       2000       100.0             20          0,00                      
115        1524       476        0          200000             100,00             2000           1,00                     2000       2000       100.0             20         ---------------- 76,20     
116        0          2000       0          200000             100,00             2000           1,00                     2000       2000       100.0             20          0,00                      
117        2000       0          0          200000             100,00             2000           1,00                     2000       2000       100.0             20         -------------------- 100,00
118        2000       0          0          200000             100,00             2000           1,00                     2000       2000       100.0             20         -------------------- 100,00
119        0          2000       0          200000             100,00             2000           1,00                     2000       2000       100.0             20          0,00                      
120        2000       0          0          200000             100,00             2000           1,00                     2000       2000       100.0             20         -------------------- 100,00
121        1          1999       0          200000             100,00             2000           1,00                     2000       2000       100.0             20         - 0,05                     
122        0          2000       0          200000             100,00             2000           1,00                     2000       2000       100.0             20          0,00                      
123        0          2000       0          200000             100,00             2000           1,00                     2000       2000       100.0             20          0,00                      
124        0          0          0          0                  NaN                0              NaN                      0          0          0.0               20         NaN                        
125        0          0          0          0                  NaN                0              NaN                      0          0          0.0               20         NaN                        
126        0          0          0          0                  NaN                0              NaN                      0          0          0.0               20         NaN                        
127        0          0          0          0                  NaN                0              NaN                      0          0          0.0               20         NaN                        
128        0          0          0          0                  NaN                0              NaN                      0          0          0.0               20         NaN                        
130        0          0          0          0                  NaN                0              NaN                      0          0          0.0               20         NaN                        
131        0          0          0          0                  NaN                0              NaN                      0          0          0.0               20         NaN                        
132        0          0          0          0                  NaN                0              NaN                      0          0          0.0               20         NaN                        
133        0          0          0          0                  NaN                0              NaN                      0          0          0.0               20         NaN                        
134        0          0          0          0                  NaN                0              NaN                      0          0          0.0               20         NaN                        
135        0          0          0          0                  NaN                0              NaN                      0          0          0.0               20         NaN                        
136        0          0          0          0                  NaN                0              NaN                      0          0          0.0               20         NaN                        
137        0          0          0          0                  NaN                0              NaN                      0          0          0.0               20         NaN                        
138        0          0          0          0                  NaN                0              NaN                      0          0          0.0               20         NaN                        
139        0          0          0          0                  NaN                0              NaN                      0          0          0.0               20         NaN                        
140        0          0          0          0                  NaN                0              NaN                      0          0          0.0               20         NaN                        
141        0          0          0          0                  NaN                0              NaN                      0          0          0.0               20         NaN                        
142        0          0          0          0                  NaN                0              NaN                      0          0          0.0               20         NaN                        
143        0          0          0          0                  NaN                0              NaN                      0          0          0.0               20         NaN                        
144        0          0          0          0                  NaN                0              NaN                      0          0          0.0               20         NaN                        
145        0          0          0          0                  NaN                0              NaN                      0          0          0.0               20         NaN                        
146        0          0          0          0                  NaN                0              NaN                      0          0          0.0               20         NaN                        
147        0          0          0          0                  NaN                0              NaN                      0          0          0.0               20         NaN                        
