aggregate data per location for random rate = 0.025 and with Perturbator = 1
Exploration Plus One
143 perturbation point
PONE : plus one perturbator
20 list of 100 number
Random numbers generated with 23 as seed
IndexLoc   #Success   #Failure   #Exception #CallAllExecs      AvgCallPerExec     #Perturbations AvgPerturbationPerExec   #Execs     #Tasks     %Success                   
0          100        0          0          100                1,00               4              0,04                     100        20         -------------------- 100,00
1          100        0          0          100                1,00               4              0,04                     100        20         -------------------- 100,00
2          100        0          0          100                1,00               4              0,04                     100        20         -------------------- 100,00
3          100        0          0          0                  0,00               0              0,00                     100        20         NaN                        
4          97         3          0          10000              100,00             264            2,64                     100        20         -------------------- 97,00 
5          97         3          0          10000              100,00             264            2,64                     100        20         -------------------- 97,00 
6          100        0          0          10000              100,00             264            2,64                     100        20         -------------------- 100,00
7          99         0          1          9901               99,01              260            2,60                     100        20         -------------------- 99,00 
9          96         4          0          100                1,00               4              0,04                     100        20         -------------------- 96,00 
10         100        0          0          100                1,00               4              0,04                     100        20         -------------------- 100,00
11         100        0          0          100                1,00               4              0,04                     100        20         -------------------- 100,00
12         100        0          0          100                1,00               4              0,04                     100        20         -------------------- 100,00
14         100        0          0          0                  0,00               0              0,00                     100        20         NaN                        
15         96         4          0          100                1,00               4              0,04                     100        20         -------------------- 96,00 
16         92         0          8          22792              227,92             584            5,84                     100        20         ------------------- 92,00  
17         100        0          0          22800              228,00             584            5,84                     100        20         -------------------- 100,00
18         92         0          8          22792              227,92             584            5,84                     100        20         ------------------- 92,00  
19         100        0          0          22800              228,00             584            5,84                     100        20         -------------------- 100,00
21         27         73         0          22700              227,00             583            5,83                     100        20         ------ 27,00               
22         100        0          0          22700              227,00             583            5,83                     100        20         -------------------- 100,00
23         59         41         0          22700              227,00             583            5,83                     100        20         ------------ 59,00         
24         26         74         0          22700              227,00             583            5,83                     100        20         ------ 26,00               
25         10         90         0          22700              227,00             583            5,83                     100        20         -- 10,00                   
26         10         90         0          22700              227,00             583            5,83                     100        20         -- 10,00                   
27         10         90         0          22700              227,00             583            5,83                     100        20         -- 10,00                   
28         10         90         0          22700              227,00             583            5,83                     100        20         -- 10,00                   
29         10         90         0          22700              227,00             583            5,83                     100        20         -- 10,00                   
30         10         90         0          22700              227,00             583            5,83                     100        20         -- 10,00                   
31         10         90         0          22700              227,00             583            5,83                     100        20         -- 10,00                   
32         10         90         0          22700              227,00             583            5,83                     100        20         -- 10,00                   
33         9          85         6          22700              227,00             583            5,83                     100        20         -- 9,00                    
34         9          85         6          22700              227,00             583            5,83                     100        20         -- 9,00                    
35         9          85         6          22700              227,00             583            5,83                     100        20         -- 9,00                    
36         10         90         0          22700              227,00             583            5,83                     100        20         -- 10,00                   
37         27         73         0          22700              227,00             583            5,83                     100        20         ------ 27,00               
38         10         90         0          22700              227,00             583            5,83                     100        20         -- 10,00                   
39         10         90         0          22700              227,00             583            5,83                     100        20         -- 10,00                   
40         10         90         0          22700              227,00             583            5,83                     100        20         -- 10,00                   
41         10         90         0          22700              227,00             583            5,83                     100        20         -- 10,00                   
42         3          2          95         7484               74,84              193            1,93                     100        20         - 3,00                     
43         1          4          95         6488               64,88              171            1,71                     100        20         - 1,00                     
44         10         90         0          22700              227,00             583            5,83                     100        20         -- 10,00                   
45         10         90         0          22700              227,00             583            5,83                     100        20         -- 10,00                   
46         100        0          0          39699              396,99             1029           10,29                    100        20         -------------------- 100,00
47         95         0          5          39700              397,00             1029           10,29                    100        20         ------------------- 95,00  
48         100        0          0          39699              396,99             1029           10,29                    100        20         -------------------- 100,00
49         95         0          5          39700              397,00             1029           10,29                    100        20         ------------------- 95,00  
51         100        0          0          39600              396,00             1027           10,27                    100        20         -------------------- 100,00
52         100        0          0          39600              396,00             1027           10,27                    100        20         -------------------- 100,00
53         100        0          0          39600              396,00             1027           10,27                    100        20         -------------------- 100,00
54         100        0          0          39600              396,00             1027           10,27                    100        20         -------------------- 100,00
55         97         0          3          39600              396,00             1027           10,27                    100        20         -------------------- 97,00 
56         97         0          3          39600              396,00             1027           10,27                    100        20         -------------------- 97,00 
57         97         0          3          39600              396,00             1027           10,27                    100        20         -------------------- 97,00 
58         100        0          0          39600              396,00             1027           10,27                    100        20         -------------------- 100,00
59         100        0          0          39600              396,00             1027           10,27                    100        20         -------------------- 100,00
60         100        0          0          39600              396,00             1027           10,27                    100        20         -------------------- 100,00
61         100        0          0          39600              396,00             1027           10,27                    100        20         -------------------- 100,00
62         100        0          0          39600              396,00             1027           10,27                    100        20         -------------------- 100,00
63         100        0          0          39600              396,00             1027           10,27                    100        20         -------------------- 100,00
64         100        0          0          39600              396,00             1027           10,27                    100        20         -------------------- 100,00
65         98         0          2          38810              388,10             1009           10,09                    100        20         -------------------- 98,00 
66         100        0          0          39600              396,00             1027           10,27                    100        20         -------------------- 100,00
67         100        0          0          39600              396,00             1027           10,27                    100        20         -------------------- 100,00
68         100        0          0          39600              396,00             1027           10,27                    100        20         -------------------- 100,00
69         100        0          0          39600              396,00             1027           10,27                    100        20         -------------------- 100,00
70         100        0          0          39600              396,00             1027           10,27                    100        20         -------------------- 100,00
71         100        0          0          39600              396,00             1027           10,27                    100        20         -------------------- 100,00
72         100        0          0          39600              396,00             1027           10,27                    100        20         -------------------- 100,00
73         100        0          0          39600              396,00             1027           10,27                    100        20         -------------------- 100,00
74         0          0          100        7997               79,97              207            2,07                     100        20          0,00                      
75         0          0          100        8157               81,57              212            2,12                     100        20          0,00                      
76         100        0          0          39600              396,00             1027           10,27                    100        20         -------------------- 100,00
77         100        0          0          39600              396,00             1027           10,27                    100        20         -------------------- 100,00
78         96         0          4          100                1,00               4              0,04                     100        20         -------------------- 96,00 
79         100        0          0          100                1,00               4              0,04                     100        20         -------------------- 100,00
80         96         0          4          100                1,00               4              0,04                     100        20         -------------------- 96,00 
81         100        0          0          100                1,00               4              0,04                     100        20         -------------------- 100,00
82         100        0          0          100                1,00               4              0,04                     100        20         -------------------- 100,00
83         100        0          0          100                1,00               4              0,04                     100        20         -------------------- 100,00
84         100        0          0          100                1,00               4              0,04                     100        20         -------------------- 100,00
85         100        0          0          100                1,00               4              0,04                     100        20         -------------------- 100,00
86         100        0          0          100                1,00               4              0,04                     100        20         -------------------- 100,00
87         100        0          0          100                1,00               4              0,04                     100        20         -------------------- 100,00
88         100        0          0          100                1,00               4              0,04                     100        20         -------------------- 100,00
89         96         0          4          100                1,00               4              0,04                     100        20         -------------------- 96,00 
90         100        0          0          100                1,00               4              0,04                     100        20         -------------------- 100,00
91         96         0          4          100                1,00               4              0,04                     100        20         -------------------- 96,00 
92         100        0          0          100                1,00               4              0,04                     100        20         -------------------- 100,00
93         100        0          0          100                1,00               4              0,04                     100        20         -------------------- 100,00
94         100        0          0          100                1,00               4              0,04                     100        20         -------------------- 100,00
95         100        0          0          100                1,00               4              0,04                     100        20         -------------------- 100,00
96         100        0          0          100                1,00               4              0,04                     100        20         -------------------- 100,00
97         100        0          0          100                1,00               4              0,04                     100        20         -------------------- 100,00
98         100        0          0          100                1,00               4              0,04                     100        20         -------------------- 100,00
99         100        0          0          100                1,00               4              0,04                     100        20         -------------------- 100,00
100        100        0          0          100                1,00               4              0,04                     100        20         -------------------- 100,00
101        98         0          2          100                1,00               4              0,04                     100        20         -------------------- 98,00 
102        100        0          0          100                1,00               4              0,04                     100        20         -------------------- 100,00
103        100        0          0          100                1,00               4              0,04                     100        20         -------------------- 100,00
104        100        0          0          100                1,00               4              0,04                     100        20         -------------------- 100,00
105        96         4          0          100                1,00               4              0,04                     100        20         -------------------- 96,00 
106        7          93         0          10000              100,00             264            2,64                     100        20         -- 7,00                    
107        100        0          0          10000              100,00             264            2,64                     100        20         -------------------- 100,00
108        7          93         0          10000              100,00             264            2,64                     100        20         -- 7,00                    
109        7          93         0          10000              100,00             264            2,64                     100        20         -- 7,00                    
110        7          93         0          10000              100,00             264            2,64                     100        20         -- 7,00                    
111        7          93         0          10000              100,00             264            2,64                     100        20         -- 7,00                    
112        100        0          0          10000              100,00             264            2,64                     100        20         -------------------- 100,00
113        100        0          0          10000              100,00             264            2,64                     100        20         -------------------- 100,00
114        7          93         0          10000              100,00             264            2,64                     100        20         -- 7,00                    
115        52         48         0          10000              100,00             264            2,64                     100        20         ----------- 52,00          
116        7          93         0          10000              100,00             264            2,64                     100        20         -- 7,00                    
117        100        0          0          10000              100,00             264            2,64                     100        20         -------------------- 100,00
118        100        0          0          10000              100,00             264            2,64                     100        20         -------------------- 100,00
119        7          93         0          10000              100,00             264            2,64                     100        20         -- 7,00                    
120        100        0          0          10000              100,00             264            2,64                     100        20         -------------------- 100,00
121        7          93         0          10000              100,00             264            2,64                     100        20         -- 7,00                    
122        7          93         0          10000              100,00             264            2,64                     100        20         -- 7,00                    
123        7          93         0          10000              100,00             264            2,64                     100        20         -- 7,00                    
124        100        0          0          0                  0,00               0              0,00                     100        20         NaN                        
125        100        0          0          0                  0,00               0              0,00                     100        20         NaN                        
126        100        0          0          0                  0,00               0              0,00                     100        20         NaN                        
127        100        0          0          0                  0,00               0              0,00                     100        20         NaN                        
128        100        0          0          0                  0,00               0              0,00                     100        20         NaN                        
130        100        0          0          0                  0,00               0              0,00                     100        20         NaN                        
131        100        0          0          0                  0,00               0              0,00                     100        20         NaN                        
132        100        0          0          0                  0,00               0              0,00                     100        20         NaN                        
133        100        0          0          0                  0,00               0              0,00                     100        20         NaN                        
134        100        0          0          0                  0,00               0              0,00                     100        20         NaN                        
135        100        0          0          0                  0,00               0              0,00                     100        20         NaN                        
136        100        0          0          0                  0,00               0              0,00                     100        20         NaN                        
137        100        0          0          0                  0,00               0              0,00                     100        20         NaN                        
138        100        0          0          0                  0,00               0              0,00                     100        20         NaN                        
139        100        0          0          0                  0,00               0              0,00                     100        20         NaN                        
140        100        0          0          0                  0,00               0              0,00                     100        20         NaN                        
141        100        0          0          0                  0,00               0              0,00                     100        20         NaN                        
142        100        0          0          0                  0,00               0              0,00                     100        20         NaN                        
143        100        0          0          0                  0,00               0              0,00                     100        20         NaN                        
144        100        0          0          0                  0,00               0              0,00                     100        20         NaN                        
145        100        0          0          0                  0,00               0              0,00                     100        20         NaN                        
146        100        0          0          0                  0,00               0              0,00                     100        20         NaN                        
147        100        0          0          0                  0,00               0              0,00                     100        20         NaN                        
