aggregate data per location for random rate = 0.3 and with Perturbator = 1
Exploration Plus One
PONE : plus one perturbator
20 list of 100 number
Random numbers generated with 23 as seed
143 perturbation points
IndexLoc   #Success   #Failure   #Exception #CallAllExecs      AvgCallPerExec     #Perturbations AvgPerturbationPerExec   #Execs     #Tasks     %Success                   
0          100        0          0          100                1,00               31             0,31                     100        20         -------------------- 100,00
1          100        0          0          100                1,00               31             0,31                     100        20         -------------------- 100,00
2          100        0          0          100                1,00               31             0,31                     100        20         -------------------- 100,00
3          100        0          0          0                  0,00               0              0,00                     100        20         NaN                        
4          78         22         0          10000              100,00             3048           30,48                    100        20         ---------------- 78,00     
5          78         22         0          10000              100,00             3048           30,48                    100        20         ---------------- 78,00     
6          100        0          0          10000              100,00             3048           30,48                    100        20         -------------------- 100,00
7          72         0          28         7228               72,28              2175           21,75                    100        20         --------------- 72,00      
9          69         31         0          100                1,00               31             0,31                     100        20         -------------- 69,00       
10         100        0          0          100                1,00               31             0,31                     100        20         -------------------- 100,00
11         100        0          0          100                1,00               31             0,31                     100        20         -------------------- 100,00
12         100        0          0          100                1,00               31             0,31                     100        20         -------------------- 100,00
14         100        0          0          0                  0,00               0              0,00                     100        20         NaN                        
15         69         31         0          100                1,00               31             0,31                     100        20         -------------- 69,00       
16         66         0          34         22766              227,66             6763           67,63                    100        20         -------------- 66,00       
17         73         0          27         22800              228,00             6771           67,71                    100        20         --------------- 73,00      
18         66         0          34         22766              227,66             6763           67,63                    100        20         -------------- 66,00       
19         73         0          27         22800              228,00             6771           67,71                    100        20         --------------- 73,00      
21         0          100        0          22700              227,00             6745           67,45                    100        20          0,00                      
22         100        0          0          22700              227,00             6745           67,45                    100        20         -------------------- 100,00
23         0          100        0          22700              227,00             6745           67,45                    100        20          0,00                      
24         0          100        0          22700              227,00             6745           67,45                    100        20          0,00                      
25         0          100        0          22700              227,00             6745           67,45                    100        20          0,00                      
26         0          100        0          22700              227,00             6745           67,45                    100        20          0,00                      
27         0          100        0          22700              227,00             6745           67,45                    100        20          0,00                      
28         0          100        0          22700              227,00             6745           67,45                    100        20          0,00                      
29         0          100        0          22700              227,00             6745           67,45                    100        20          0,00                      
30         0          100        0          22700              227,00             6745           67,45                    100        20          0,00                      
31         0          100        0          22700              227,00             6745           67,45                    100        20          0,00                      
32         0          100        0          22700              227,00             6745           67,45                    100        20          0,00                      
33         0          63         37         22700              227,00             6745           67,45                    100        20          0,00                      
34         0          63         37         22700              227,00             6745           67,45                    100        20          0,00                      
35         0          63         37         22700              227,00             6745           67,45                    100        20          0,00                      
36         0          100        0          22700              227,00             6745           67,45                    100        20          0,00                      
37         0          100        0          22700              227,00             6745           67,45                    100        20          0,00                      
38         0          100        0          22700              227,00             6745           67,45                    100        20          0,00                      
39         0          100        0          22700              227,00             6745           67,45                    100        20          0,00                      
40         0          100        0          22700              227,00             6745           67,45                    100        20          0,00                      
41         0          100        0          22700              227,00             6745           67,45                    100        20          0,00                      
42         0          0          100        621                6,21               196            1,96                     100        20          0,00                      
43         0          0          100        627                6,27               198            1,98                     100        20          0,00                      
44         0          100        0          22700              227,00             6745           67,45                    100        20          0,00                      
45         0          100        0          22700              227,00             6745           67,45                    100        20          0,00                      
46         100        0          0          39667              396,67             11913          119,13                   100        20         -------------------- 100,00
47         75         0          25         39700              397,00             11920          119,20                   100        20         --------------- 75,00      
48         100        0          0          39667              396,67             11913          119,13                   100        20         -------------------- 100,00
49         75         0          25         39700              397,00             11920          119,20                   100        20         --------------- 75,00      
51         100        0          0          39600              396,00             11887          118,87                   100        20         -------------------- 100,00
52         100        0          0          39600              396,00             11887          118,87                   100        20         -------------------- 100,00
53         100        0          0          39600              396,00             11887          118,87                   100        20         -------------------- 100,00
54         100        0          0          39600              396,00             11887          118,87                   100        20         -------------------- 100,00
55         76         0          24         39600              396,00             11887          118,87                   100        20         ---------------- 76,00     
56         76         0          24         39600              396,00             11887          118,87                   100        20         ---------------- 76,00     
57         76         0          24         39600              396,00             11887          118,87                   100        20         ---------------- 76,00     
58         100        0          0          39600              396,00             11887          118,87                   100        20         -------------------- 100,00
59         100        0          0          39600              396,00             11887          118,87                   100        20         -------------------- 100,00
60         100        0          0          39600              396,00             11887          118,87                   100        20         -------------------- 100,00
61         100        0          0          39600              396,00             11887          118,87                   100        20         -------------------- 100,00
62         100        0          0          39600              396,00             11887          118,87                   100        20         -------------------- 100,00
63         100        0          0          39600              396,00             11887          118,87                   100        20         -------------------- 100,00
64         100        0          0          39600              396,00             11887          118,87                   100        20         -------------------- 100,00
65         69         0          31         27355              273,55             8234           82,34                    100        20         -------------- 69,00       
66         100        0          0          39600              396,00             11887          118,87                   100        20         -------------------- 100,00
67         100        0          0          39600              396,00             11887          118,87                   100        20         -------------------- 100,00
68         100        0          0          39600              396,00             11887          118,87                   100        20         -------------------- 100,00
69         100        0          0          39600              396,00             11887          118,87                   100        20         -------------------- 100,00
70         100        0          0          39600              396,00             11887          118,87                   100        20         -------------------- 100,00
71         100        0          0          39600              396,00             11887          118,87                   100        20         -------------------- 100,00
72         100        0          0          39600              396,00             11887          118,87                   100        20         -------------------- 100,00
73         100        0          0          39600              396,00             11887          118,87                   100        20         -------------------- 100,00
74         0          0          100        603                6,03               189            1,89                     100        20          0,00                      
75         0          0          100        681                6,81               219            2,19                     100        20          0,00                      
76         100        0          0          39600              396,00             11887          118,87                   100        20         -------------------- 100,00
77         100        0          0          39600              396,00             11887          118,87                   100        20         -------------------- 100,00
78         69         0          31         100                1,00               31             0,31                     100        20         -------------- 69,00       
79         100        0          0          100                1,00               31             0,31                     100        20         -------------------- 100,00
80         69         0          31         100                1,00               31             0,31                     100        20         -------------- 69,00       
81         100        0          0          100                1,00               31             0,31                     100        20         -------------------- 100,00
82         100        0          0          100                1,00               31             0,31                     100        20         -------------------- 100,00
83         100        0          0          100                1,00               31             0,31                     100        20         -------------------- 100,00
84         100        0          0          100                1,00               31             0,31                     100        20         -------------------- 100,00
85         100        0          0          100                1,00               31             0,31                     100        20         -------------------- 100,00
86         100        0          0          100                1,00               31             0,31                     100        20         -------------------- 100,00
87         100        0          0          100                1,00               31             0,31                     100        20         -------------------- 100,00
88         100        0          0          100                1,00               31             0,31                     100        20         -------------------- 100,00
89         69         0          31         100                1,00               31             0,31                     100        20         -------------- 69,00       
90         100        0          0          100                1,00               31             0,31                     100        20         -------------------- 100,00
91         69         0          31         100                1,00               31             0,31                     100        20         -------------- 69,00       
92         100        0          0          100                1,00               31             0,31                     100        20         -------------------- 100,00
93         100        0          0          100                1,00               31             0,31                     100        20         -------------------- 100,00
94         100        0          0          100                1,00               31             0,31                     100        20         -------------------- 100,00
95         100        0          0          100                1,00               31             0,31                     100        20         -------------------- 100,00
96         100        0          0          100                1,00               31             0,31                     100        20         -------------------- 100,00
97         100        0          0          100                1,00               31             0,31                     100        20         -------------------- 100,00
98         100        0          0          100                1,00               31             0,31                     100        20         -------------------- 100,00
99         100        0          0          100                1,00               31             0,31                     100        20         -------------------- 100,00
100        100        0          0          100                1,00               31             0,31                     100        20         -------------------- 100,00
101        85         0          15         100                1,00               31             0,31                     100        20         ----------------- 85,00    
102        90         0          10         100                1,00               31             0,31                     100        20         ------------------ 90,00   
103        100        0          0          100                1,00               31             0,31                     100        20         -------------------- 100,00
104        100        0          0          100                1,00               31             0,31                     100        20         -------------------- 100,00
105        69         31         0          100                1,00               31             0,31                     100        20         -------------- 69,00       
106        0          100        0          10000              100,00             3048           30,48                    100        20          0,00                      
107        100        0          0          10000              100,00             3048           30,48                    100        20         -------------------- 100,00
108        0          100        0          10000              100,00             3048           30,48                    100        20          0,00                      
109        0          100        0          10000              100,00             3048           30,48                    100        20          0,00                      
110        0          100        0          10000              100,00             3048           30,48                    100        20          0,00                      
111        0          100        0          10000              100,00             3048           30,48                    100        20          0,00                      
112        100        0          0          10000              100,00             3048           30,48                    100        20         -------------------- 100,00
113        100        0          0          10000              100,00             3048           30,48                    100        20         -------------------- 100,00
114        0          100        0          10000              100,00             3048           30,48                    100        20          0,00                      
115        0          100        0          10000              100,00             3048           30,48                    100        20          0,00                      
116        0          100        0          10000              100,00             3048           30,48                    100        20          0,00                      
117        100        0          0          10000              100,00             3048           30,48                    100        20         -------------------- 100,00
118        100        0          0          10000              100,00             3048           30,48                    100        20         -------------------- 100,00
119        0          100        0          10000              100,00             3048           30,48                    100        20          0,00                      
120        100        0          0          10000              100,00             3048           30,48                    100        20         -------------------- 100,00
121        0          100        0          10000              100,00             3048           30,48                    100        20          0,00                      
122        0          100        0          10000              100,00             3048           30,48                    100        20          0,00                      
123        0          100        0          10000              100,00             3048           30,48                    100        20          0,00                      
124        100        0          0          0                  0,00               0              0,00                     100        20         NaN                        
125        100        0          0          0                  0,00               0              0,00                     100        20         NaN                        
126        100        0          0          0                  0,00               0              0,00                     100        20         NaN                        
127        100        0          0          0                  0,00               0              0,00                     100        20         NaN                        
128        100        0          0          0                  0,00               0              0,00                     100        20         NaN                        
130        100        0          0          0                  0,00               0              0,00                     100        20         NaN                        
131        100        0          0          0                  0,00               0              0,00                     100        20         NaN                        
132        100        0          0          0                  0,00               0              0,00                     100        20         NaN                        
133        100        0          0          0                  0,00               0              0,00                     100        20         NaN                        
134        100        0          0          0                  0,00               0              0,00                     100        20         NaN                        
135        100        0          0          0                  0,00               0              0,00                     100        20         NaN                        
136        100        0          0          0                  0,00               0              0,00                     100        20         NaN                        
137        100        0          0          0                  0,00               0              0,00                     100        20         NaN                        
138        100        0          0          0                  0,00               0              0,00                     100        20         NaN                        
139        100        0          0          0                  0,00               0              0,00                     100        20         NaN                        
140        100        0          0          0                  0,00               0              0,00                     100        20         NaN                        
141        100        0          0          0                  0,00               0              0,00                     100        20         NaN                        
142        100        0          0          0                  0,00               0              0,00                     100        20         NaN                        
143        100        0          0          0                  0,00               0              0,00                     100        20         NaN                        
144        100        0          0          0                  0,00               0              0,00                     100        20         NaN                        
145        100        0          0          0                  0,00               0              0,00                     100        20         NaN                        
146        100        0          0          0                  0,00               0              0,00                     100        20         NaN                        
147        100        0          0          0                  0,00               0              0,00                     100        20         NaN                        
