detail per task and per random rate and per Perturbator.
Exploration Boolean Negation
NEGB : negation of boolean value.
random rate : 0.001 0.005 0.01 0.05 0.1 0.15 0.2 0.25 0.3 
5 repetition
20 string of 100 char
Random char generated with 23 as seed
2 perturbation points
Task RandomRate Perturbator IndexLoc   #Success   #Failure   #Exception #Call      #Perturbation  AvgPerturbationPerCall %Success                   
0    0.0        None        17         1          0          0          33         0              0.0                    -------------------- 100,00
0    0.001      NEGB        17         5          0          0          165        0              0.0                    NaN                        
0    0.005      NEGB        17         4          1          0          159        1              0.006289308176100629   ---------------- 80,00     
0    0.01       NEGB        17         4          1          0          159        1              0.006289308176100629   ---------------- 80,00     
0    0.05       NEGB        17         1          4          0          56         4              0.07142857142857142    ---- 20,00                 
0    0.1        NEGB        17         0          5          0          47         5              0.10638297872340426     0,00                      
0    0.15       NEGB        17         0          5          0          23         5              0.21739130434782608     0,00                      
0    0.2        NEGB        17         0          5          0          21         5              0.23809523809523808     0,00                      
0    0.25       NEGB        17         0          5          0          20         5              0.25                    0,00                      
0    0.3        NEGB        17         0          5          0          17         5              0.29411764705882354     0,00                      
0    0.0        None        70         1          0          0          33         0              0.0                    -------------------- 100,00
0    0.001      NEGB        70         5          0          0          165        0              0.0                    NaN                        
0    0.005      NEGB        70         4          1          0          159        1              0.006289308176100629   ---------------- 80,00     
0    0.01       NEGB        70         4          1          0          159        1              0.006289308176100629   ---------------- 80,00     
0    0.05       NEGB        70         1          4          0          56         4              0.07142857142857142    ---- 20,00                 
0    0.1        NEGB        70         0          5          0          47         5              0.10638297872340426     0,00                      
0    0.15       NEGB        70         0          5          0          23         5              0.21739130434782608     0,00                      
0    0.2        NEGB        70         0          5          0          21         5              0.23809523809523808     0,00                      
0    0.25       NEGB        70         0          5          0          20         5              0.25                    0,00                      
0    0.3        NEGB        70         0          5          0          17         5              0.29411764705882354     0,00                      
1    0.0        None        17         1          0          0          33         0              0.0                    -------------------- 100,00
1    0.001      NEGB        17         5          0          0          165        0              0.0                    NaN                        
1    0.005      NEGB        17         5          0          0          165        0              0.0                    NaN                        
1    0.01       NEGB        17         4          1          0          163        1              0.006134969325153374   ---------------- 80,00     
1    0.05       NEGB        17         1          4          0          78         4              0.05128205128205128    ---- 20,00                 
1    0.1        NEGB        17         0          5          0          13         5              0.38461538461538464     0,00                      
1    0.15       NEGB        17         0          5          0          29         5              0.1724137931034483      0,00                      
1    0.2        NEGB        17         0          5          0          27         5              0.18518518518518517     0,00                      
1    0.25       NEGB        17         0          5          0          25         5              0.2                     0,00                      
1    0.3        NEGB        17         0          5          0          25         5              0.2                     0,00                      
1    0.0        None        70         1          0          0          33         0              0.0                    -------------------- 100,00
1    0.001      NEGB        70         5          0          0          165        0              0.0                    NaN                        
1    0.005      NEGB        70         5          0          0          165        0              0.0                    NaN                        
1    0.01       NEGB        70         4          1          0          163        1              0.006134969325153374   ---------------- 80,00     
1    0.05       NEGB        70         1          4          0          78         4              0.05128205128205128    ---- 20,00                 
1    0.1        NEGB        70         0          5          0          13         5              0.38461538461538464     0,00                      
1    0.15       NEGB        70         0          5          0          29         5              0.1724137931034483      0,00                      
1    0.2        NEGB        70         0          5          0          27         5              0.18518518518518517     0,00                      
1    0.25       NEGB        70         0          5          0          25         5              0.2                     0,00                      
1    0.3        NEGB        70         0          5          0          25         5              0.2                     0,00                      
2    0.0        None        17         1          0          0          33         0              0.0                    -------------------- 100,00
2    0.001      NEGB        17         5          0          0          165        0              0.0                    NaN                        
2    0.005      NEGB        17         5          0          0          165        0              0.0                    NaN                        
2    0.01       NEGB        17         5          0          0          165        0              0.0                    NaN                        
2    0.05       NEGB        17         1          4          0          109        4              0.03669724770642202    ---- 20,00                 
2    0.1        NEGB        17         0          5          0          54         5              0.09259259259259259     0,00                      
2    0.15       NEGB        17         0          5          0          23         5              0.21739130434782608     0,00                      
2    0.2        NEGB        17         0          5          0          12         5              0.4166666666666667      0,00                      
2    0.25       NEGB        17         0          5          0          8          5              0.625                   0,00                      
2    0.3        NEGB        17         0          5          0          8          5              0.625                   0,00                      
2    0.0        None        70         1          0          0          33         0              0.0                    -------------------- 100,00
2    0.001      NEGB        70         5          0          0          165        0              0.0                    NaN                        
2    0.005      NEGB        70         5          0          0          165        0              0.0                    NaN                        
2    0.01       NEGB        70         5          0          0          165        0              0.0                    NaN                        
2    0.05       NEGB        70         1          4          0          109        4              0.03669724770642202    ---- 20,00                 
2    0.1        NEGB        70         0          5          0          54         5              0.09259259259259259     0,00                      
2    0.15       NEGB        70         0          5          0          23         5              0.21739130434782608     0,00                      
2    0.2        NEGB        70         0          5          0          12         5              0.4166666666666667      0,00                      
2    0.25       NEGB        70         0          5          0          8          5              0.625                   0,00                      
2    0.3        NEGB        70         0          5          0          8          5              0.625                   0,00                      
3    0.0        None        17         1          0          0          33         0              0.0                    -------------------- 100,00
3    0.001      NEGB        17         5          0          0          165        0              0.0                    NaN                        
3    0.005      NEGB        17         5          0          0          165        0              0.0                    NaN                        
3    0.01       NEGB        17         5          0          0          165        0              0.0                    NaN                        
3    0.05       NEGB        17         1          4          0          88         4              0.045454545454545456   ---- 20,00                 
3    0.1        NEGB        17         0          5          0          34         5              0.14705882352941177     0,00                      
3    0.15       NEGB        17         0          5          0          25         5              0.2                     0,00                      
3    0.2        NEGB        17         0          5          0          17         5              0.29411764705882354     0,00                      
3    0.25       NEGB        17         0          5          0          17         5              0.29411764705882354     0,00                      
3    0.3        NEGB        17         0          5          0          14         5              0.35714285714285715     0,00                      
3    0.0        None        70         1          0          0          33         0              0.0                    -------------------- 100,00
3    0.001      NEGB        70         5          0          0          165        0              0.0                    NaN                        
3    0.005      NEGB        70         5          0          0          165        0              0.0                    NaN                        
3    0.01       NEGB        70         5          0          0          165        0              0.0                    NaN                        
3    0.05       NEGB        70         1          4          0          88         4              0.045454545454545456   ---- 20,00                 
3    0.1        NEGB        70         0          5          0          34         5              0.14705882352941177     0,00                      
3    0.15       NEGB        70         0          5          0          25         5              0.2                     0,00                      
3    0.2        NEGB        70         0          5          0          17         5              0.29411764705882354     0,00                      
3    0.25       NEGB        70         0          5          0          17         5              0.29411764705882354     0,00                      
3    0.3        NEGB        70         0          5          0          14         5              0.35714285714285715     0,00                      
4    0.0        None        17         1          0          0          33         0              0.0                    -------------------- 100,00
4    0.001      NEGB        17         5          0          0          165        0              0.0                    NaN                        
4    0.005      NEGB        17         5          0          0          165        0              0.0                    NaN                        
4    0.01       NEGB        17         4          1          0          158        1              0.006329113924050633   ---------------- 80,00     
4    0.05       NEGB        17         1          4          0          100        4              0.04                   ---- 20,00                 
4    0.1        NEGB        17         1          4          0          83         4              0.04819277108433735    ---- 20,00                 
4    0.15       NEGB        17         0          5          0          29         5              0.1724137931034483      0,00                      
4    0.2        NEGB        17         0          5          0          25         5              0.2                     0,00                      
4    0.25       NEGB        17         0          5          0          14         5              0.35714285714285715     0,00                      
4    0.3        NEGB        17         0          5          0          13         5              0.38461538461538464     0,00                      
4    0.0        None        70         1          0          0          33         0              0.0                    -------------------- 100,00
4    0.001      NEGB        70         5          0          0          165        0              0.0                    NaN                        
4    0.005      NEGB        70         5          0          0          165        0              0.0                    NaN                        
4    0.01       NEGB        70         4          1          0          158        1              0.006329113924050633   ---------------- 80,00     
4    0.05       NEGB        70         1          4          0          100        4              0.04                   ---- 20,00                 
4    0.1        NEGB        70         1          4          0          83         4              0.04819277108433735    ---- 20,00                 
4    0.15       NEGB        70         0          5          0          29         5              0.1724137931034483      0,00                      
4    0.2        NEGB        70         0          5          0          25         5              0.2                     0,00                      
4    0.25       NEGB        70         0          5          0          14         5              0.35714285714285715     0,00                      
4    0.3        NEGB        70         0          5          0          13         5              0.38461538461538464     0,00                      
5    0.0        None        17         1          0          0          33         0              0.0                    -------------------- 100,00
5    0.001      NEGB        17         5          0          0          165        0              0.0                    NaN                        
5    0.005      NEGB        17         4          1          0          153        1              0.006535947712418301   ---------------- 80,00     
5    0.01       NEGB        17         2          3          0          126        3              0.023809523809523808   -------- 40,00             
5    0.05       NEGB        17         0          5          0          74         5              0.06756756756756757     0,00                      
5    0.1        NEGB        17         0          5          0          35         5              0.14285714285714285     0,00                      
5    0.15       NEGB        17         0          5          0          19         5              0.2631578947368421      0,00                      
5    0.2        NEGB        17         0          5          0          31         5              0.16129032258064516     0,00                      
5    0.25       NEGB        17         0          5          0          30         5              0.16666666666666666     0,00                      
5    0.3        NEGB        17         0          5          0          12         5              0.4166666666666667      0,00                      
5    0.0        None        70         1          0          0          33         0              0.0                    -------------------- 100,00
5    0.001      NEGB        70         5          0          0          165        0              0.0                    NaN                        
5    0.005      NEGB        70         4          1          0          153        1              0.006535947712418301   ---------------- 80,00     
5    0.01       NEGB        70         2          3          0          126        3              0.023809523809523808   -------- 40,00             
5    0.05       NEGB        70         0          5          0          74         5              0.06756756756756757     0,00                      
5    0.1        NEGB        70         0          5          0          35         5              0.14285714285714285     0,00                      
5    0.15       NEGB        70         0          5          0          19         5              0.2631578947368421      0,00                      
5    0.2        NEGB        70         0          5          0          31         5              0.16129032258064516     0,00                      
5    0.25       NEGB        70         0          5          0          30         5              0.16666666666666666     0,00                      
5    0.3        NEGB        70         0          5          0          12         5              0.4166666666666667      0,00                      
6    0.0        None        17         1          0          0          33         0              0.0                    -------------------- 100,00
6    0.001      NEGB        17         4          1          0          145        1              0.006896551724137931   ---------------- 80,00     
6    0.005      NEGB        17         3          2          0          151        2              0.013245033112582781   ------------ 60,00         
6    0.01       NEGB        17         4          1          0          133        1              0.007518796992481203   ---------------- 80,00     
6    0.05       NEGB        17         3          2          0          109        2              0.01834862385321101    ------------ 60,00         
6    0.1        NEGB        17         0          5          0          24         5              0.20833333333333334     0,00                      
6    0.15       NEGB        17         0          5          0          50         5              0.1                     0,00                      
6    0.2        NEGB        17         0          5          0          17         5              0.29411764705882354     0,00                      
6    0.25       NEGB        17         0          5          0          19         5              0.2631578947368421      0,00                      
6    0.3        NEGB        17         0          5          0          31         5              0.16129032258064516     0,00                      
6    0.0        None        70         1          0          0          33         0              0.0                    -------------------- 100,00
6    0.001      NEGB        70         4          1          0          145        1              0.006896551724137931   ---------------- 80,00     
6    0.005      NEGB        70         3          2          0          151        2              0.013245033112582781   ------------ 60,00         
6    0.01       NEGB        70         4          1          0          133        1              0.007518796992481203   ---------------- 80,00     
6    0.05       NEGB        70         3          2          0          109        2              0.01834862385321101    ------------ 60,00         
6    0.1        NEGB        70         0          5          0          24         5              0.20833333333333334     0,00                      
6    0.15       NEGB        70         0          5          0          50         5              0.1                     0,00                      
6    0.2        NEGB        70         0          5          0          17         5              0.29411764705882354     0,00                      
6    0.25       NEGB        70         0          5          0          19         5              0.2631578947368421      0,00                      
6    0.3        NEGB        70         0          5          0          31         5              0.16129032258064516     0,00                      
7    0.0        None        17         1          0          0          33         0              0.0                    -------------------- 100,00
7    0.001      NEGB        17         5          0          0          165        0              0.0                    NaN                        
7    0.005      NEGB        17         3          2          0          142        2              0.014084507042253521   ------------ 60,00         
7    0.01       NEGB        17         3          2          0          149        2              0.013422818791946308   ------------ 60,00         
7    0.05       NEGB        17         1          4          0          65         4              0.06153846153846154    ---- 20,00                 
7    0.1        NEGB        17         0          5          0          35         5              0.14285714285714285     0,00                      
7    0.15       NEGB        17         0          5          0          52         5              0.09615384615384616     0,00                      
7    0.2        NEGB        17         0          5          0          44         5              0.11363636363636363     0,00                      
7    0.25       NEGB        17         0          5          0          10         5              0.5                     0,00                      
7    0.3        NEGB        17         0          5          0          14         5              0.35714285714285715     0,00                      
7    0.0        None        70         1          0          0          33         0              0.0                    -------------------- 100,00
7    0.001      NEGB        70         5          0          0          165        0              0.0                    NaN                        
7    0.005      NEGB        70         3          2          0          142        2              0.014084507042253521   ------------ 60,00         
7    0.01       NEGB        70         3          2          0          149        2              0.013422818791946308   ------------ 60,00         
7    0.05       NEGB        70         1          4          0          65         4              0.06153846153846154    ---- 20,00                 
7    0.1        NEGB        70         0          5          0          35         5              0.14285714285714285     0,00                      
7    0.15       NEGB        70         0          5          0          52         5              0.09615384615384616     0,00                      
7    0.2        NEGB        70         0          5          0          44         5              0.11363636363636363     0,00                      
7    0.25       NEGB        70         0          5          0          10         5              0.5                     0,00                      
7    0.3        NEGB        70         0          5          0          14         5              0.35714285714285715     0,00                      
8    0.0        None        17         1          0          0          33         0              0.0                    -------------------- 100,00
8    0.001      NEGB        17         5          0          0          165        0              0.0                    NaN                        
8    0.005      NEGB        17         5          0          0          165        0              0.0                    NaN                        
8    0.01       NEGB        17         3          2          0          146        2              0.0136986301369863     ------------ 60,00         
8    0.05       NEGB        17         0          5          0          43         5              0.11627906976744186     0,00                      
8    0.1        NEGB        17         1          4          0          61         4              0.06557377049180328    ---- 20,00                 
8    0.15       NEGB        17         0          5          0          33         5              0.15151515151515152     0,00                      
8    0.2        NEGB        17         0          5          0          14         5              0.35714285714285715     0,00                      
8    0.25       NEGB        17         0          5          0          15         5              0.3333333333333333      0,00                      
8    0.3        NEGB        17         0          5          0          12         5              0.4166666666666667      0,00                      
8    0.0        None        70         1          0          0          33         0              0.0                    -------------------- 100,00
8    0.001      NEGB        70         5          0          0          165        0              0.0                    NaN                        
8    0.005      NEGB        70         5          0          0          165        0              0.0                    NaN                        
8    0.01       NEGB        70         3          2          0          146        2              0.0136986301369863     ------------ 60,00         
8    0.05       NEGB        70         0          5          0          43         5              0.11627906976744186     0,00                      
8    0.1        NEGB        70         1          4          0          61         4              0.06557377049180328    ---- 20,00                 
8    0.15       NEGB        70         0          5          0          33         5              0.15151515151515152     0,00                      
8    0.2        NEGB        70         0          5          0          14         5              0.35714285714285715     0,00                      
8    0.25       NEGB        70         0          5          0          15         5              0.3333333333333333      0,00                      
8    0.3        NEGB        70         0          5          0          12         5              0.4166666666666667      0,00                      
9    0.0        None        17         1          0          0          33         0              0.0                    -------------------- 100,00
9    0.001      NEGB        17         5          0          0          165        0              0.0                    NaN                        
9    0.005      NEGB        17         4          1          0          156        1              0.00641025641025641    ---------------- 80,00     
9    0.01       NEGB        17         5          0          0          165        0              0.0                    NaN                        
9    0.05       NEGB        17         1          4          0          58         4              0.06896551724137931    ---- 20,00                 
9    0.1        NEGB        17         0          5          0          45         5              0.1111111111111111      0,00                      
9    0.15       NEGB        17         0          5          0          10         5              0.5                     0,00                      
9    0.2        NEGB        17         0          5          0          32         5              0.15625                 0,00                      
9    0.25       NEGB        17         0          5          0          41         5              0.12195121951219512     0,00                      
9    0.3        NEGB        17         0          5          0          12         5              0.4166666666666667      0,00                      
9    0.0        None        70         1          0          0          33         0              0.0                    -------------------- 100,00
9    0.001      NEGB        70         5          0          0          165        0              0.0                    NaN                        
9    0.005      NEGB        70         4          1          0          156        1              0.00641025641025641    ---------------- 80,00     
9    0.01       NEGB        70         5          0          0          165        0              0.0                    NaN                        
9    0.05       NEGB        70         1          4          0          58         4              0.06896551724137931    ---- 20,00                 
9    0.1        NEGB        70         0          5          0          45         5              0.1111111111111111      0,00                      
9    0.15       NEGB        70         0          5          0          10         5              0.5                     0,00                      
9    0.2        NEGB        70         0          5          0          32         5              0.15625                 0,00                      
9    0.25       NEGB        70         0          5          0          41         5              0.12195121951219512     0,00                      
9    0.3        NEGB        70         0          5          0          12         5              0.4166666666666667      0,00                      
10   0.0        None        17         1          0          0          33         0              0.0                    -------------------- 100,00
10   0.001      NEGB        17         5          0          0          165        0              0.0                    NaN                        
10   0.005      NEGB        17         5          0          0          165        0              0.0                    NaN                        
10   0.01       NEGB        17         3          2          0          123        2              0.016260162601626018   ------------ 60,00         
10   0.05       NEGB        17         1          4          0          82         4              0.04878048780487805    ---- 20,00                 
10   0.1        NEGB        17         0          5          0          39         5              0.1282051282051282      0,00                      
10   0.15       NEGB        17         0          5          0          37         5              0.13513513513513514     0,00                      
10   0.2        NEGB        17         0          5          0          20         5              0.25                    0,00                      
10   0.25       NEGB        17         0          5          0          13         5              0.38461538461538464     0,00                      
10   0.3        NEGB        17         0          5          0          36         5              0.1388888888888889      0,00                      
10   0.0        None        70         1          0          0          33         0              0.0                    -------------------- 100,00
10   0.001      NEGB        70         5          0          0          165        0              0.0                    NaN                        
10   0.005      NEGB        70         5          0          0          165        0              0.0                    NaN                        
10   0.01       NEGB        70         3          2          0          123        2              0.016260162601626018   ------------ 60,00         
10   0.05       NEGB        70         1          4          0          82         4              0.04878048780487805    ---- 20,00                 
10   0.1        NEGB        70         0          5          0          39         5              0.1282051282051282      0,00                      
10   0.15       NEGB        70         0          5          0          37         5              0.13513513513513514     0,00                      
10   0.2        NEGB        70         0          5          0          20         5              0.25                    0,00                      
10   0.25       NEGB        70         0          5          0          13         5              0.38461538461538464     0,00                      
10   0.3        NEGB        70         0          5          0          36         5              0.1388888888888889      0,00                      
11   0.0        None        17         1          0          0          33         0              0.0                    -------------------- 100,00
11   0.001      NEGB        17         5          0          0          165        0              0.0                    NaN                        
11   0.005      NEGB        17         4          1          0          164        1              0.006097560975609756   ---------------- 80,00     
11   0.01       NEGB        17         3          2          0          131        2              0.015267175572519083   ------------ 60,00         
11   0.05       NEGB        17         0          5          0          74         5              0.06756756756756757     0,00                      
11   0.1        NEGB        17         0          5          0          35         5              0.14285714285714285     0,00                      
11   0.15       NEGB        17         0          5          0          23         5              0.21739130434782608     0,00                      
11   0.2        NEGB        17         0          5          0          29         5              0.1724137931034483      0,00                      
11   0.25       NEGB        17         0          5          0          16         5              0.3125                  0,00                      
11   0.3        NEGB        17         0          5          0          12         5              0.4166666666666667      0,00                      
11   0.0        None        70         1          0          0          33         0              0.0                    -------------------- 100,00
11   0.001      NEGB        70         5          0          0          165        0              0.0                    NaN                        
11   0.005      NEGB        70         4          1          0          164        1              0.006097560975609756   ---------------- 80,00     
11   0.01       NEGB        70         3          2          0          131        2              0.015267175572519083   ------------ 60,00         
11   0.05       NEGB        70         0          5          0          74         5              0.06756756756756757     0,00                      
11   0.1        NEGB        70         0          5          0          35         5              0.14285714285714285     0,00                      
11   0.15       NEGB        70         0          5          0          23         5              0.21739130434782608     0,00                      
11   0.2        NEGB        70         0          5          0          29         5              0.1724137931034483      0,00                      
11   0.25       NEGB        70         0          5          0          16         5              0.3125                  0,00                      
11   0.3        NEGB        70         0          5          0          12         5              0.4166666666666667      0,00                      
12   0.0        None        17         1          0          0          33         0              0.0                    -------------------- 100,00
12   0.001      NEGB        17         5          0          0          165        0              0.0                    NaN                        
12   0.005      NEGB        17         4          1          0          135        1              0.007407407407407408   ---------------- 80,00     
12   0.01       NEGB        17         2          3          0          116        3              0.02586206896551724    -------- 40,00             
12   0.05       NEGB        17         2          3          0          90         3              0.03333333333333333    -------- 40,00             
12   0.1        NEGB        17         1          4          0          70         4              0.05714285714285714    ---- 20,00                 
12   0.15       NEGB        17         1          4          0          55         4              0.07272727272727272    ---- 20,00                 
12   0.2        NEGB        17         0          5          0          10         5              0.5                     0,00                      
12   0.25       NEGB        17         0          5          0          22         5              0.22727272727272727     0,00                      
12   0.3        NEGB        17         0          5          0          9          5              0.5555555555555556      0,00                      
12   0.0        None        70         1          0          0          33         0              0.0                    -------------------- 100,00
12   0.001      NEGB        70         5          0          0          165        0              0.0                    NaN                        
12   0.005      NEGB        70         4          1          0          135        1              0.007407407407407408   ---------------- 80,00     
12   0.01       NEGB        70         2          3          0          116        3              0.02586206896551724    -------- 40,00             
12   0.05       NEGB        70         2          3          0          90         3              0.03333333333333333    -------- 40,00             
12   0.1        NEGB        70         1          4          0          70         4              0.05714285714285714    ---- 20,00                 
12   0.15       NEGB        70         1          4          0          55         4              0.07272727272727272    ---- 20,00                 
12   0.2        NEGB        70         0          5          0          10         5              0.5                     0,00                      
12   0.25       NEGB        70         0          5          0          22         5              0.22727272727272727     0,00                      
12   0.3        NEGB        70         0          5          0          9          5              0.5555555555555556      0,00                      
13   0.0        None        17         1          0          0          33         0              0.0                    -------------------- 100,00
13   0.001      NEGB        17         5          0          0          165        0              0.0                    NaN                        
13   0.005      NEGB        17         3          2          0          125        2              0.016                  ------------ 60,00         
13   0.01       NEGB        17         4          1          0          151        1              0.006622516556291391   ---------------- 80,00     
13   0.05       NEGB        17         1          4          0          69         4              0.057971014492753624   ---- 20,00                 
13   0.1        NEGB        17         0          5          0          41         5              0.12195121951219512     0,00                      
13   0.15       NEGB        17         0          5          0          23         5              0.21739130434782608     0,00                      
13   0.2        NEGB        17         0          5          0          26         5              0.19230769230769232     0,00                      
13   0.25       NEGB        17         0          5          0          21         5              0.23809523809523808     0,00                      
13   0.3        NEGB        17         0          5          0          25         5              0.2                     0,00                      
13   0.0        None        70         1          0          0          33         0              0.0                    -------------------- 100,00
13   0.001      NEGB        70         5          0          0          165        0              0.0                    NaN                        
13   0.005      NEGB        70         3          2          0          125        2              0.016                  ------------ 60,00         
13   0.01       NEGB        70         4          1          0          151        1              0.006622516556291391   ---------------- 80,00     
13   0.05       NEGB        70         1          4          0          69         4              0.057971014492753624   ---- 20,00                 
13   0.1        NEGB        70         0          5          0          41         5              0.12195121951219512     0,00                      
13   0.15       NEGB        70         0          5          0          23         5              0.21739130434782608     0,00                      
13   0.2        NEGB        70         0          5          0          26         5              0.19230769230769232     0,00                      
13   0.25       NEGB        70         0          5          0          21         5              0.23809523809523808     0,00                      
13   0.3        NEGB        70         0          5          0          25         5              0.2                     0,00                      
14   0.0        None        17         1          0          0          33         0              0.0                    -------------------- 100,00
14   0.001      NEGB        17         5          0          0          165        0              0.0                    NaN                        
14   0.005      NEGB        17         4          1          0          139        1              0.007194244604316547   ---------------- 80,00     
14   0.01       NEGB        17         2          3          0          125        3              0.024                  -------- 40,00             
14   0.05       NEGB        17         0          5          0          120        5              0.041666666666666664    0,00                      
14   0.1        NEGB        17         1          4          0          47         4              0.0851063829787234     ---- 20,00                 
14   0.15       NEGB        17         0          5          0          20         5              0.25                    0,00                      
14   0.2        NEGB        17         0          5          0          19         5              0.2631578947368421      0,00                      
14   0.25       NEGB        17         0          5          0          21         5              0.23809523809523808     0,00                      
14   0.3        NEGB        17         0          5          0          13         5              0.38461538461538464     0,00                      
14   0.0        None        70         1          0          0          33         0              0.0                    -------------------- 100,00
14   0.001      NEGB        70         5          0          0          165        0              0.0                    NaN                        
14   0.005      NEGB        70         4          1          0          139        1              0.007194244604316547   ---------------- 80,00     
14   0.01       NEGB        70         2          3          0          125        3              0.024                  -------- 40,00             
14   0.05       NEGB        70         0          5          0          120        5              0.041666666666666664    0,00                      
14   0.1        NEGB        70         1          4          0          47         4              0.0851063829787234     ---- 20,00                 
14   0.15       NEGB        70         0          5          0          20         5              0.25                    0,00                      
14   0.2        NEGB        70         0          5          0          19         5              0.2631578947368421      0,00                      
14   0.25       NEGB        70         0          5          0          21         5              0.23809523809523808     0,00                      
14   0.3        NEGB        70         0          5          0          13         5              0.38461538461538464     0,00                      
15   0.0        None        17         1          0          0          33         0              0.0                    -------------------- 100,00
15   0.001      NEGB        17         5          0          0          165        0              0.0                    NaN                        
15   0.005      NEGB        17         5          0          0          165        0              0.0                    NaN                        
15   0.01       NEGB        17         3          2          0          118        2              0.01694915254237288    ------------ 60,00         
15   0.05       NEGB        17         0          5          0          80         5              0.0625                  0,00                      
15   0.1        NEGB        17         0          5          0          18         5              0.2777777777777778      0,00                      
15   0.15       NEGB        17         0          5          0          25         5              0.2                     0,00                      
15   0.2        NEGB        17         0          5          0          15         5              0.3333333333333333      0,00                      
15   0.25       NEGB        17         0          5          0          16         5              0.3125                  0,00                      
15   0.3        NEGB        17         0          5          0          18         5              0.2777777777777778      0,00                      
15   0.0        None        70         1          0          0          33         0              0.0                    -------------------- 100,00
15   0.001      NEGB        70         5          0          0          165        0              0.0                    NaN                        
15   0.005      NEGB        70         5          0          0          165        0              0.0                    NaN                        
15   0.01       NEGB        70         3          2          0          118        2              0.01694915254237288    ------------ 60,00         
15   0.05       NEGB        70         0          5          0          80         5              0.0625                  0,00                      
15   0.1        NEGB        70         0          5          0          18         5              0.2777777777777778      0,00                      
15   0.15       NEGB        70         0          5          0          25         5              0.2                     0,00                      
15   0.2        NEGB        70         0          5          0          15         5              0.3333333333333333      0,00                      
15   0.25       NEGB        70         0          5          0          16         5              0.3125                  0,00                      
15   0.3        NEGB        70         0          5          0          18         5              0.2777777777777778      0,00                      
16   0.0        None        17         1          0          0          33         0              0.0                    -------------------- 100,00
16   0.001      NEGB        17         4          1          0          162        1              0.006172839506172839   ---------------- 80,00     
16   0.005      NEGB        17         5          0          0          165        0              0.0                    NaN                        
16   0.01       NEGB        17         4          1          0          153        1              0.006535947712418301   ---------------- 80,00     
16   0.05       NEGB        17         2          3          0          96         3              0.03125                -------- 40,00             
16   0.1        NEGB        17         0          5          0          33         5              0.15151515151515152     0,00                      
16   0.15       NEGB        17         0          5          0          33         5              0.15151515151515152     0,00                      
16   0.2        NEGB        17         0          5          0          36         5              0.1388888888888889      0,00                      
16   0.25       NEGB        17         0          5          0          19         5              0.2631578947368421      0,00                      
16   0.3        NEGB        17         0          5          0          21         5              0.23809523809523808     0,00                      
16   0.0        None        70         1          0          0          33         0              0.0                    -------------------- 100,00
16   0.001      NEGB        70         4          1          0          162        1              0.006172839506172839   ---------------- 80,00     
16   0.005      NEGB        70         5          0          0          165        0              0.0                    NaN                        
16   0.01       NEGB        70         4          1          0          153        1              0.006535947712418301   ---------------- 80,00     
16   0.05       NEGB        70         2          3          0          96         3              0.03125                -------- 40,00             
16   0.1        NEGB        70         0          5          0          33         5              0.15151515151515152     0,00                      
16   0.15       NEGB        70         0          5          0          33         5              0.15151515151515152     0,00                      
16   0.2        NEGB        70         0          5          0          36         5              0.1388888888888889      0,00                      
16   0.25       NEGB        70         0          5          0          19         5              0.2631578947368421      0,00                      
16   0.3        NEGB        70         0          5          0          21         5              0.23809523809523808     0,00                      
17   0.0        None        17         1          0          0          33         0              0.0                    -------------------- 100,00
17   0.001      NEGB        17         5          0          0          165        0              0.0                    NaN                        
17   0.005      NEGB        17         4          1          0          138        1              0.007246376811594203   ---------------- 80,00     
17   0.01       NEGB        17         4          1          0          158        1              0.006329113924050633   ---------------- 80,00     
17   0.05       NEGB        17         3          2          0          142        2              0.014084507042253521   ------------ 60,00         
17   0.1        NEGB        17         0          5          0          47         5              0.10638297872340426     0,00                      
17   0.15       NEGB        17         0          5          0          34         5              0.14705882352941177     0,00                      
17   0.2        NEGB        17         0          5          0          13         5              0.38461538461538464     0,00                      
17   0.25       NEGB        17         0          5          0          19         5              0.2631578947368421      0,00                      
17   0.3        NEGB        17         0          5          0          13         5              0.38461538461538464     0,00                      
17   0.0        None        70         1          0          0          33         0              0.0                    -------------------- 100,00
17   0.001      NEGB        70         5          0          0          165        0              0.0                    NaN                        
17   0.005      NEGB        70         4          1          0          138        1              0.007246376811594203   ---------------- 80,00     
17   0.01       NEGB        70         4          1          0          158        1              0.006329113924050633   ---------------- 80,00     
17   0.05       NEGB        70         3          2          0          142        2              0.014084507042253521   ------------ 60,00         
17   0.1        NEGB        70         0          5          0          47         5              0.10638297872340426     0,00                      
17   0.15       NEGB        70         0          5          0          34         5              0.14705882352941177     0,00                      
17   0.2        NEGB        70         0          5          0          13         5              0.38461538461538464     0,00                      
17   0.25       NEGB        70         0          5          0          19         5              0.2631578947368421      0,00                      
17   0.3        NEGB        70         0          5          0          13         5              0.38461538461538464     0,00                      
18   0.0        None        17         1          0          0          33         0              0.0                    -------------------- 100,00
18   0.001      NEGB        17         5          0          0          165        0              0.0                    NaN                        
18   0.005      NEGB        17         4          1          0          144        1              0.006944444444444444   ---------------- 80,00     
18   0.01       NEGB        17         4          1          0          145        1              0.006896551724137931   ---------------- 80,00     
18   0.05       NEGB        17         2          3          0          92         3              0.03260869565217391    -------- 40,00             
18   0.1        NEGB        17         0          5          0          19         5              0.2631578947368421      0,00                      
18   0.15       NEGB        17         0          5          0          32         5              0.15625                 0,00                      
18   0.2        NEGB        17         0          5          0          16         5              0.3125                  0,00                      
18   0.25       NEGB        17         0          5          0          13         5              0.38461538461538464     0,00                      
18   0.3        NEGB        17         0          5          0          17         5              0.29411764705882354     0,00                      
18   0.0        None        70         1          0          0          33         0              0.0                    -------------------- 100,00
18   0.001      NEGB        70         5          0          0          165        0              0.0                    NaN                        
18   0.005      NEGB        70         4          1          0          144        1              0.006944444444444444   ---------------- 80,00     
18   0.01       NEGB        70         4          1          0          145        1              0.006896551724137931   ---------------- 80,00     
18   0.05       NEGB        70         2          3          0          92         3              0.03260869565217391    -------- 40,00             
18   0.1        NEGB        70         0          5          0          19         5              0.2631578947368421      0,00                      
18   0.15       NEGB        70         0          5          0          32         5              0.15625                 0,00                      
18   0.2        NEGB        70         0          5          0          16         5              0.3125                  0,00                      
18   0.25       NEGB        70         0          5          0          13         5              0.38461538461538464     0,00                      
18   0.3        NEGB        70         0          5          0          17         5              0.29411764705882354     0,00                      
19   0.0        None        17         1          0          0          33         0              0.0                    -------------------- 100,00
19   0.001      NEGB        17         5          0          0          165        0              0.0                    NaN                        
19   0.005      NEGB        17         5          0          0          165        0              0.0                    NaN                        
19   0.01       NEGB        17         4          1          0          144        1              0.006944444444444444   ---------------- 80,00     
19   0.05       NEGB        17         2          3          0          118        3              0.025423728813559324   -------- 40,00             
19   0.1        NEGB        17         0          5          0          50         5              0.1                     0,00                      
19   0.15       NEGB        17         0          5          0          32         5              0.15625                 0,00                      
19   0.2        NEGB        17         0          5          0          13         5              0.38461538461538464     0,00                      
19   0.25       NEGB        17         0          5          0          31         5              0.16129032258064516     0,00                      
19   0.3        NEGB        17         0          5          0          8          5              0.625                   0,00                      
19   0.0        None        70         1          0          0          33         0              0.0                    -------------------- 100,00
19   0.001      NEGB        70         5          0          0          165        0              0.0                    NaN                        
19   0.005      NEGB        70         5          0          0          165        0              0.0                    NaN                        
19   0.01       NEGB        70         4          1          0          144        1              0.006944444444444444   ---------------- 80,00     
19   0.05       NEGB        70         2          3          0          118        3              0.025423728813559324   -------- 40,00             
19   0.1        NEGB        70         0          5          0          50         5              0.1                     0,00                      
19   0.15       NEGB        70         0          5          0          32         5              0.15625                 0,00                      
19   0.2        NEGB        70         0          5          0          13         5              0.38461538461538464     0,00                      
19   0.25       NEGB        70         0          5          0          31         5              0.16129032258064516     0,00                      
19   0.3        NEGB        70         0          5          0          8          5              0.625                   0,00                      
