aggregate data per location for Magnitude = 75
Exploration Plus Magnitude
magnitude value : 1 5 10 20 50 75 100 
PM : Numerical Perturbator
100 string of 100 char
Random char generated with 23 as seed
104 perturbation points
IndexLoc   #Success   #Failure   #Exception #CallAllExecs      AvgCallPerExec     #Perturbations AvgPerturbationPerExec   #Execs     #ExecsRef  AvgCallRefPerTask #Tasks     %Success                   
0          0          0          100        100                1,00               100            1,00                     100        100        1.0               100         0,00                      
1          0          100        0          100                1,00               100            1,00                     100        100        1.0               100         0,00                      
2          0          0          100        100                1,00               100            1,00                     100        100        1.0               100         0,00                      
3          0          100        0          100                1,00               100            1,00                     100        100        1.0               100         0,00                      
4          0          100        0          100                1,00               100            1,00                     100        100        1.0               100         0,00                      
5          0          100        0          100                1,00               100            1,00                     100        100        1.0               100         0,00                      
6          0          0          100        100                1,00               100            1,00                     100        100        1.0               100         0,00                      
7          0          100        0          100                1,00               100            1,00                     100        100        1.0               100         0,00                      
8          0          0          100        100                1,00               100            1,00                     100        100        1.0               100         0,00                      
9          0          100        0          100                1,00               100            1,00                     100        100        1.0               100         0,00                      
10         0          0          100        100                1,00               100            1,00                     100        100        1.0               100         0,00                      
11         0          100        0          100                1,00               100            1,00                     100        100        1.0               100         0,00                      
12         0          0          100        100                1,00               100            1,00                     100        100        1.0               100         0,00                      
13         0          100        0          100                1,00               100            1,00                     100        100        1.0               100         0,00                      
14         0          100        0          100                1,00               100            1,00                     100        100        1.0               100         0,00                      
15         100        3200       0          56100              17,00              3300           1,00                     3300       3300       33.0              100        - 3,03                     
16         3200       100        0          109000             33,03              3300           1,00                     3300       3300       33.0              100        -------------------- 96,97 
18         0          3200       0          102400             32,00              3200           1,00                     3200       3200       32.0              100         0,00                      
19         0          3200       0          102400             32,00              3200           1,00                     3200       3200       32.0              100         0,00                      
20         0          3200       0          102400             32,00              3200           1,00                     3200       3200       32.0              100         0,00                      
21         0          3200       0          102400             32,00              3200           1,00                     3200       3200       32.0              100         0,00                      
22         0          3200       0          102400             32,00              3200           1,00                     3200       3200       32.0              100         0,00                      
23         0          3200       0          102400             32,00              3200           1,00                     3200       3200       32.0              100         0,00                      
24         0          3200       0          102400             32,00              3200           1,00                     3200       3200       32.0              100         0,00                      
25         0          3200       0          102400             32,00              3200           1,00                     3200       3200       32.0              100         0,00                      
26         0          3200       0          102400             32,00              3200           1,00                     3200       3200       32.0              100         0,00                      
27         0          3200       0          102400             32,00              3200           1,00                     3200       3200       32.0              100         0,00                      
28         0          3200       0          102400             32,00              3200           1,00                     3200       3200       32.0              100         0,00                      
29         0          3200       0          102400             32,00              3200           1,00                     3200       3200       32.0              100         0,00                      
30         0          3200       0          102400             32,00              3200           1,00                     3200       3200       32.0              100         0,00                      
31         0          3200       0          102400             32,00              3200           1,00                     3200       3200       32.0              100         0,00                      
32         0          3200       0          102400             32,00              3200           1,00                     3200       3200       32.0              100         0,00                      
33         0          3200       0          102400             32,00              3200           1,00                     3200       3200       32.0              100         0,00                      
34         0          3200       0          102400             32,00              3200           1,00                     3200       3200       32.0              100         0,00                      
35         0          3200       0          102400             32,00              3200           1,00                     3200       3200       32.0              100         0,00                      
36         0          3200       0          102400             32,00              3200           1,00                     3200       3200       32.0              100         0,00                      
37         0          3200       0          102400             32,00              3200           1,00                     3200       3200       32.0              100         0,00                      
38         0          3200       0          102400             32,00              3200           1,00                     3200       3200       32.0              100         0,00                      
39         0          3200       0          102400             32,00              3200           1,00                     3200       3200       32.0              100         0,00                      
40         0          3200       0          102400             32,00              3200           1,00                     3200       3200       32.0              100         0,00                      
41         0          3200       0          102400             32,00              3200           1,00                     3200       3200       32.0              100         0,00                      
42         0          3200       0          102400             32,00              3200           1,00                     3200       3200       32.0              100         0,00                      
43         0          3200       0          102400             32,00              3200           1,00                     3200       3200       32.0              100         0,00                      
44         0          3200       0          102400             32,00              3200           1,00                     3200       3200       32.0              100         0,00                      
45         0          3200       0          102400             32,00              3200           1,00                     3200       3200       32.0              100         0,00                      
46         0          3200       0          102400             32,00              3200           1,00                     3200       3200       32.0              100         0,00                      
47         0          3200       0          102400             32,00              3200           1,00                     3200       3200       32.0              100         0,00                      
48         100        3100       0          102400             32,00              3200           1,00                     3200       3200       32.0              100        - 3,13                     
49         0          0          100        100                1,00               100            1,00                     100        100        1.0               100         0,00                      
50         0          100        0          100                1,00               100            1,00                     100        100        1.0               100         0,00                      
51         0          0          100        100                1,00               100            1,00                     100        100        1.0               100         0,00                      
52         0          100        0          100                1,00               100            1,00                     100        100        1.0               100         0,00                      
53         0          0          100        100                1,00               100            1,00                     100        100        1.0               100         0,00                      
54         0          100        0          100                1,00               100            1,00                     100        100        1.0               100         0,00                      
55         0          0          100        100                1,00               100            1,00                     100        100        1.0               100         0,00                      
56         0          100        0          100                1,00               100            1,00                     100        100        1.0               100         0,00                      
57         0          100        0          100                1,00               100            1,00                     100        100        1.0               100         0,00                      
58         0          100        0          100                1,00               100            1,00                     100        100        1.0               100         0,00                      
59         0          0          100        100                1,00               100            1,00                     100        100        1.0               100         0,00                      
60         0          100        0          100                1,00               100            1,00                     100        100        1.0               100         0,00                      
61         0          0          100        100                1,00               100            1,00                     100        100        1.0               100         0,00                      
62         0          100        0          100                1,00               100            1,00                     100        100        1.0               100         0,00                      
63         0          0          100        100                1,00               100            1,00                     100        100        1.0               100         0,00                      
64         0          100        0          100                1,00               100            1,00                     100        100        1.0               100         0,00                      
65         0          0          100        100                1,00               100            1,00                     100        100        1.0               100         0,00                      
66         0          100        0          100                1,00               100            1,00                     100        100        1.0               100         0,00                      
67         0          100        0          100                1,00               100            1,00                     100        100        1.0               100         0,00                      
68         100        3200       0          56100              17,00              3300           1,00                     3300       3300       33.0              100        - 3,03                     
69         3200       100        0          109000             33,03              3300           1,00                     3300       3300       33.0              100        -------------------- 96,97 
71         0          3200       0          102400             32,00              3200           1,00                     3200       3200       32.0              100         0,00                      
72         0          3200       0          102400             32,00              3200           1,00                     3200       3200       32.0              100         0,00                      
73         0          3200       0          102400             32,00              3200           1,00                     3200       3200       32.0              100         0,00                      
74         0          3200       0          102400             32,00              3200           1,00                     3200       3200       32.0              100         0,00                      
75         0          3200       0          102400             32,00              3200           1,00                     3200       3200       32.0              100         0,00                      
76         0          3200       0          102400             32,00              3200           1,00                     3200       3200       32.0              100         0,00                      
77         0          3200       0          102400             32,00              3200           1,00                     3200       3200       32.0              100         0,00                      
78         0          3200       0          102400             32,00              3200           1,00                     3200       3200       32.0              100         0,00                      
79         0          3200       0          102400             32,00              3200           1,00                     3200       3200       32.0              100         0,00                      
80         0          3200       0          102400             32,00              3200           1,00                     3200       3200       32.0              100         0,00                      
81         0          3200       0          102400             32,00              3200           1,00                     3200       3200       32.0              100         0,00                      
82         0          3200       0          102400             32,00              3200           1,00                     3200       3200       32.0              100         0,00                      
83         0          3200       0          102400             32,00              3200           1,00                     3200       3200       32.0              100         0,00                      
84         0          3200       0          102400             32,00              3200           1,00                     3200       3200       32.0              100         0,00                      
85         0          3200       0          102400             32,00              3200           1,00                     3200       3200       32.0              100         0,00                      
86         0          3200       0          102400             32,00              3200           1,00                     3200       3200       32.0              100         0,00                      
87         0          3200       0          102400             32,00              3200           1,00                     3200       3200       32.0              100         0,00                      
88         0          3200       0          102400             32,00              3200           1,00                     3200       3200       32.0              100         0,00                      
89         0          3200       0          102400             32,00              3200           1,00                     3200       3200       32.0              100         0,00                      
90         0          3200       0          102400             32,00              3200           1,00                     3200       3200       32.0              100         0,00                      
91         0          3200       0          102400             32,00              3200           1,00                     3200       3200       32.0              100         0,00                      
92         0          3200       0          102400             32,00              3200           1,00                     3200       3200       32.0              100         0,00                      
93         0          3200       0          102400             32,00              3200           1,00                     3200       3200       32.0              100         0,00                      
94         0          3200       0          102400             32,00              3200           1,00                     3200       3200       32.0              100         0,00                      
95         0          3200       0          102400             32,00              3200           1,00                     3200       3200       32.0              100         0,00                      
96         0          3200       0          102400             32,00              3200           1,00                     3200       3200       32.0              100         0,00                      
97         0          3200       0          102400             32,00              3200           1,00                     3200       3200       32.0              100         0,00                      
98         0          3200       0          102400             32,00              3200           1,00                     3200       3200       32.0              100         0,00                      
99         0          3200       0          102400             32,00              3200           1,00                     3200       3200       32.0              100         0,00                      
100        0          3200       0          102400             32,00              3200           1,00                     3200       3200       32.0              100         0,00                      
101        0          3200       0          102400             32,00              3200           1,00                     3200       3200       32.0              100         0,00                      
102        0          0          100        100                1,00               100            1,00                     100        100        1.0               100         0,00                      
103        0          100        0          100                1,00               100            1,00                     100        100        1.0               100         0,00                      
104        0          0          100        100                1,00               100            1,00                     100        100        1.0               100         0,00                      
105        0          100        0          100                1,00               100            1,00                     100        100        1.0               100         0,00                      
