Contains data to explore the size of task required for saturation
Size Task Exploration (STE)
Size Task : 5 10 20 50 250 
104 perturbation point
N Execution Enactor
PONE : Numerical Perturbator
One task of different size
Seed used for generate task is 23
#Tasks     IndexLoc   #Success   #Failure   #Exception #CallAllExecs      AvgCallPerExec     #Perturbations AvgPerturbationPerExec   #Execs     #CallRef   %Success                   
5          0          0          20         0          20                 1,00               20             1,00                     0          20          0,00                      
10         0          0          20         0          20                 1,00               20             1,00                     0          20          0,00                      
20         0          0          20         0          20                 1,00               20             1,00                     0          20          0,00                      
50         0          0          20         0          20                 1,00               20             1,00                     0          20          0,00                      
250        0          0          20         0          20                 1,00               20             1,00                     0          20          0,00                      
5          1          0          20         0          20                 1,00               20             1,00                     0          20          0,00                      
10         1          0          20         0          20                 1,00               20             1,00                     0          20          0,00                      
20         1          0          20         0          20                 1,00               20             1,00                     0          20          0,00                      
50         1          0          20         0          20                 1,00               20             1,00                     0          20          0,00                      
250        1          0          20         0          20                 1,00               20             1,00                     0          20          0,00                      
5          2          0          0          20         20                 1,00               20             1,00                     0          20          0,00                      
10         2          0          0          20         20                 1,00               20             1,00                     0          20          0,00                      
20         2          0          0          20         20                 1,00               20             1,00                     0          20          0,00                      
50         2          0          0          20         20                 1,00               20             1,00                     0          20          0,00                      
250        2          0          0          20         20                 1,00               20             1,00                     0          20          0,00                      
5          3          0          20         0          20                 1,00               20             1,00                     0          20          0,00                      
10         3          0          20         0          20                 1,00               20             1,00                     0          20          0,00                      
20         3          0          20         0          20                 1,00               20             1,00                     0          20          0,00                      
50         3          0          20         0          20                 1,00               20             1,00                     0          20          0,00                      
250        3          0          20         0          20                 1,00               20             1,00                     0          20          0,00                      
5          4          0          20         0          20                 1,00               20             1,00                     0          20          0,00                      
10         4          0          20         0          20                 1,00               20             1,00                     0          20          0,00                      
20         4          0          20         0          20                 1,00               20             1,00                     0          20          0,00                      
50         4          0          20         0          20                 1,00               20             1,00                     0          20          0,00                      
250        4          0          20         0          20                 1,00               20             1,00                     0          20          0,00                      
5          5          0          20         0          20                 1,00               20             1,00                     0          20          0,00                      
10         5          0          20         0          20                 1,00               20             1,00                     0          20          0,00                      
20         5          0          20         0          20                 1,00               20             1,00                     0          20          0,00                      
50         5          0          20         0          20                 1,00               20             1,00                     0          20          0,00                      
250        5          0          20         0          20                 1,00               20             1,00                     0          20          0,00                      
5          6          0          20         0          20                 1,00               20             1,00                     0          20          0,00                      
10         6          0          20         0          20                 1,00               20             1,00                     0          20          0,00                      
20         6          0          20         0          20                 1,00               20             1,00                     0          20          0,00                      
50         6          0          20         0          20                 1,00               20             1,00                     0          20          0,00                      
250        6          0          20         0          20                 1,00               20             1,00                     0          20          0,00                      
5          7          0          20         0          20                 1,00               20             1,00                     0          20          0,00                      
10         7          0          20         0          20                 1,00               20             1,00                     0          20          0,00                      
20         7          0          20         0          20                 1,00               20             1,00                     0          20          0,00                      
50         7          0          20         0          20                 1,00               20             1,00                     0          20          0,00                      
250        7          0          20         0          20                 1,00               20             1,00                     0          20          0,00                      
5          8          0          20         0          20                 1,00               20             1,00                     0          20          0,00                      
10         8          0          20         0          20                 1,00               20             1,00                     0          20          0,00                      
20         8          0          20         0          20                 1,00               20             1,00                     0          20          0,00                      
50         8          0          20         0          20                 1,00               20             1,00                     0          20          0,00                      
250        8          0          20         0          20                 1,00               20             1,00                     0          20          0,00                      
5          9          0          20         0          20                 1,00               20             1,00                     0          20          0,00                      
10         9          0          20         0          20                 1,00               20             1,00                     0          20          0,00                      
20         9          0          20         0          20                 1,00               20             1,00                     0          20          0,00                      
50         9          0          20         0          20                 1,00               20             1,00                     0          20          0,00                      
250        9          0          20         0          20                 1,00               20             1,00                     0          20          0,00                      
5          10         0          20         0          20                 1,00               20             1,00                     0          20          0,00                      
10         10         0          20         0          20                 1,00               20             1,00                     0          20          0,00                      
20         10         0          20         0          20                 1,00               20             1,00                     0          20          0,00                      
50         10         0          20         0          20                 1,00               20             1,00                     0          20          0,00                      
250        10         0          20         0          20                 1,00               20             1,00                     0          20          0,00                      
5          11         0          20         0          20                 1,00               20             1,00                     0          20          0,00                      
10         11         0          20         0          20                 1,00               20             1,00                     0          20          0,00                      
20         11         0          20         0          20                 1,00               20             1,00                     0          20          0,00                      
50         11         0          20         0          20                 1,00               20             1,00                     0          20          0,00                      
250        11         0          20         0          20                 1,00               20             1,00                     0          20          0,00                      
5          12         0          0          20         20                 1,00               20             1,00                     0          20          0,00                      
10         12         0          0          20         20                 1,00               20             1,00                     0          20          0,00                      
20         12         0          0          20         20                 1,00               20             1,00                     0          20          0,00                      
50         12         0          0          20         20                 1,00               20             1,00                     0          20          0,00                      
250        12         0          0          20         20                 1,00               20             1,00                     0          20          0,00                      
5          13         0          20         0          20                 1,00               20             1,00                     0          20          0,00                      
10         13         0          20         0          20                 1,00               20             1,00                     0          20          0,00                      
20         13         0          20         0          20                 1,00               20             1,00                     0          20          0,00                      
50         13         0          20         0          20                 1,00               20             1,00                     0          20          0,00                      
250        13         0          20         0          20                 1,00               20             1,00                     0          20          0,00                      
5          14         0          20         0          20                 1,00               20             1,00                     0          20          0,00                      
10         14         0          20         0          20                 1,00               20             1,00                     0          20          0,00                      
20         14         0          20         0          20                 1,00               20             1,00                     0          20          0,00                      
50         14         0          20         0          20                 1,00               20             1,00                     0          20          0,00                      
250        14         0          20         0          20                 1,00               20             1,00                     0          20          0,00                      
5          15         640        20         0          21760              32,97              660            1,00                     0          660        -------------------- 96,97 
10         15         640        20         0          21760              32,97              660            1,00                     0          660        -------------------- 96,97 
20         15         640        20         0          21760              32,97              660            1,00                     0          660        -------------------- 96,97 
50         15         640        20         0          21760              32,97              660            1,00                     0          660        -------------------- 96,97 
250        15         640        20         0          21760              32,97              660            1,00                     0          660        -------------------- 96,97 
5          16         640        20         0          21800              33,03              660            1,00                     0          660        -------------------- 96,97 
10         16         640        20         0          21800              33,03              660            1,00                     0          660        -------------------- 96,97 
20         16         640        20         0          21800              33,03              660            1,00                     0          660        -------------------- 96,97 
50         16         640        20         0          21800              33,03              660            1,00                     0          660        -------------------- 96,97 
250        16         640        20         0          21800              33,03              660            1,00                     0          660        -------------------- 96,97 
5          18         0          640        0          20480              32,00              640            1,00                     0          640         0,00                      
10         18         0          640        0          20480              32,00              640            1,00                     0          640         0,00                      
20         18         0          640        0          20480              32,00              640            1,00                     0          640         0,00                      
50         18         0          640        0          20480              32,00              640            1,00                     0          640         0,00                      
250        18         0          640        0          20480              32,00              640            1,00                     0          640         0,00                      
5          19         0          640        0          20480              32,00              640            1,00                     0          640         0,00                      
10         19         0          640        0          20480              32,00              640            1,00                     0          640         0,00                      
20         19         0          640        0          20480              32,00              640            1,00                     0          640         0,00                      
50         19         0          640        0          20480              32,00              640            1,00                     0          640         0,00                      
250        19         0          640        0          20480              32,00              640            1,00                     0          640         0,00                      
5          20         0          640        0          20480              32,00              640            1,00                     0          640         0,00                      
10         20         0          640        0          20480              32,00              640            1,00                     0          640         0,00                      
20         20         0          640        0          20480              32,00              640            1,00                     0          640         0,00                      
50         20         0          640        0          20480              32,00              640            1,00                     0          640         0,00                      
250        20         0          640        0          20480              32,00              640            1,00                     0          640         0,00                      
5          21         0          640        0          20480              32,00              640            1,00                     0          640         0,00                      
10         21         0          640        0          20480              32,00              640            1,00                     0          640         0,00                      
20         21         0          640        0          20480              32,00              640            1,00                     0          640         0,00                      
50         21         0          640        0          20480              32,00              640            1,00                     0          640         0,00                      
250        21         0          640        0          20480              32,00              640            1,00                     0          640         0,00                      
5          22         0          640        0          20480              32,00              640            1,00                     0          640         0,00                      
10         22         0          640        0          20480              32,00              640            1,00                     0          640         0,00                      
20         22         0          640        0          20480              32,00              640            1,00                     0          640         0,00                      
50         22         0          640        0          20480              32,00              640            1,00                     0          640         0,00                      
250        22         0          640        0          20480              32,00              640            1,00                     0          640         0,00                      
5          23         0          640        0          20480              32,00              640            1,00                     0          640         0,00                      
10         23         0          640        0          20480              32,00              640            1,00                     0          640         0,00                      
20         23         0          640        0          20480              32,00              640            1,00                     0          640         0,00                      
50         23         0          640        0          20480              32,00              640            1,00                     0          640         0,00                      
250        23         0          640        0          20480              32,00              640            1,00                     0          640         0,00                      
5          24         0          640        0          20480              32,00              640            1,00                     0          640         0,00                      
10         24         0          640        0          20480              32,00              640            1,00                     0          640         0,00                      
20         24         0          640        0          20480              32,00              640            1,00                     0          640         0,00                      
50         24         0          640        0          20480              32,00              640            1,00                     0          640         0,00                      
250        24         0          640        0          20480              32,00              640            1,00                     0          640         0,00                      
5          25         0          640        0          20480              32,00              640            1,00                     0          640         0,00                      
10         25         0          640        0          20480              32,00              640            1,00                     0          640         0,00                      
20         25         0          640        0          20480              32,00              640            1,00                     0          640         0,00                      
50         25         0          640        0          20480              32,00              640            1,00                     0          640         0,00                      
250        25         0          640        0          20480              32,00              640            1,00                     0          640         0,00                      
5          26         0          640        0          20480              32,00              640            1,00                     0          640         0,00                      
10         26         0          640        0          20480              32,00              640            1,00                     0          640         0,00                      
20         26         0          640        0          20480              32,00              640            1,00                     0          640         0,00                      
50         26         0          640        0          20480              32,00              640            1,00                     0          640         0,00                      
250        26         0          640        0          20480              32,00              640            1,00                     0          640         0,00                      
5          27         619        21         0          20480              32,00              640            1,00                     0          640        -------------------- 96,72 
10         27         619        21         0          20480              32,00              640            1,00                     0          640        -------------------- 96,72 
20         27         619        21         0          20480              32,00              640            1,00                     0          640        -------------------- 96,72 
50         27         619        21         0          20480              32,00              640            1,00                     0          640        -------------------- 96,72 
250        27         619        21         0          20480              32,00              640            1,00                     0          640        -------------------- 96,72 
5          28         0          640        0          20480              32,00              640            1,00                     0          640         0,00                      
10         28         0          640        0          20480              32,00              640            1,00                     0          640         0,00                      
20         28         0          640        0          20480              32,00              640            1,00                     0          640         0,00                      
50         28         0          640        0          20480              32,00              640            1,00                     0          640         0,00                      
250        28         0          640        0          20480              32,00              640            1,00                     0          640         0,00                      
5          29         0          640        0          20480              32,00              640            1,00                     0          640         0,00                      
10         29         0          640        0          20480              32,00              640            1,00                     0          640         0,00                      
20         29         0          640        0          20480              32,00              640            1,00                     0          640         0,00                      
50         29         0          640        0          20480              32,00              640            1,00                     0          640         0,00                      
250        29         0          640        0          20480              32,00              640            1,00                     0          640         0,00                      
5          30         0          640        0          20480              32,00              640            1,00                     0          640         0,00                      
10         30         0          640        0          20480              32,00              640            1,00                     0          640         0,00                      
20         30         0          640        0          20480              32,00              640            1,00                     0          640         0,00                      
50         30         0          640        0          20480              32,00              640            1,00                     0          640         0,00                      
250        30         0          640        0          20480              32,00              640            1,00                     0          640         0,00                      
5          31         0          640        0          20480              32,00              640            1,00                     0          640         0,00                      
10         31         0          640        0          20480              32,00              640            1,00                     0          640         0,00                      
20         31         0          640        0          20480              32,00              640            1,00                     0          640         0,00                      
50         31         0          640        0          20480              32,00              640            1,00                     0          640         0,00                      
250        31         0          640        0          20480              32,00              640            1,00                     0          640         0,00                      
5          32         0          640        0          20480              32,00              640            1,00                     0          640         0,00                      
10         32         0          640        0          20480              32,00              640            1,00                     0          640         0,00                      
20         32         0          640        0          20480              32,00              640            1,00                     0          640         0,00                      
50         32         0          640        0          20480              32,00              640            1,00                     0          640         0,00                      
250        32         0          640        0          20480              32,00              640            1,00                     0          640         0,00                      
5          33         0          640        0          20480              32,00              640            1,00                     0          640         0,00                      
10         33         0          640        0          20480              32,00              640            1,00                     0          640         0,00                      
20         33         0          640        0          20480              32,00              640            1,00                     0          640         0,00                      
50         33         0          640        0          20480              32,00              640            1,00                     0          640         0,00                      
250        33         0          640        0          20480              32,00              640            1,00                     0          640         0,00                      
5          34         0          640        0          20480              32,00              640            1,00                     0          640         0,00                      
10         34         0          640        0          20480              32,00              640            1,00                     0          640         0,00                      
20         34         0          640        0          20480              32,00              640            1,00                     0          640         0,00                      
50         34         0          640        0          20480              32,00              640            1,00                     0          640         0,00                      
250        34         0          640        0          20480              32,00              640            1,00                     0          640         0,00                      
5          35         0          640        0          20480              32,00              640            1,00                     0          640         0,00                      
10         35         0          640        0          20480              32,00              640            1,00                     0          640         0,00                      
20         35         0          640        0          20480              32,00              640            1,00                     0          640         0,00                      
50         35         0          640        0          20480              32,00              640            1,00                     0          640         0,00                      
250        35         0          640        0          20480              32,00              640            1,00                     0          640         0,00                      
5          36         0          640        0          20480              32,00              640            1,00                     0          640         0,00                      
10         36         0          640        0          20480              32,00              640            1,00                     0          640         0,00                      
20         36         0          640        0          20480              32,00              640            1,00                     0          640         0,00                      
50         36         0          640        0          20480              32,00              640            1,00                     0          640         0,00                      
250        36         0          640        0          20480              32,00              640            1,00                     0          640         0,00                      
5          37         0          640        0          20480              32,00              640            1,00                     0          640         0,00                      
10         37         0          640        0          20480              32,00              640            1,00                     0          640         0,00                      
20         37         0          640        0          20480              32,00              640            1,00                     0          640         0,00                      
50         37         0          640        0          20480              32,00              640            1,00                     0          640         0,00                      
250        37         0          640        0          20480              32,00              640            1,00                     0          640         0,00                      
5          38         0          640        0          20480              32,00              640            1,00                     0          640         0,00                      
10         38         0          640        0          20480              32,00              640            1,00                     0          640         0,00                      
20         38         0          640        0          20480              32,00              640            1,00                     0          640         0,00                      
50         38         0          640        0          20480              32,00              640            1,00                     0          640         0,00                      
250        38         0          640        0          20480              32,00              640            1,00                     0          640         0,00                      
5          39         0          640        0          20480              32,00              640            1,00                     0          640         0,00                      
10         39         0          640        0          20480              32,00              640            1,00                     0          640         0,00                      
20         39         0          640        0          20480              32,00              640            1,00                     0          640         0,00                      
50         39         0          640        0          20480              32,00              640            1,00                     0          640         0,00                      
250        39         0          640        0          20480              32,00              640            1,00                     0          640         0,00                      
5          40         0          640        0          20480              32,00              640            1,00                     0          640         0,00                      
10         40         0          640        0          20480              32,00              640            1,00                     0          640         0,00                      
20         40         0          640        0          20480              32,00              640            1,00                     0          640         0,00                      
50         40         0          640        0          20480              32,00              640            1,00                     0          640         0,00                      
250        40         0          640        0          20480              32,00              640            1,00                     0          640         0,00                      
5          41         0          640        0          20480              32,00              640            1,00                     0          640         0,00                      
10         41         0          640        0          20480              32,00              640            1,00                     0          640         0,00                      
20         41         0          640        0          20480              32,00              640            1,00                     0          640         0,00                      
50         41         0          640        0          20480              32,00              640            1,00                     0          640         0,00                      
250        41         0          640        0          20480              32,00              640            1,00                     0          640         0,00                      
5          42         617        23         0          20480              32,00              640            1,00                     0          640        -------------------- 96,41 
10         42         617        23         0          20480              32,00              640            1,00                     0          640        -------------------- 96,41 
20         42         617        23         0          20480              32,00              640            1,00                     0          640        -------------------- 96,41 
50         42         617        23         0          20480              32,00              640            1,00                     0          640        -------------------- 96,41 
250        42         617        23         0          20480              32,00              640            1,00                     0          640        -------------------- 96,41 
5          43         0          640        0          20480              32,00              640            1,00                     0          640         0,00                      
10         43         0          640        0          20480              32,00              640            1,00                     0          640         0,00                      
20         43         0          640        0          20480              32,00              640            1,00                     0          640         0,00                      
50         43         0          640        0          20480              32,00              640            1,00                     0          640         0,00                      
250        43         0          640        0          20480              32,00              640            1,00                     0          640         0,00                      
5          44         0          640        0          20480              32,00              640            1,00                     0          640         0,00                      
10         44         0          640        0          20480              32,00              640            1,00                     0          640         0,00                      
20         44         0          640        0          20480              32,00              640            1,00                     0          640         0,00                      
50         44         0          640        0          20480              32,00              640            1,00                     0          640         0,00                      
250        44         0          640        0          20480              32,00              640            1,00                     0          640         0,00                      
5          45         0          640        0          20480              32,00              640            1,00                     0          640         0,00                      
10         45         0          640        0          20480              32,00              640            1,00                     0          640         0,00                      
20         45         0          640        0          20480              32,00              640            1,00                     0          640         0,00                      
50         45         0          640        0          20480              32,00              640            1,00                     0          640         0,00                      
250        45         0          640        0          20480              32,00              640            1,00                     0          640         0,00                      
5          46         0          640        0          20480              32,00              640            1,00                     0          640         0,00                      
10         46         0          640        0          20480              32,00              640            1,00                     0          640         0,00                      
20         46         0          640        0          20480              32,00              640            1,00                     0          640         0,00                      
50         46         0          640        0          20480              32,00              640            1,00                     0          640         0,00                      
250        46         0          640        0          20480              32,00              640            1,00                     0          640         0,00                      
5          47         0          640        0          20480              32,00              640            1,00                     0          640         0,00                      
10         47         0          640        0          20480              32,00              640            1,00                     0          640         0,00                      
20         47         0          640        0          20480              32,00              640            1,00                     0          640         0,00                      
50         47         0          640        0          20480              32,00              640            1,00                     0          640         0,00                      
250        47         0          640        0          20480              32,00              640            1,00                     0          640         0,00                      
5          48         20         620        0          20480              32,00              640            1,00                     0          640        - 3,13                     
10         48         20         620        0          20480              32,00              640            1,00                     0          640        - 3,13                     
20         48         20         620        0          20480              32,00              640            1,00                     0          640        - 3,13                     
50         48         20         620        0          20480              32,00              640            1,00                     0          640        - 3,13                     
250        48         20         620        0          20480              32,00              640            1,00                     0          640        - 3,13                     
5          49         0          20         0          20                 1,00               20             1,00                     0          20          0,00                      
10         49         0          20         0          20                 1,00               20             1,00                     0          20          0,00                      
20         49         0          20         0          20                 1,00               20             1,00                     0          20          0,00                      
50         49         0          20         0          20                 1,00               20             1,00                     0          20          0,00                      
250        49         0          20         0          20                 1,00               20             1,00                     0          20          0,00                      
5          50         0          20         0          20                 1,00               20             1,00                     0          20          0,00                      
10         50         0          20         0          20                 1,00               20             1,00                     0          20          0,00                      
20         50         0          20         0          20                 1,00               20             1,00                     0          20          0,00                      
50         50         0          20         0          20                 1,00               20             1,00                     0          20          0,00                      
250        50         0          20         0          20                 1,00               20             1,00                     0          20          0,00                      
5          51         0          0          20         20                 1,00               20             1,00                     0          20          0,00                      
10         51         0          0          20         20                 1,00               20             1,00                     0          20          0,00                      
20         51         0          0          20         20                 1,00               20             1,00                     0          20          0,00                      
50         51         0          0          20         20                 1,00               20             1,00                     0          20          0,00                      
250        51         0          0          20         20                 1,00               20             1,00                     0          20          0,00                      
5          52         0          20         0          20                 1,00               20             1,00                     0          20          0,00                      
10         52         0          20         0          20                 1,00               20             1,00                     0          20          0,00                      
20         52         0          20         0          20                 1,00               20             1,00                     0          20          0,00                      
50         52         0          20         0          20                 1,00               20             1,00                     0          20          0,00                      
250        52         0          20         0          20                 1,00               20             1,00                     0          20          0,00                      
5          53         0          20         0          20                 1,00               20             1,00                     0          20          0,00                      
10         53         0          20         0          20                 1,00               20             1,00                     0          20          0,00                      
20         53         0          20         0          20                 1,00               20             1,00                     0          20          0,00                      
50         53         0          20         0          20                 1,00               20             1,00                     0          20          0,00                      
250        53         0          20         0          20                 1,00               20             1,00                     0          20          0,00                      
5          54         0          20         0          20                 1,00               20             1,00                     0          20          0,00                      
10         54         0          20         0          20                 1,00               20             1,00                     0          20          0,00                      
20         54         0          20         0          20                 1,00               20             1,00                     0          20          0,00                      
50         54         0          20         0          20                 1,00               20             1,00                     0          20          0,00                      
250        54         0          20         0          20                 1,00               20             1,00                     0          20          0,00                      
5          55         0          0          20         20                 1,00               20             1,00                     0          20          0,00                      
10         55         0          0          20         20                 1,00               20             1,00                     0          20          0,00                      
20         55         0          0          20         20                 1,00               20             1,00                     0          20          0,00                      
50         55         0          0          20         20                 1,00               20             1,00                     0          20          0,00                      
250        55         0          0          20         20                 1,00               20             1,00                     0          20          0,00                      
5          56         0          20         0          20                 1,00               20             1,00                     0          20          0,00                      
10         56         0          20         0          20                 1,00               20             1,00                     0          20          0,00                      
20         56         0          20         0          20                 1,00               20             1,00                     0          20          0,00                      
50         56         0          20         0          20                 1,00               20             1,00                     0          20          0,00                      
250        56         0          20         0          20                 1,00               20             1,00                     0          20          0,00                      
5          57         0          20         0          20                 1,00               20             1,00                     0          20          0,00                      
10         57         0          20         0          20                 1,00               20             1,00                     0          20          0,00                      
20         57         0          20         0          20                 1,00               20             1,00                     0          20          0,00                      
50         57         0          20         0          20                 1,00               20             1,00                     0          20          0,00                      
250        57         0          20         0          20                 1,00               20             1,00                     0          20          0,00                      
5          58         0          20         0          20                 1,00               20             1,00                     0          20          0,00                      
10         58         0          20         0          20                 1,00               20             1,00                     0          20          0,00                      
20         58         0          20         0          20                 1,00               20             1,00                     0          20          0,00                      
50         58         0          20         0          20                 1,00               20             1,00                     0          20          0,00                      
250        58         0          20         0          20                 1,00               20             1,00                     0          20          0,00                      
5          59         0          20         0          20                 1,00               20             1,00                     0          20          0,00                      
10         59         0          20         0          20                 1,00               20             1,00                     0          20          0,00                      
20         59         0          20         0          20                 1,00               20             1,00                     0          20          0,00                      
50         59         0          20         0          20                 1,00               20             1,00                     0          20          0,00                      
250        59         0          20         0          20                 1,00               20             1,00                     0          20          0,00                      
5          60         0          20         0          20                 1,00               20             1,00                     0          20          0,00                      
10         60         0          20         0          20                 1,00               20             1,00                     0          20          0,00                      
20         60         0          20         0          20                 1,00               20             1,00                     0          20          0,00                      
50         60         0          20         0          20                 1,00               20             1,00                     0          20          0,00                      
250        60         0          20         0          20                 1,00               20             1,00                     0          20          0,00                      
5          61         0          20         0          20                 1,00               20             1,00                     0          20          0,00                      
10         61         0          20         0          20                 1,00               20             1,00                     0          20          0,00                      
20         61         0          20         0          20                 1,00               20             1,00                     0          20          0,00                      
50         61         0          20         0          20                 1,00               20             1,00                     0          20          0,00                      
250        61         0          20         0          20                 1,00               20             1,00                     0          20          0,00                      
5          62         0          20         0          20                 1,00               20             1,00                     0          20          0,00                      
10         62         0          20         0          20                 1,00               20             1,00                     0          20          0,00                      
20         62         0          20         0          20                 1,00               20             1,00                     0          20          0,00                      
50         62         0          20         0          20                 1,00               20             1,00                     0          20          0,00                      
250        62         0          20         0          20                 1,00               20             1,00                     0          20          0,00                      
5          63         0          20         0          20                 1,00               20             1,00                     0          20          0,00                      
10         63         0          20         0          20                 1,00               20             1,00                     0          20          0,00                      
20         63         0          20         0          20                 1,00               20             1,00                     0          20          0,00                      
50         63         0          20         0          20                 1,00               20             1,00                     0          20          0,00                      
250        63         0          20         0          20                 1,00               20             1,00                     0          20          0,00                      
5          64         0          20         0          20                 1,00               20             1,00                     0          20          0,00                      
10         64         0          20         0          20                 1,00               20             1,00                     0          20          0,00                      
20         64         0          20         0          20                 1,00               20             1,00                     0          20          0,00                      
50         64         0          20         0          20                 1,00               20             1,00                     0          20          0,00                      
250        64         0          20         0          20                 1,00               20             1,00                     0          20          0,00                      
5          65         0          0          20         20                 1,00               20             1,00                     0          20          0,00                      
10         65         0          0          20         20                 1,00               20             1,00                     0          20          0,00                      
20         65         0          0          20         20                 1,00               20             1,00                     0          20          0,00                      
50         65         0          0          20         20                 1,00               20             1,00                     0          20          0,00                      
250        65         0          0          20         20                 1,00               20             1,00                     0          20          0,00                      
5          66         0          20         0          20                 1,00               20             1,00                     0          20          0,00                      
10         66         0          20         0          20                 1,00               20             1,00                     0          20          0,00                      
20         66         0          20         0          20                 1,00               20             1,00                     0          20          0,00                      
50         66         0          20         0          20                 1,00               20             1,00                     0          20          0,00                      
250        66         0          20         0          20                 1,00               20             1,00                     0          20          0,00                      
5          67         0          20         0          20                 1,00               20             1,00                     0          20          0,00                      
10         67         0          20         0          20                 1,00               20             1,00                     0          20          0,00                      
20         67         0          20         0          20                 1,00               20             1,00                     0          20          0,00                      
50         67         0          20         0          20                 1,00               20             1,00                     0          20          0,00                      
250        67         0          20         0          20                 1,00               20             1,00                     0          20          0,00                      
5          68         640        20         0          21760              32,97              660            1,00                     0          660        -------------------- 96,97 
10         68         640        20         0          21760              32,97              660            1,00                     0          660        -------------------- 96,97 
20         68         640        20         0          21760              32,97              660            1,00                     0          660        -------------------- 96,97 
50         68         640        20         0          21760              32,97              660            1,00                     0          660        -------------------- 96,97 
250        68         640        20         0          21760              32,97              660            1,00                     0          660        -------------------- 96,97 
5          69         640        20         0          21800              33,03              660            1,00                     0          660        -------------------- 96,97 
10         69         640        20         0          21800              33,03              660            1,00                     0          660        -------------------- 96,97 
20         69         640        20         0          21800              33,03              660            1,00                     0          660        -------------------- 96,97 
50         69         640        20         0          21800              33,03              660            1,00                     0          660        -------------------- 96,97 
250        69         640        20         0          21800              33,03              660            1,00                     0          660        -------------------- 96,97 
5          71         0          640        0          20480              32,00              640            1,00                     0          640         0,00                      
10         71         0          640        0          20480              32,00              640            1,00                     0          640         0,00                      
20         71         0          640        0          20480              32,00              640            1,00                     0          640         0,00                      
50         71         0          640        0          20480              32,00              640            1,00                     0          640         0,00                      
250        71         0          640        0          20480              32,00              640            1,00                     0          640         0,00                      
5          72         0          640        0          20480              32,00              640            1,00                     0          640         0,00                      
10         72         0          640        0          20480              32,00              640            1,00                     0          640         0,00                      
20         72         0          640        0          20480              32,00              640            1,00                     0          640         0,00                      
50         72         0          640        0          20480              32,00              640            1,00                     0          640         0,00                      
250        72         0          640        0          20480              32,00              640            1,00                     0          640         0,00                      
5          73         0          640        0          20480              32,00              640            1,00                     0          640         0,00                      
10         73         0          640        0          20480              32,00              640            1,00                     0          640         0,00                      
20         73         0          640        0          20480              32,00              640            1,00                     0          640         0,00                      
50         73         0          640        0          20480              32,00              640            1,00                     0          640         0,00                      
250        73         0          640        0          20480              32,00              640            1,00                     0          640         0,00                      
5          74         0          640        0          20480              32,00              640            1,00                     0          640         0,00                      
10         74         0          640        0          20480              32,00              640            1,00                     0          640         0,00                      
20         74         0          640        0          20480              32,00              640            1,00                     0          640         0,00                      
50         74         0          640        0          20480              32,00              640            1,00                     0          640         0,00                      
250        74         0          640        0          20480              32,00              640            1,00                     0          640         0,00                      
5          75         0          640        0          20480              32,00              640            1,00                     0          640         0,00                      
10         75         0          640        0          20480              32,00              640            1,00                     0          640         0,00                      
20         75         0          640        0          20480              32,00              640            1,00                     0          640         0,00                      
50         75         0          640        0          20480              32,00              640            1,00                     0          640         0,00                      
250        75         0          640        0          20480              32,00              640            1,00                     0          640         0,00                      
5          76         0          640        0          20480              32,00              640            1,00                     0          640         0,00                      
10         76         0          640        0          20480              32,00              640            1,00                     0          640         0,00                      
20         76         0          640        0          20480              32,00              640            1,00                     0          640         0,00                      
50         76         0          640        0          20480              32,00              640            1,00                     0          640         0,00                      
250        76         0          640        0          20480              32,00              640            1,00                     0          640         0,00                      
5          77         0          640        0          20480              32,00              640            1,00                     0          640         0,00                      
10         77         0          640        0          20480              32,00              640            1,00                     0          640         0,00                      
20         77         0          640        0          20480              32,00              640            1,00                     0          640         0,00                      
50         77         0          640        0          20480              32,00              640            1,00                     0          640         0,00                      
250        77         0          640        0          20480              32,00              640            1,00                     0          640         0,00                      
5          78         0          640        0          20480              32,00              640            1,00                     0          640         0,00                      
10         78         0          640        0          20480              32,00              640            1,00                     0          640         0,00                      
20         78         0          640        0          20480              32,00              640            1,00                     0          640         0,00                      
50         78         0          640        0          20480              32,00              640            1,00                     0          640         0,00                      
250        78         0          640        0          20480              32,00              640            1,00                     0          640         0,00                      
5          79         0          640        0          20480              32,00              640            1,00                     0          640         0,00                      
10         79         0          640        0          20480              32,00              640            1,00                     0          640         0,00                      
20         79         0          640        0          20480              32,00              640            1,00                     0          640         0,00                      
50         79         0          640        0          20480              32,00              640            1,00                     0          640         0,00                      
250        79         0          640        0          20480              32,00              640            1,00                     0          640         0,00                      
5          80         0          640        0          20480              32,00              640            1,00                     0          640         0,00                      
10         80         0          640        0          20480              32,00              640            1,00                     0          640         0,00                      
20         80         0          640        0          20480              32,00              640            1,00                     0          640         0,00                      
50         80         0          640        0          20480              32,00              640            1,00                     0          640         0,00                      
250        80         0          640        0          20480              32,00              640            1,00                     0          640         0,00                      
5          81         617        23         0          20480              32,00              640            1,00                     0          640        -------------------- 96,41 
10         81         617        23         0          20480              32,00              640            1,00                     0          640        -------------------- 96,41 
20         81         617        23         0          20480              32,00              640            1,00                     0          640        -------------------- 96,41 
50         81         617        23         0          20480              32,00              640            1,00                     0          640        -------------------- 96,41 
250        81         617        23         0          20480              32,00              640            1,00                     0          640        -------------------- 96,41 
5          82         0          640        0          20480              32,00              640            1,00                     0          640         0,00                      
10         82         0          640        0          20480              32,00              640            1,00                     0          640         0,00                      
20         82         0          640        0          20480              32,00              640            1,00                     0          640         0,00                      
50         82         0          640        0          20480              32,00              640            1,00                     0          640         0,00                      
250        82         0          640        0          20480              32,00              640            1,00                     0          640         0,00                      
5          83         0          640        0          20480              32,00              640            1,00                     0          640         0,00                      
10         83         0          640        0          20480              32,00              640            1,00                     0          640         0,00                      
20         83         0          640        0          20480              32,00              640            1,00                     0          640         0,00                      
50         83         0          640        0          20480              32,00              640            1,00                     0          640         0,00                      
250        83         0          640        0          20480              32,00              640            1,00                     0          640         0,00                      
5          84         0          640        0          20480              32,00              640            1,00                     0          640         0,00                      
10         84         0          640        0          20480              32,00              640            1,00                     0          640         0,00                      
20         84         0          640        0          20480              32,00              640            1,00                     0          640         0,00                      
50         84         0          640        0          20480              32,00              640            1,00                     0          640         0,00                      
250        84         0          640        0          20480              32,00              640            1,00                     0          640         0,00                      
5          85         0          640        0          20480              32,00              640            1,00                     0          640         0,00                      
10         85         0          640        0          20480              32,00              640            1,00                     0          640         0,00                      
20         85         0          640        0          20480              32,00              640            1,00                     0          640         0,00                      
50         85         0          640        0          20480              32,00              640            1,00                     0          640         0,00                      
250        85         0          640        0          20480              32,00              640            1,00                     0          640         0,00                      
5          86         0          640        0          20480              32,00              640            1,00                     0          640         0,00                      
10         86         0          640        0          20480              32,00              640            1,00                     0          640         0,00                      
20         86         0          640        0          20480              32,00              640            1,00                     0          640         0,00                      
50         86         0          640        0          20480              32,00              640            1,00                     0          640         0,00                      
250        86         0          640        0          20480              32,00              640            1,00                     0          640         0,00                      
5          87         0          640        0          20480              32,00              640            1,00                     0          640         0,00                      
10         87         0          640        0          20480              32,00              640            1,00                     0          640         0,00                      
20         87         0          640        0          20480              32,00              640            1,00                     0          640         0,00                      
50         87         0          640        0          20480              32,00              640            1,00                     0          640         0,00                      
250        87         0          640        0          20480              32,00              640            1,00                     0          640         0,00                      
5          88         0          640        0          20480              32,00              640            1,00                     0          640         0,00                      
10         88         0          640        0          20480              32,00              640            1,00                     0          640         0,00                      
20         88         0          640        0          20480              32,00              640            1,00                     0          640         0,00                      
50         88         0          640        0          20480              32,00              640            1,00                     0          640         0,00                      
250        88         0          640        0          20480              32,00              640            1,00                     0          640         0,00                      
5          89         0          640        0          20480              32,00              640            1,00                     0          640         0,00                      
10         89         0          640        0          20480              32,00              640            1,00                     0          640         0,00                      
20         89         0          640        0          20480              32,00              640            1,00                     0          640         0,00                      
50         89         0          640        0          20480              32,00              640            1,00                     0          640         0,00                      
250        89         0          640        0          20480              32,00              640            1,00                     0          640         0,00                      
5          90         0          640        0          20480              32,00              640            1,00                     0          640         0,00                      
10         90         0          640        0          20480              32,00              640            1,00                     0          640         0,00                      
20         90         0          640        0          20480              32,00              640            1,00                     0          640         0,00                      
50         90         0          640        0          20480              32,00              640            1,00                     0          640         0,00                      
250        90         0          640        0          20480              32,00              640            1,00                     0          640         0,00                      
5          91         0          640        0          20480              32,00              640            1,00                     0          640         0,00                      
10         91         0          640        0          20480              32,00              640            1,00                     0          640         0,00                      
20         91         0          640        0          20480              32,00              640            1,00                     0          640         0,00                      
50         91         0          640        0          20480              32,00              640            1,00                     0          640         0,00                      
250        91         0          640        0          20480              32,00              640            1,00                     0          640         0,00                      
5          92         0          640        0          20480              32,00              640            1,00                     0          640         0,00                      
10         92         0          640        0          20480              32,00              640            1,00                     0          640         0,00                      
20         92         0          640        0          20480              32,00              640            1,00                     0          640         0,00                      
50         92         0          640        0          20480              32,00              640            1,00                     0          640         0,00                      
250        92         0          640        0          20480              32,00              640            1,00                     0          640         0,00                      
5          93         0          640        0          20480              32,00              640            1,00                     0          640         0,00                      
10         93         0          640        0          20480              32,00              640            1,00                     0          640         0,00                      
20         93         0          640        0          20480              32,00              640            1,00                     0          640         0,00                      
50         93         0          640        0          20480              32,00              640            1,00                     0          640         0,00                      
250        93         0          640        0          20480              32,00              640            1,00                     0          640         0,00                      
5          94         0          640        0          20480              32,00              640            1,00                     0          640         0,00                      
10         94         0          640        0          20480              32,00              640            1,00                     0          640         0,00                      
20         94         0          640        0          20480              32,00              640            1,00                     0          640         0,00                      
50         94         0          640        0          20480              32,00              640            1,00                     0          640         0,00                      
250        94         0          640        0          20480              32,00              640            1,00                     0          640         0,00                      
5          95         0          640        0          20480              32,00              640            1,00                     0          640         0,00                      
10         95         0          640        0          20480              32,00              640            1,00                     0          640         0,00                      
20         95         0          640        0          20480              32,00              640            1,00                     0          640         0,00                      
50         95         0          640        0          20480              32,00              640            1,00                     0          640         0,00                      
250        95         0          640        0          20480              32,00              640            1,00                     0          640         0,00                      
5          96         619        21         0          20480              32,00              640            1,00                     0          640        -------------------- 96,72 
10         96         619        21         0          20480              32,00              640            1,00                     0          640        -------------------- 96,72 
20         96         619        21         0          20480              32,00              640            1,00                     0          640        -------------------- 96,72 
50         96         619        21         0          20480              32,00              640            1,00                     0          640        -------------------- 96,72 
250        96         619        21         0          20480              32,00              640            1,00                     0          640        -------------------- 96,72 
5          97         0          640        0          20480              32,00              640            1,00                     0          640         0,00                      
10         97         0          640        0          20480              32,00              640            1,00                     0          640         0,00                      
20         97         0          640        0          20480              32,00              640            1,00                     0          640         0,00                      
50         97         0          640        0          20480              32,00              640            1,00                     0          640         0,00                      
250        97         0          640        0          20480              32,00              640            1,00                     0          640         0,00                      
5          98         0          640        0          20480              32,00              640            1,00                     0          640         0,00                      
10         98         0          640        0          20480              32,00              640            1,00                     0          640         0,00                      
20         98         0          640        0          20480              32,00              640            1,00                     0          640         0,00                      
50         98         0          640        0          20480              32,00              640            1,00                     0          640         0,00                      
250        98         0          640        0          20480              32,00              640            1,00                     0          640         0,00                      
5          99         0          640        0          20480              32,00              640            1,00                     0          640         0,00                      
10         99         0          640        0          20480              32,00              640            1,00                     0          640         0,00                      
20         99         0          640        0          20480              32,00              640            1,00                     0          640         0,00                      
50         99         0          640        0          20480              32,00              640            1,00                     0          640         0,00                      
250        99         0          640        0          20480              32,00              640            1,00                     0          640         0,00                      
5          100        0          640        0          20480              32,00              640            1,00                     0          640         0,00                      
10         100        0          640        0          20480              32,00              640            1,00                     0          640         0,00                      
20         100        0          640        0          20480              32,00              640            1,00                     0          640         0,00                      
50         100        0          640        0          20480              32,00              640            1,00                     0          640         0,00                      
250        100        0          640        0          20480              32,00              640            1,00                     0          640         0,00                      
5          101        0          640        0          20480              32,00              640            1,00                     0          640         0,00                      
10         101        0          640        0          20480              32,00              640            1,00                     0          640         0,00                      
20         101        0          640        0          20480              32,00              640            1,00                     0          640         0,00                      
50         101        0          640        0          20480              32,00              640            1,00                     0          640         0,00                      
250        101        0          640        0          20480              32,00              640            1,00                     0          640         0,00                      
5          102        0          20         0          20                 1,00               20             1,00                     0          20          0,00                      
10         102        0          20         0          20                 1,00               20             1,00                     0          20          0,00                      
20         102        0          20         0          20                 1,00               20             1,00                     0          20          0,00                      
50         102        0          20         0          20                 1,00               20             1,00                     0          20          0,00                      
250        102        0          20         0          20                 1,00               20             1,00                     0          20          0,00                      
5          103        0          20         0          20                 1,00               20             1,00                     0          20          0,00                      
10         103        0          20         0          20                 1,00               20             1,00                     0          20          0,00                      
20         103        0          20         0          20                 1,00               20             1,00                     0          20          0,00                      
50         103        0          20         0          20                 1,00               20             1,00                     0          20          0,00                      
250        103        0          20         0          20                 1,00               20             1,00                     0          20          0,00                      
5          104        0          0          20         20                 1,00               20             1,00                     0          20          0,00                      
10         104        0          0          20         20                 1,00               20             1,00                     0          20          0,00                      
20         104        0          0          20         20                 1,00               20             1,00                     0          20          0,00                      
50         104        0          0          20         20                 1,00               20             1,00                     0          20          0,00                      
250        104        0          0          20         20                 1,00               20             1,00                     0          20          0,00                      
5          105        0          20         0          20                 1,00               20             1,00                     0          20          0,00                      
10         105        0          20         0          20                 1,00               20             1,00                     0          20          0,00                      
20         105        0          20         0          20                 1,00               20             1,00                     0          20          0,00                      
50         105        0          20         0          20                 1,00               20             1,00                     0          20          0,00                      
250        105        0          20         0          20                 1,00               20             1,00                     0          20          0,00                      
