contains the data for the random rates analysis graph with Perturbator as perturbator.
Exploration Boolean Negation
NEGB : negation of boolean value.
random rate : 0.001 0.005 0.01 0.05 0.1 0.15 0.2 0.25 0.3 
5 repetition
20 hex string of 16 byte
Random byte generated with 23 as seed
7 perturbation points
RandomRate Perturbator IndexLoc   #Success   #Failure   #Exception #Call      #Perturbation  %Success                   
0.0        None        34         20         0          0          20         0              -------------------- 100,00
0.001      NEGB        34         100        0          0          100        0              NaN                        
0.005      NEGB        34         99         0          1          100        1              -------------------- 99,00 
0.01       NEGB        34         99         0          1          100        1              -------------------- 99,00 
0.05       NEGB        34         94         0          6          100        6              ------------------- 94,00  
0.1        NEGB        34         86         0          14         100        14             ------------------ 86,00   
0.15       NEGB        34         80         0          20         100        20             ---------------- 80,00     
0.2        NEGB        34         76         0          24         100        24             ---------------- 76,00     
0.25       NEGB        34         72         0          28         100        28             --------------- 72,00      
0.3        NEGB        34         69         0          31         100        31             -------------- 69,00       
0.0        None        39         20         0          0          20         0              -------------------- 100,00
0.001      NEGB        39         100        0          0          100        0              NaN                        
0.005      NEGB        39         99         0          1          100        1              -------------------- 99,00 
0.01       NEGB        39         99         0          1          100        1              -------------------- 99,00 
0.05       NEGB        39         94         0          6          100        6              ------------------- 94,00  
0.1        NEGB        39         86         0          14         100        14             ------------------ 86,00   
0.15       NEGB        39         80         0          20         100        20             ---------------- 80,00     
0.2        NEGB        39         76         0          24         100        24             ---------------- 76,00     
0.25       NEGB        39         72         0          28         100        28             --------------- 72,00      
0.3        NEGB        39         69         0          31         100        31             -------------- 69,00       
0.0        None        43         20         0          0          180        0              -------------------- 100,00
0.001      NEGB        43         100        0          0          900        0              NaN                        
0.005      NEGB        43         98         2          0          894        2              -------------------- 98,00 
0.01       NEGB        43         96         3          1          885        4              -------------------- 96,00 
0.05       NEGB        43         64         31         5          749        36             ------------- 64,00        
0.1        NEGB        43         36         60         4          580        64             -------- 36,00             
0.15       NEGB        43         24         75         1          465        76             ----- 24,00                
0.2        NEGB        43         12         86         2          401        88             --- 12,00                  
0.25       NEGB        43         9          89         2          347        91             -- 9,00                    
0.3        NEGB        43         7          92         1          315        93             -- 7,00                    
0.0        None        79         20         0          0          20         0              -------------------- 100,00
0.001      NEGB        79         100        0          0          100        0              NaN                        
0.005      NEGB        79         99         0          1          100        1              -------------------- 99,00 
0.01       NEGB        79         99         0          1          100        1              -------------------- 99,00 
0.05       NEGB        79         94         0          6          100        6              ------------------- 94,00  
0.1        NEGB        79         86         0          14         100        14             ------------------ 86,00   
0.15       NEGB        79         80         0          20         100        20             ---------------- 80,00     
0.2        NEGB        79         76         0          24         100        24             ---------------- 76,00     
0.25       NEGB        79         72         0          28         100        28             --------------- 72,00      
0.3        NEGB        79         69         0          31         100        31             -------------- 69,00       
0.0        None        82         20         0          0          20         0              -------------------- 100,00
0.001      NEGB        82         100        0          0          100        0              NaN                        
0.005      NEGB        82         99         0          1          100        1              -------------------- 99,00 
0.01       NEGB        82         99         0          1          100        1              -------------------- 99,00 
0.05       NEGB        82         94         0          6          100        6              ------------------- 94,00  
0.1        NEGB        82         86         0          14         100        14             ------------------ 86,00   
0.15       NEGB        82         80         0          20         100        20             ---------------- 80,00     
0.2        NEGB        82         76         0          24         100        24             ---------------- 76,00     
0.25       NEGB        82         72         0          28         100        28             --------------- 72,00      
0.3        NEGB        82         69         0          31         100        31             -------------- 69,00       
0.0        None        87         20         0          0          5140       0              -------------------- 100,00
0.001      NEGB        87         77         23         0          21982      24             ---------------- 77,00     
0.005      NEGB        87         30         70         0          14630      71             ------ 30,00               
0.01       NEGB        87         7          93         0          9106       93             -- 7,00                    
0.05       NEGB        87         0          100        0          2175       100             0,00                      
0.1        NEGB        87         0          100        0          859        100             0,00                      
0.15       NEGB        87         0          100        0          614        100             0,00                      
0.2        NEGB        87         0          100        0          437        100             0,00                      
0.25       NEGB        87         0          100        0          390        100             0,00                      
0.3        NEGB        87         0          100        0          330        100             0,00                      
0.0        None        95         20         0          0          5140       0              -------------------- 100,00
0.001      NEGB        95         78         22         0          21982      24             ---------------- 78,00     
0.005      NEGB        95         32         68         0          14630      71             ------- 32,00              
0.01       NEGB        95         8          92         0          9106       93             -- 8,00                    
0.05       NEGB        95         0          100        0          2175       100             0,00                      
0.1        NEGB        95         0          100        0          859        100             0,00                      
0.15       NEGB        95         0          100        0          614        100             0,00                      
0.2        NEGB        95         0          100        0          437        100             0,00                      
0.25       NEGB        95         0          100        0          390        100             0,00                      
0.3        NEGB        95         0          100        0          330        100             0,00                      
