aggregate data per location for random rate = 0.25 and with Perturbator = 1
Exploration Plus One
PONE : plus one perturbator
20 hex string of 16 byte
Random byte generated with 23 as seed
112 perturbation points
IndexLoc   #Success   #Failure   #Exception #CallAllExecs      AvgCallPerExec     #Perturbations AvgPerturbationPerExec   #Execs     #Tasks     %Success                   
0          100        0          0          100                1,00               28             0,28                     100        20         -------------------- 100,00
1          100        0          0          100                1,00               28             0,28                     100        20         -------------------- 100,00
2          100        0          0          0                  0,00               0              0,00                     100        20         NaN                        
3          100        0          0          0                  0,00               0              0,00                     100        20         NaN                        
4          100        0          0          0                  0,00               0              0,00                     100        20         NaN                        
5          100        0          0          0                  0,00               0              0,00                     100        20         NaN                        
6          100        0          0          0                  0,00               0              0,00                     100        20         NaN                        
7          100        0          0          0                  0,00               0              0,00                     100        20         NaN                        
8          100        0          0          0                  0,00               0              0,00                     100        20         NaN                        
9          100        0          0          0                  0,00               0              0,00                     100        20         NaN                        
10         100        0          0          0                  0,00               0              0,00                     100        20         NaN                        
11         100        0          0          0                  0,00               0              0,00                     100        20         NaN                        
12         100        0          0          0                  0,00               0              0,00                     100        20         NaN                        
13         100        0          0          0                  0,00               0              0,00                     100        20         NaN                        
14         100        0          0          0                  0,00               0              0,00                     100        20         NaN                        
15         100        0          0          0                  0,00               0              0,00                     100        20         NaN                        
16         100        0          0          0                  0,00               0              0,00                     100        20         NaN                        
17         100        0          0          0                  0,00               0              0,00                     100        20         NaN                        
18         100        0          0          0                  0,00               0              0,00                     100        20         NaN                        
19         100        0          0          0                  0,00               0              0,00                     100        20         NaN                        
20         100        0          0          0                  0,00               0              0,00                     100        20         NaN                        
21         100        0          0          0                  0,00               0              0,00                     100        20         NaN                        
22         100        0          0          0                  0,00               0              0,00                     100        20         NaN                        
23         100        0          0          0                  0,00               0              0,00                     100        20         NaN                        
24         100        0          0          0                  0,00               0              0,00                     100        20         NaN                        
25         100        0          0          0                  0,00               0              0,00                     100        20         NaN                        
26         100        0          0          0                  0,00               0              0,00                     100        20         NaN                        
27         100        0          0          0                  0,00               0              0,00                     100        20         NaN                        
28         100        0          0          0                  0,00               0              0,00                     100        20         NaN                        
29         100        0          0          0                  0,00               0              0,00                     100        20         NaN                        
30         72         0          28         100                1,00               28             0,28                     100        20         --------------- 72,00      
31         72         0          28         100                1,00               28             0,28                     100        20         --------------- 72,00      
32         72         0          28         100                1,00               28             0,28                     100        20         --------------- 72,00      
33         100        0          0          100                1,00               28             0,28                     100        20         -------------------- 100,00
35         72         0          28         100                1,00               28             0,28                     100        20         --------------- 72,00      
36         72         0          28         100                1,00               28             0,28                     100        20         --------------- 72,00      
37         72         0          28         100                1,00               28             0,28                     100        20         --------------- 72,00      
38         100        0          0          100                1,00               28             0,28                     100        20         -------------------- 100,00
40         72         28         0          100                1,00               28             0,28                     100        20         --------------- 72,00      
41         72         28         0          872                8,72               234            2,34                     100        20         --------------- 72,00      
42         75         0          25         900                9,00               238            2,38                     100        20         --------------- 75,00      
44         11         89         0          800                8,00               215            2,15                     100        20         --- 11,00                  
45         11         89         0          800                8,00               215            2,15                     100        20         --- 11,00                  
46         11         89         0          800                8,00               215            2,15                     100        20         --- 11,00                  
47         11         89         0          800                8,00               215            2,15                     100        20         --- 11,00                  
48         11         89         0          800                8,00               215            2,15                     100        20         --- 11,00                  
49         11         89         0          800                8,00               215            2,15                     100        20         --- 11,00                  
50         11         89         0          800                8,00               215            2,15                     100        20         --- 11,00                  
51         11         89         0          800                8,00               215            2,15                     100        20         --- 11,00                  
52         11         89         0          800                8,00               215            2,15                     100        20         --- 11,00                  
53         9          55         36         721                7,21               194            1,94                     100        20         -- 9,00                    
54         11         89         0          800                8,00               215            2,15                     100        20         --- 11,00                  
55         11         89         0          800                8,00               215            2,15                     100        20         --- 11,00                  
56         11         89         0          800                8,00               215            2,15                     100        20         --- 11,00                  
57         11         89         0          800                8,00               215            2,15                     100        20         --- 11,00                  
58         11         89         0          800                8,00               215            2,15                     100        20         --- 11,00                  
59         11         89         0          800                8,00               215            2,15                     100        20         --- 11,00                  
60         11         89         0          800                8,00               215            2,15                     100        20         --- 11,00                  
61         11         89         0          800                8,00               215            2,15                     100        20         --- 11,00                  
62         11         64         25         800                8,00               215            2,15                     100        20         --- 11,00                  
63         11         64         25         800                8,00               215            2,15                     100        20         --- 11,00                  
64         11         64         25         800                8,00               215            2,15                     100        20         --- 11,00                  
65         11         64         25         800                8,00               215            2,15                     100        20         --- 11,00                  
66         11         64         25         800                8,00               215            2,15                     100        20         --- 11,00                  
67         11         64         25         800                8,00               215            2,15                     100        20         --- 11,00                  
68         11         89         0          800                8,00               215            2,15                     100        20         --- 11,00                  
69         11         89         0          800                8,00               215            2,15                     100        20         --- 11,00                  
70         11         89         0          800                8,00               215            2,15                     100        20         --- 11,00                  
71         11         89         0          800                8,00               215            2,15                     100        20         --- 11,00                  
72         11         89         0          800                8,00               215            2,15                     100        20         --- 11,00                  
73         11         89         0          800                8,00               215            2,15                     100        20         --- 11,00                  
74         10         28         62         614                6,14               161            1,61                     100        20         -- 10,00                   
75         11         89         0          800                8,00               215            2,15                     100        20         --- 11,00                  
76         11         89         0          800                8,00               215            2,15                     100        20         --- 11,00                  
77         11         89         0          800                8,00               215            2,15                     100        20         --- 11,00                  
78         100        0          0          100                1,00               28             0,28                     100        20         -------------------- 100,00
80         72         28         0          100                1,00               28             0,28                     100        20         --------------- 72,00      
81         72         28         0          100                1,00               28             0,28                     100        20         --------------- 72,00      
83         100        0          0          100                1,00               28             0,28                     100        20         -------------------- 100,00
84         100        0          0          100                1,00               28             0,28                     100        20         -------------------- 100,00
85         100        0          0          25669              256,69             6430           64,30                    100        20         -------------------- 100,00
86         80         0          20         25700              257,00             6436           64,36                    100        20         ---------------- 80,00     
88         0          79         21         25600              256,00             6415           64,15                    100        20          0,00                      
89         0          100        0          25600              256,00             6415           64,15                    100        20          0,00                      
90         72         28         0          100                1,00               28             0,28                     100        20         --------------- 72,00      
91         72         28         0          100                1,00               28             0,28                     100        20         --------------- 72,00      
92         72         28         0          100                1,00               28             0,28                     100        20         --------------- 72,00      
93         100        0          0          25669              256,69             6430           64,30                    100        20         -------------------- 100,00
94         80         0          20         25700              257,00             6436           64,36                    100        20         ---------------- 80,00     
96         0          0          100        2848               28,48              692            6,92                     100        20          0,00                      
97         0          100        0          25600              256,00             6415           64,15                    100        20          0,00                      
98         0          100        0          25600              256,00             6415           64,15                    100        20          0,00                      
99         0          100        0          25600              256,00             6415           64,15                    100        20          0,00                      
100        0          79         21         25600              256,00             6415           64,15                    100        20          0,00                      
101        0          100        0          25600              256,00             6415           64,15                    100        20          0,00                      
102        0          100        0          25600              256,00             6415           64,15                    100        20          0,00                      
103        0          100        0          25600              256,00             6415           64,15                    100        20          0,00                      
104        0          100        0          25600              256,00             6415           64,15                    100        20          0,00                      
105        0          0          100        1088               10,88              278            2,78                     100        20          0,00                      
106        0          75         25         21841              218,41             5426           54,26                    100        20          0,00                      
107        0          79         21         25600              256,00             6415           64,15                    100        20          0,00                      
108        0          100        0          25600              256,00             6415           64,15                    100        20          0,00                      
109        0          79         21         25600              256,00             6415           64,15                    100        20          0,00                      
110        1          69         30         25120              251,20             6291           62,91                    100        20         - 1,00                     
111        1          99         0          25600              256,00             6415           64,15                    100        20         - 1,00                     
112        0          87         13         24255              242,55             6045           60,45                    100        20          0,00                      
113        0          100        0          25600              256,00             6415           64,15                    100        20          0,00                      
114        0          100        0          25600              256,00             6415           64,15                    100        20          0,00                      
115        0          100        0          25600              256,00             6415           64,15                    100        20          0,00                      
116        0          100        0          25600              256,00             6415           64,15                    100        20          0,00                      
117        0          0          100        2848               28,48              692            6,92                     100        20          0,00                      
118        0          0          100        3043               30,43              757            7,57                     100        20          0,00                      
