aggregate data per location for random rate = 0.005 and with Perturbator = 1
Exploration Plus One
PONE : plus one perturbator
20 hex string of 16 byte
Random byte generated with 23 as seed
112 perturbation points
IndexLoc   #Success   #Failure   #Exception #CallAllExecs      AvgCallPerExec     #Perturbations AvgPerturbationPerExec   #Execs     #Tasks     %Success                   
0          100        0          0          100                1,00               1              0,01                     100        20         -------------------- 100,00
1          100        0          0          100                1,00               1              0,01                     100        20         -------------------- 100,00
2          100        0          0          0                  0,00               0              0,00                     100        20         NaN                        
3          100        0          0          0                  0,00               0              0,00                     100        20         NaN                        
4          100        0          0          0                  0,00               0              0,00                     100        20         NaN                        
5          100        0          0          0                  0,00               0              0,00                     100        20         NaN                        
6          100        0          0          0                  0,00               0              0,00                     100        20         NaN                        
7          100        0          0          0                  0,00               0              0,00                     100        20         NaN                        
8          100        0          0          0                  0,00               0              0,00                     100        20         NaN                        
9          100        0          0          0                  0,00               0              0,00                     100        20         NaN                        
10         100        0          0          0                  0,00               0              0,00                     100        20         NaN                        
11         100        0          0          0                  0,00               0              0,00                     100        20         NaN                        
12         100        0          0          0                  0,00               0              0,00                     100        20         NaN                        
13         100        0          0          0                  0,00               0              0,00                     100        20         NaN                        
14         100        0          0          0                  0,00               0              0,00                     100        20         NaN                        
15         100        0          0          0                  0,00               0              0,00                     100        20         NaN                        
16         100        0          0          0                  0,00               0              0,00                     100        20         NaN                        
17         100        0          0          0                  0,00               0              0,00                     100        20         NaN                        
18         100        0          0          0                  0,00               0              0,00                     100        20         NaN                        
19         100        0          0          0                  0,00               0              0,00                     100        20         NaN                        
20         100        0          0          0                  0,00               0              0,00                     100        20         NaN                        
21         100        0          0          0                  0,00               0              0,00                     100        20         NaN                        
22         100        0          0          0                  0,00               0              0,00                     100        20         NaN                        
23         100        0          0          0                  0,00               0              0,00                     100        20         NaN                        
24         100        0          0          0                  0,00               0              0,00                     100        20         NaN                        
25         100        0          0          0                  0,00               0              0,00                     100        20         NaN                        
26         100        0          0          0                  0,00               0              0,00                     100        20         NaN                        
27         100        0          0          0                  0,00               0              0,00                     100        20         NaN                        
28         100        0          0          0                  0,00               0              0,00                     100        20         NaN                        
29         100        0          0          0                  0,00               0              0,00                     100        20         NaN                        
30         99         0          1          100                1,00               1              0,01                     100        20         -------------------- 99,00 
31         99         0          1          100                1,00               1              0,01                     100        20         -------------------- 99,00 
32         99         0          1          100                1,00               1              0,01                     100        20         -------------------- 99,00 
33         100        0          0          100                1,00               1              0,01                     100        20         -------------------- 100,00
35         99         0          1          100                1,00               1              0,01                     100        20         -------------------- 99,00 
36         99         0          1          100                1,00               1              0,01                     100        20         -------------------- 99,00 
37         99         0          1          100                1,00               1              0,01                     100        20         -------------------- 99,00 
38         100        0          0          100                1,00               1              0,01                     100        20         -------------------- 100,00
40         99         1          0          100                1,00               1              0,01                     100        20         -------------------- 99,00 
41         100        0          0          900                9,00               2              0,02                     100        20         -------------------- 100,00
42         100        0          0          900                9,00               2              0,02                     100        20         -------------------- 100,00
44         99         1          0          800                8,00               1              0,01                     100        20         -------------------- 99,00 
45         99         1          0          800                8,00               1              0,01                     100        20         -------------------- 99,00 
46         99         1          0          800                8,00               1              0,01                     100        20         -------------------- 99,00 
47         99         1          0          800                8,00               1              0,01                     100        20         -------------------- 99,00 
48         99         1          0          800                8,00               1              0,01                     100        20         -------------------- 99,00 
49         99         1          0          800                8,00               1              0,01                     100        20         -------------------- 99,00 
50         99         1          0          800                8,00               1              0,01                     100        20         -------------------- 99,00 
51         99         1          0          800                8,00               1              0,01                     100        20         -------------------- 99,00 
52         99         1          0          800                8,00               1              0,01                     100        20         -------------------- 99,00 
53         99         1          0          800                8,00               1              0,01                     100        20         -------------------- 99,00 
54         99         1          0          800                8,00               1              0,01                     100        20         -------------------- 99,00 
55         99         1          0          800                8,00               1              0,01                     100        20         -------------------- 99,00 
56         99         1          0          800                8,00               1              0,01                     100        20         -------------------- 99,00 
57         99         1          0          800                8,00               1              0,01                     100        20         -------------------- 99,00 
58         99         1          0          800                8,00               1              0,01                     100        20         -------------------- 99,00 
59         99         1          0          800                8,00               1              0,01                     100        20         -------------------- 99,00 
60         99         1          0          800                8,00               1              0,01                     100        20         -------------------- 99,00 
61         99         1          0          800                8,00               1              0,01                     100        20         -------------------- 99,00 
62         99         1          0          800                8,00               1              0,01                     100        20         -------------------- 99,00 
63         99         1          0          800                8,00               1              0,01                     100        20         -------------------- 99,00 
64         99         1          0          800                8,00               1              0,01                     100        20         -------------------- 99,00 
65         99         1          0          800                8,00               1              0,01                     100        20         -------------------- 99,00 
66         99         1          0          800                8,00               1              0,01                     100        20         -------------------- 99,00 
67         99         1          0          800                8,00               1              0,01                     100        20         -------------------- 99,00 
68         99         1          0          800                8,00               1              0,01                     100        20         -------------------- 99,00 
69         99         1          0          800                8,00               1              0,01                     100        20         -------------------- 99,00 
70         99         1          0          800                8,00               1              0,01                     100        20         -------------------- 99,00 
71         99         1          0          800                8,00               1              0,01                     100        20         -------------------- 99,00 
72         99         1          0          800                8,00               1              0,01                     100        20         -------------------- 99,00 
73         99         1          0          800                8,00               1              0,01                     100        20         -------------------- 99,00 
74         99         1          0          800                8,00               1              0,01                     100        20         -------------------- 99,00 
75         99         1          0          800                8,00               1              0,01                     100        20         -------------------- 99,00 
76         99         1          0          800                8,00               1              0,01                     100        20         -------------------- 99,00 
77         99         1          0          800                8,00               1              0,01                     100        20         -------------------- 99,00 
78         100        0          0          100                1,00               1              0,01                     100        20         -------------------- 100,00
80         99         1          0          100                1,00               1              0,01                     100        20         -------------------- 99,00 
81         99         1          0          100                1,00               1              0,01                     100        20         -------------------- 99,00 
83         100        0          0          100                1,00               1              0,01                     100        20         -------------------- 100,00
84         100        0          0          100                1,00               1              0,01                     100        20         -------------------- 100,00
85         100        0          0          25698              256,98             130            1,30                     100        20         -------------------- 100,00
86         100        0          0          25700              257,00             130            1,30                     100        20         -------------------- 100,00
88         42         58         0          25600              256,00             130            1,30                     100        20         --------- 42,00            
89         42         58         0          25600              256,00             130            1,30                     100        20         --------- 42,00            
90         99         1          0          100                1,00               1              0,01                     100        20         -------------------- 99,00 
91         99         1          0          100                1,00               1              0,01                     100        20         -------------------- 99,00 
92         99         1          0          100                1,00               1              0,01                     100        20         -------------------- 99,00 
93         100        0          0          25698              256,98             130            1,30                     100        20         -------------------- 100,00
94         100        0          0          25700              257,00             130            1,30                     100        20         -------------------- 100,00
96         28         58         14         23656              236,56             119            1,19                     100        20         ------ 28,00               
97         27         73         0          25600              256,00             130            1,30                     100        20         ------ 27,00               
98         27         73         0          25600              256,00             130            1,30                     100        20         ------ 27,00               
99         27         73         0          25600              256,00             130            1,30                     100        20         ------ 27,00               
100        26         74         0          25600              256,00             130            1,30                     100        20         ------ 26,00               
101        27         73         0          25600              256,00             130            1,30                     100        20         ------ 27,00               
102        27         73         0          25600              256,00             130            1,30                     100        20         ------ 27,00               
103        27         73         0          25600              256,00             130            1,30                     100        20         ------ 27,00               
104        27         73         0          25600              256,00             130            1,30                     100        20         ------ 27,00               
105        31         16         53         17755              177,55             87             0,87                     100        20         ------- 31,00              
106        27         73         0          25600              256,00             130            1,30                     100        20         ------ 27,00               
107        59         41         0          25600              256,00             130            1,30                     100        20         ------------ 59,00         
108        60         40         0          25600              256,00             130            1,30                     100        20         ------------ 60,00         
109        28         72         0          25600              256,00             130            1,30                     100        20         ------ 28,00               
110        90         9          1          25584              255,84             130            1,30                     100        20         ------------------ 90,00   
111        88         12         0          25600              256,00             130            1,30                     100        20         ------------------ 88,00   
112        53         46         1          25584              255,84             130            1,30                     100        20         ----------- 53,00          
113        60         40         0          25600              256,00             130            1,30                     100        20         ------------ 60,00         
114        27         73         0          25600              256,00             130            1,30                     100        20         ------ 27,00               
115        27         73         0          25600              256,00             130            1,30                     100        20         ------ 27,00               
116        27         73         0          25600              256,00             130            1,30                     100        20         ------ 27,00               
117        86         0          14         23656              236,56             119            1,19                     100        20         ------------------ 86,00   
118        31         55         14         23875              238,75             120            1,20                     100        20         ------- 31,00              
