contains the data for build a graph for analysis.
Exploration Zero
ZERO : zero perturbator
20 hex string of 16 byte
Random byte generated with 23 as seed
115 perturbation points
Perturbator IndexLoc   #Perturbations #Success   #Failure   #Exception #Call          %Success                   
0           0          20             20         0          0          20             -------------------- 100.00
0           1          20             20         0          0          20             -------------------- 100.00
0           3          0              0          0          0          0              NaN                        
0           4          0              0          0          0          0              NaN                        
0           5          0              0          0          0          0              NaN                        
0           6          0              0          0          0          0              NaN                        
0           7          0              0          0          0          0              NaN                        
0           8          0              0          0          0          0              NaN                        
0           9          0              0          0          0          0              NaN                        
0           10         0              0          0          0          0              NaN                        
0           11         0              0          0          0          0              NaN                        
0           12         0              0          0          0          0              NaN                        
0           13         0              0          0          0          0              NaN                        
0           14         0              0          0          0          0              NaN                        
0           15         0              0          0          0          0              NaN                        
0           16         0              0          0          0          0              NaN                        
0           17         0              0          0          0          0              NaN                        
0           18         0              0          0          0          0              NaN                        
0           19         0              0          0          0          0              NaN                        
0           20         0              0          0          0          0              NaN                        
0           21         0              0          0          0          0              NaN                        
0           22         0              0          0          0          0              NaN                        
0           23         0              0          0          0          0              NaN                        
0           24         0              0          0          0          0              NaN                        
0           25         0              0          0          0          0              NaN                        
0           26         0              0          0          0          0              NaN                        
0           27         0              0          0          0          0              NaN                        
0           28         0              0          0          0          0              NaN                        
0           29         0              0          0          0          0              NaN                        
0           30         0              0          0          0          0              NaN                        
0           31         20             20         0          0          20             -------------------- 100.00
0           32         20             20         0          0          20             -------------------- 100.00
0           33         20             20         0          0          20             -------------------- 100.00
0           34         20             0          0          20         20              0.00                      
0           36         20             20         0          0          20             -------------------- 100.00
0           37         20             20         0          0          20             -------------------- 100.00
0           38         20             20         0          0          20             -------------------- 100.00
0           39         20             0          0          20         20              0.00                      
0           41         20             20         0          0          20             -------------------- 100.00
0           42         180            160        0          20         1620           ------------------ 88.89   
0           43         180            20         160        0          900            --- 11.11                  
0           45         160            160        0          0          1280           -------------------- 100.00
0           46         160            20         140        0          1280           --- 12.50                  
0           47         160            0          160        0          1280            0.00                      
0           48         160            0          160        0          1280            0.00                      
0           49         160            0          160        0          1280            0.00                      
0           50         160            0          160        0          1280            0.00                      
0           51         160            0          160        0          1280            0.00                      
0           52         160            0          160        0          1280            0.00                      
0           53         160            20         140        0          1280           --- 12.50                  
0           54         160            0          160        0          1280            0.00                      
0           55         160            0          160        0          1280            0.00                      
0           56         160            0          160        0          1280            0.00                      
0           57         160            0          160        0          1280            0.00                      
0           58         160            0          160        0          1280            0.00                      
0           59         160            0          160        0          1280            0.00                      
0           60         160            0          160        0          1280            0.00                      
0           61         160            0          160        0          1280            0.00                      
0           62         160            0          160        0          1280            0.00                      
0           63         160            0          160        0          1280            0.00                      
0           64         160            20         140        0          1280           --- 12.50                  
0           65         160            160        0          0          1280           -------------------- 100.00
0           66         160            20         140        0          1280           --- 12.50                  
0           67         160            20         140        0          1280           --- 12.50                  
0           68         160            160        0          0          1280           -------------------- 100.00
0           69         160            20         140        0          1280           --- 12.50                  
0           70         160            1          159        0          1280           - 0.63                     
0           71         160            0          160        0          1280            0.00                      
0           72         160            0          160        0          1280            0.00                      
0           73         160            0          160        0          1280            0.00                      
0           74         160            0          160        0          1280            0.00                      
0           75         160            0          160        0          1280            0.00                      
0           76         160            0          160        0          1280            0.00                      
0           77         160            0          160        0          1280            0.00                      
0           78         160            0          160        0          1280            0.00                      
0           79         160            1          159        0          1280           - 0.63                     
0           80         20             20         0          0          20             -------------------- 100.00
0           81         20             20         0          0          20             -------------------- 100.00
0           82         20             20         0          0          20             -------------------- 100.00
0           84         20             0          0          20         20              0.00                      
0           85         20             20         0          0          20             -------------------- 100.00
0           86         5140           5120       0          20         1320980        -------------------- 99.61 
0           87         5140           340        4800       0          663060         -- 6.61                    
0           89         5120           5120       0          0          1310720        -------------------- 100.00
0           90         5120           20         5100       0          1310720        - 0.39                     
0           91         5120           1860       3260       0          1310720        -------- 36.33             
0           92         20             20         0          0          20             -------------------- 100.00
0           93         20             20         0          0          20             -------------------- 100.00
0           94         20             20         0          0          20             -------------------- 100.00
0           95         5140           5120       0          20         1320980        -------------------- 99.61 
0           96         5140           500        4640       0          663060         -- 9.73                    
0           98         5120           5120       0          0          1310720        -------------------- 100.00
0           99         5120           780        4340       0          1310720        ---- 15.23                 
0           100        5120           240        4880       0          1310720        - 4.69                     
0           101        5120           240        4880       0          1310720        - 4.69                     
0           102        5120           240        4880       0          1310720        - 4.69                     
0           103        5120           180        4940       0          1310720        - 3.52                     
0           104        5120           260        4860       0          1310720        -- 5.08                    
0           105        5120           200        4920       0          1310720        - 3.91                     
0           106        5120           220        4900       0          1310720        - 4.30                     
0           107        5120           220        4900       0          1310720        - 4.30                     
0           108        5120           220        4900       0          1310720        - 4.30                     
0           109        5120           220        4900       0          1310720        - 4.30                     
0           110        5120           3020       2100       0          1310720        ------------ 58.98         
0           111        5120           3080       2040       0          1310720        ------------- 60.16        
0           112        5120           4740       380        0          1310720        ------------------- 92.58  
0           113        5120           4740       380        0          1310720        ------------------- 92.58  
0           114        5120           4740       380        0          1310720        ------------------- 92.58  
0           115        5120           3020       2100       0          1310720        ------------ 58.98         
0           116        5120           3080       2040       0          1310720        ------------- 60.16        
0           117        5120           880        4240       0          1310720        ---- 17.19                 
0           118        5120           220        4900       0          1310720        - 4.30                     
0           119        5120           760        4360       0          1310720        --- 14.84                  
0           120        5120           0          0          5120       657920          0.00                      
0           121        5120           760        4360       0          1310720        --- 14.84                  
