aggregate data per location for Perturbator = -1
Exploration Minus One
MONE : minus one perturbator
20 hex string of 16 byte
Random byte generated with 23 as seed
115 perturbation points
IndexLoc   #Success   #Failure   #Exception #CallAllExecs      AvgCallPerExec     #Perturbations AvgPerturbationPerExec   #Execs     #ExecsRef  AvgCallRefPerTask #Tasks     %Success                   
0          20         0          0          20                 1,00               20             1,00                     20         20         1.0               20         -------------------- 100,00
1          20         0          0          20                 1,00               20             1,00                     20         20         1.0               20         -------------------- 100,00
2          0          0          0          0                  NaN                0              NaN                      0          0          0.0               20         NaN                        
3          0          0          0          0                  NaN                0              NaN                      0          0          0.0               20         NaN                        
4          0          0          0          0                  NaN                0              NaN                      0          0          0.0               20         NaN                        
5          0          0          0          0                  NaN                0              NaN                      0          0          0.0               20         NaN                        
6          0          0          0          0                  NaN                0              NaN                      0          0          0.0               20         NaN                        
7          0          0          0          0                  NaN                0              NaN                      0          0          0.0               20         NaN                        
8          0          0          0          0                  NaN                0              NaN                      0          0          0.0               20         NaN                        
9          0          0          0          0                  NaN                0              NaN                      0          0          0.0               20         NaN                        
10         0          0          0          0                  NaN                0              NaN                      0          0          0.0               20         NaN                        
11         0          0          0          0                  NaN                0              NaN                      0          0          0.0               20         NaN                        
12         0          0          0          0                  NaN                0              NaN                      0          0          0.0               20         NaN                        
13         0          0          0          0                  NaN                0              NaN                      0          0          0.0               20         NaN                        
14         0          0          0          0                  NaN                0              NaN                      0          0          0.0               20         NaN                        
15         0          0          0          0                  NaN                0              NaN                      0          0          0.0               20         NaN                        
16         0          0          0          0                  NaN                0              NaN                      0          0          0.0               20         NaN                        
17         0          0          0          0                  NaN                0              NaN                      0          0          0.0               20         NaN                        
18         0          0          0          0                  NaN                0              NaN                      0          0          0.0               20         NaN                        
19         0          0          0          0                  NaN                0              NaN                      0          0          0.0               20         NaN                        
20         0          0          0          0                  NaN                0              NaN                      0          0          0.0               20         NaN                        
21         0          0          0          0                  NaN                0              NaN                      0          0          0.0               20         NaN                        
22         0          0          0          0                  NaN                0              NaN                      0          0          0.0               20         NaN                        
23         0          0          0          0                  NaN                0              NaN                      0          0          0.0               20         NaN                        
24         0          0          0          0                  NaN                0              NaN                      0          0          0.0               20         NaN                        
25         0          0          0          0                  NaN                0              NaN                      0          0          0.0               20         NaN                        
26         0          0          0          0                  NaN                0              NaN                      0          0          0.0               20         NaN                        
27         0          0          0          0                  NaN                0              NaN                      0          0          0.0               20         NaN                        
28         0          0          0          0                  NaN                0              NaN                      0          0          0.0               20         NaN                        
29         0          0          0          0                  NaN                0              NaN                      0          0          0.0               20         NaN                        
30         20         0          0          20                 1,00               20             1,00                     20         20         1.0               20         -------------------- 100,00
31         20         0          0          20                 1,00               20             1,00                     20         20         1.0               20         -------------------- 100,00
32         20         0          0          20                 1,00               20             1,00                     20         20         1.0               20         -------------------- 100,00
33         0          0          20         20                 1,00               20             1,00                     20         20         1.0               20          0,00                      
35         20         0          0          20                 1,00               20             1,00                     20         20         1.0               20         -------------------- 100,00
36         20         0          0          20                 1,00               20             1,00                     20         20         1.0               20         -------------------- 100,00
37         20         0          0          20                 1,00               20             1,00                     20         20         1.0               20         -------------------- 100,00
38         0          0          20         20                 1,00               20             1,00                     20         20         1.0               20          0,00                      
40         0          0          20         20                 1,00               20             1,00                     20         20         1.0               20          0,00                      
41         160        0          20         1620               9,00               180            1,00                     180        180        9.0               20         ------------------ 88,89   
42         160        20         0          1600               8,89               180            1,00                     180        180        9.0               20         ------------------ 88,89   
44         160        0          0          1280               8,00               160            1,00                     160        160        8.0               20         -------------------- 100,00
45         0          160        0          1280               8,00               160            1,00                     160        160        8.0               20          0,00                      
46         0          160        0          1280               8,00               160            1,00                     160        160        8.0               20          0,00                      
47         0          160        0          1280               8,00               160            1,00                     160        160        8.0               20          0,00                      
48         80         80         0          1280               8,00               160            1,00                     160        160        8.0               20         ---------- 50,00           
49         0          160        0          1280               8,00               160            1,00                     160        160        8.0               20          0,00                      
50         0          160        0          1280               8,00               160            1,00                     160        160        8.0               20          0,00                      
51         0          160        0          1280               8,00               160            1,00                     160        160        8.0               20          0,00                      
52         0          160        0          1280               8,00               160            1,00                     160        160        8.0               20          0,00                      
53         0          160        0          1280               8,00               160            1,00                     160        160        8.0               20          0,00                      
54         100        60         0          1280               8,00               160            1,00                     160        160        8.0               20         ------------- 62,50        
55         0          160        0          1280               8,00               160            1,00                     160        160        8.0               20          0,00                      
56         0          160        0          1280               8,00               160            1,00                     160        160        8.0               20          0,00                      
57         0          160        0          1280               8,00               160            1,00                     160        160        8.0               20          0,00                      
58         0          160        0          1280               8,00               160            1,00                     160        160        8.0               20          0,00                      
59         0          160        0          1280               8,00               160            1,00                     160        160        8.0               20          0,00                      
60         0          160        0          1280               8,00               160            1,00                     160        160        8.0               20          0,00                      
61         0          160        0          1280               8,00               160            1,00                     160        160        8.0               20          0,00                      
62         0          160        0          1280               8,00               160            1,00                     160        160        8.0               20          0,00                      
63         0          140        20         1140               7,13               160            1,00                     160        160        8.0               20          0,00                      
64         0          140        20         1140               7,13               160            1,00                     160        160        8.0               20          0,00                      
65         0          140        20         1140               7,13               160            1,00                     160        160        8.0               20          0,00                      
66         0          140        20         1140               7,13               160            1,00                     160        160        8.0               20          0,00                      
67         0          140        20         1140               7,13               160            1,00                     160        160        8.0               20          0,00                      
68         0          140        20         1140               7,13               160            1,00                     160        160        8.0               20          0,00                      
69         0          160        0          1280               8,00               160            1,00                     160        160        8.0               20          0,00                      
70         0          160        0          1280               8,00               160            1,00                     160        160        8.0               20          0,00                      
71         0          160        0          1280               8,00               160            1,00                     160        160        8.0               20          0,00                      
72         0          160        0          1280               8,00               160            1,00                     160        160        8.0               20          0,00                      
73         0          160        0          1280               8,00               160            1,00                     160        160        8.0               20          0,00                      
74         0          160        0          1280               8,00               160            1,00                     160        160        8.0               20          0,00                      
75         40         120        0          1280               8,00               160            1,00                     160        160        8.0               20         ----- 25,00                
76         0          160        0          1280               8,00               160            1,00                     160        160        8.0               20          0,00                      
77         0          160        0          1280               8,00               160            1,00                     160        160        8.0               20          0,00                      
78         0          160        0          1280               8,00               160            1,00                     160        160        8.0               20          0,00                      
79         20         0          0          20                 1,00               20             1,00                     20         20         1.0               20         -------------------- 100,00
81         0          20         0          20                 1,00               20             1,00                     20         20         1.0               20          0,00                      
82         0          20         0          20                 1,00               20             1,00                     20         20         1.0               20          0,00                      
84         0          0          20         20                 1,00               20             1,00                     20         20         1.0               20          0,00                      
85         0          0          20         20                 1,00               20             1,00                     20         20         1.0               20          0,00                      
86         5120       0          20         1320980            257,00             5140           1,00                     5140       5140       257.0             20         -------------------- 99,61 
87         5140       0          0          1320960            257,00             5140           1,00                     5140       5140       257.0             20         -------------------- 100,00
89         5120       0          0          1310720            256,00             5120           1,00                     5120       5120       256.0             20         -------------------- 100,00
90         840        4260       20         1305620            255,00             5120           1,00                     5120       5120       256.0             20         ---- 16,41                 
91         1900       3220       0          1310720            256,00             5120           1,00                     5120       5120       256.0             20         -------- 37,11             
92         0          0          20         20                 1,00               20             1,00                     20         20         1.0               20          0,00                      
93         0          20         0          20                 1,00               20             1,00                     20         20         1.0               20          0,00                      
94         0          0          20         20                 1,00               20             1,00                     20         20         1.0               20          0,00                      
95         5120       0          20         1320980            257,00             5140           1,00                     5140       5140       257.0             20         -------------------- 99,61 
96         5140       0          0          1320960            257,00             5140           1,00                     5140       5140       257.0             20         -------------------- 100,00
98         5120       0          0          1310720            256,00             5120           1,00                     5120       5120       256.0             20         -------------------- 100,00
99         240        4240       640        1226880            239,63             5120           1,00                     5120       5120       256.0             20         - 4,69                     
100        340        4780       0          1310720            256,00             5120           1,00                     5120       5120       256.0             20         -- 6,64                    
101        340        4780       0          1310720            256,00             5120           1,00                     5120       5120       256.0             20         -- 6,64                    
102        340        4780       0          1310720            256,00             5120           1,00                     5120       5120       256.0             20         -- 6,64                    
103        180        4920       20         1305620            255,00             5120           1,00                     5120       5120       256.0             20         - 3,52                     
104        340        4780       0          1310720            256,00             5120           1,00                     5120       5120       256.0             20         -- 6,64                    
105        340        4780       0          1310720            256,00             5120           1,00                     5120       5120       256.0             20         -- 6,64                    
106        340        4780       0          1310720            256,00             5120           1,00                     5120       5120       256.0             20         -- 6,64                    
107        340        4780       0          1310720            256,00             5120           1,00                     5120       5120       256.0             20         -- 6,64                    
108        2800       2320       0          1310720            256,00             5120           1,00                     5120       5120       256.0             20         ----------- 54,69          
109        340        4780       0          1310720            256,00             5120           1,00                     5120       5120       256.0             20         -- 6,64                    
110        3040       2060       20         1305620            255,00             5120           1,00                     5120       5120       256.0             20         ------------ 59,38         
111        3100       2020       0          1310720            256,00             5120           1,00                     5120       5120       256.0             20         ------------- 60,55        
112        4340       760        20         1305620            255,00             5120           1,00                     5120       5120       256.0             20         ----------------- 84,77    
113        4740       380        0          1310720            256,00             5120           1,00                     5120       5120       256.0             20         ------------------- 92,58  
114        4740       380        0          1310720            256,00             5120           1,00                     5120       5120       256.0             20         ------------------- 92,58  
115        2460       2660       0          1310720            256,00             5120           1,00                     5120       5120       256.0             20         ---------- 48,05           
116        3100       2020       0          1310720            256,00             5120           1,00                     5120       5120       256.0             20         ------------- 60,55        
117        220        4900       0          1310720            256,00             5120           1,00                     5120       5120       256.0             20         - 4,30                     
118        220        4900       0          1310720            256,00             5120           1,00                     5120       5120       256.0             20         - 4,30                     
119        220        4900       0          1310720            256,00             5120           1,00                     5120       5120       256.0             20         - 4,30                     
120        3920       1200       0          1310720            256,00             5120           1,00                     5120       5120       256.0             20         ---------------- 76,56     
121        220        4280       620        1231360            240,50             5120           1,00                     5120       5120       256.0             20         - 4,30                     
