aggregate data per location for Magnitude = 50
Exploration Plus Magnitude
magnitude value : 1 5 10 20 50 75 100 
PM : Numerical Perturbator
20 hex string of 16 byte
Random byte generated with 23 as seed
115 perturbation points
IndexLoc   #Success   #Failure   #Exception #CallAllExecs      AvgCallPerExec     #Perturbations AvgPerturbationPerExec   #Execs     #ExecsRef  AvgCallRefPerTask #Tasks     %Success                   
0          20         0          0          20                 1,00               20             1,00                     20         20         1.0               20         -------------------- 100,00
1          20         0          0          20                 1,00               20             1,00                     20         20         1.0               20         -------------------- 100,00
2          0          0          0          0                  NaN                0              NaN                      0          0          0.0               20         NaN                        
3          0          0          0          0                  NaN                0              NaN                      0          0          0.0               20         NaN                        
4          0          0          0          0                  NaN                0              NaN                      0          0          0.0               20         NaN                        
5          0          0          0          0                  NaN                0              NaN                      0          0          0.0               20         NaN                        
6          0          0          0          0                  NaN                0              NaN                      0          0          0.0               20         NaN                        
7          0          0          0          0                  NaN                0              NaN                      0          0          0.0               20         NaN                        
8          0          0          0          0                  NaN                0              NaN                      0          0          0.0               20         NaN                        
9          0          0          0          0                  NaN                0              NaN                      0          0          0.0               20         NaN                        
10         0          0          0          0                  NaN                0              NaN                      0          0          0.0               20         NaN                        
11         0          0          0          0                  NaN                0              NaN                      0          0          0.0               20         NaN                        
12         0          0          0          0                  NaN                0              NaN                      0          0          0.0               20         NaN                        
13         0          0          0          0                  NaN                0              NaN                      0          0          0.0               20         NaN                        
14         0          0          0          0                  NaN                0              NaN                      0          0          0.0               20         NaN                        
15         0          0          0          0                  NaN                0              NaN                      0          0          0.0               20         NaN                        
16         0          0          0          0                  NaN                0              NaN                      0          0          0.0               20         NaN                        
17         0          0          0          0                  NaN                0              NaN                      0          0          0.0               20         NaN                        
18         0          0          0          0                  NaN                0              NaN                      0          0          0.0               20         NaN                        
19         0          0          0          0                  NaN                0              NaN                      0          0          0.0               20         NaN                        
20         0          0          0          0                  NaN                0              NaN                      0          0          0.0               20         NaN                        
21         0          0          0          0                  NaN                0              NaN                      0          0          0.0               20         NaN                        
22         0          0          0          0                  NaN                0              NaN                      0          0          0.0               20         NaN                        
23         0          0          0          0                  NaN                0              NaN                      0          0          0.0               20         NaN                        
24         0          0          0          0                  NaN                0              NaN                      0          0          0.0               20         NaN                        
25         0          0          0          0                  NaN                0              NaN                      0          0          0.0               20         NaN                        
26         0          0          0          0                  NaN                0              NaN                      0          0          0.0               20         NaN                        
27         0          0          0          0                  NaN                0              NaN                      0          0          0.0               20         NaN                        
28         0          0          0          0                  NaN                0              NaN                      0          0          0.0               20         NaN                        
29         0          0          0          0                  NaN                0              NaN                      0          0          0.0               20         NaN                        
30         0          0          20         20                 1,00               20             1,00                     20         20         1.0               20          0,00                      
31         0          0          20         20                 1,00               20             1,00                     20         20         1.0               20          0,00                      
32         0          0          20         20                 1,00               20             1,00                     20         20         1.0               20          0,00                      
33         20         0          0          20                 1,00               20             1,00                     20         20         1.0               20         -------------------- 100,00
35         0          0          20         20                 1,00               20             1,00                     20         20         1.0               20          0,00                      
36         0          0          20         20                 1,00               20             1,00                     20         20         1.0               20          0,00                      
37         0          0          20         20                 1,00               20             1,00                     20         20         1.0               20          0,00                      
38         20         0          0          20                 1,00               20             1,00                     20         20         1.0               20         -------------------- 100,00
40         0          20         0          20                 1,00               20             1,00                     20         20         1.0               20          0,00                      
41         20         160        0          900                5,00               180            1,00                     180        180        9.0               20         --- 11,11                  
42         160        0          20         1620               9,00               180            1,00                     180        180        9.0               20         ------------------ 88,89   
44         160        0          0          1280               8,00               160            1,00                     160        160        8.0               20         -------------------- 100,00
45         0          160        0          1280               8,00               160            1,00                     160        160        8.0               20          0,00                      
46         0          160        0          1280               8,00               160            1,00                     160        160        8.0               20          0,00                      
47         0          160        0          1280               8,00               160            1,00                     160        160        8.0               20          0,00                      
48         20         140        0          1280               8,00               160            1,00                     160        160        8.0               20         --- 12,50                  
49         0          160        0          1280               8,00               160            1,00                     160        160        8.0               20          0,00                      
50         0          160        0          1280               8,00               160            1,00                     160        160        8.0               20          0,00                      
51         0          160        0          1280               8,00               160            1,00                     160        160        8.0               20          0,00                      
52         0          160        0          1280               8,00               160            1,00                     160        160        8.0               20          0,00                      
53         0          160        0          1280               8,00               160            1,00                     160        160        8.0               20          0,00                      
54         0          160        0          1280               8,00               160            1,00                     160        160        8.0               20          0,00                      
55         0          100        60         1100               6,88               160            1,00                     160        160        8.0               20          0,00                      
56         0          160        0          1280               8,00               160            1,00                     160        160        8.0               20          0,00                      
57         0          160        0          1280               8,00               160            1,00                     160        160        8.0               20          0,00                      
58         0          160        0          1280               8,00               160            1,00                     160        160        8.0               20          0,00                      
59         0          100        60         1100               6,88               160            1,00                     160        160        8.0               20          0,00                      
60         0          160        0          1280               8,00               160            1,00                     160        160        8.0               20          0,00                      
61         0          100        60         1100               6,88               160            1,00                     160        160        8.0               20          0,00                      
62         0          160        0          1280               8,00               160            1,00                     160        160        8.0               20          0,00                      
63         0          0          160        720                4,50               160            1,00                     160        160        8.0               20          0,00                      
64         0          0          160        720                4,50               160            1,00                     160        160        8.0               20          0,00                      
65         0          0          160        720                4,50               160            1,00                     160        160        8.0               20          0,00                      
66         0          0          160        720                4,50               160            1,00                     160        160        8.0               20          0,00                      
67         0          0          160        720                4,50               160            1,00                     160        160        8.0               20          0,00                      
68         0          0          160        720                4,50               160            1,00                     160        160        8.0               20          0,00                      
69         0          160        0          1280               8,00               160            1,00                     160        160        8.0               20          0,00                      
70         0          160        0          1280               8,00               160            1,00                     160        160        8.0               20          0,00                      
71         0          160        0          1280               8,00               160            1,00                     160        160        8.0               20          0,00                      
72         0          100        60         1100               6,88               160            1,00                     160        160        8.0               20          0,00                      
73         0          160        0          1280               8,00               160            1,00                     160        160        8.0               20          0,00                      
74         0          160        0          1280               8,00               160            1,00                     160        160        8.0               20          0,00                      
75         0          100        60         1140               7,13               160            1,00                     160        160        8.0               20          0,00                      
76         0          120        40         1180               7,38               160            1,00                     160        160        8.0               20          0,00                      
77         0          160        0          1280               8,00               160            1,00                     160        160        8.0               20          0,00                      
78         0          160        0          1280               8,00               160            1,00                     160        160        8.0               20          0,00                      
79         20         0          0          20                 1,00               20             1,00                     20         20         1.0               20         -------------------- 100,00
81         0          20         0          20                 1,00               20             1,00                     20         20         1.0               20          0,00                      
82         0          20         0          20                 1,00               20             1,00                     20         20         1.0               20          0,00                      
84         20         0          0          20                 1,00               20             1,00                     20         20         1.0               20         -------------------- 100,00
85         0          20         0          20                 1,00               20             1,00                     20         20         1.0               20          0,00                      
86         4460       680        0          1295480            252,04             5140           1,00                     5140       5140       257.0             20         ------------------ 86,77   
87         5120       0          20         1320980            257,00             5140           1,00                     5140       5140       257.0             20         -------------------- 99,61 
89         5120       0          0          1310720            256,00             5120           1,00                     5120       5120       256.0             20         -------------------- 100,00
90         1260       2860       1000       1286220            251,21             5120           1,00                     5120       5120       256.0             20         ----- 24,61                
91         1840       3280       0          1310720            256,00             5120           1,00                     5120       5120       256.0             20         -------- 35,94             
92         0          0          20         20                 1,00               20             1,00                     20         20         1.0               20          0,00                      
93         0          20         0          20                 1,00               20             1,00                     20         20         1.0               20          0,00                      
94         0          20         0          20                 1,00               20             1,00                     20         20         1.0               20          0,00                      
95         4620       520        0          1295480            252,04             5140           1,00                     5140       5140       257.0             20         ------------------ 89,88   
96         5120       0          20         1320980            257,00             5140           1,00                     5140       5140       257.0             20         -------------------- 99,61 
98         5120       0          0          1310720            256,00             5120           1,00                     5120       5120       256.0             20         -------------------- 100,00
99         0          0          5120       657920             128,50             5120           1,00                     5120       5120       256.0             20          0,00                      
100        280        4840       0          1310720            256,00             5120           1,00                     5120       5120       256.0             20         -- 5,47                    
101        820        4300       0          1310720            256,00             5120           1,00                     5120       5120       256.0             20         ---- 16,02                 
102        280        4840       0          1310720            256,00             5120           1,00                     5120       5120       256.0             20         -- 5,47                    
103        0          4120       1000       1286220            251,21             5120           1,00                     5120       5120       256.0             20          0,00                      
104        280        4840       0          1310720            256,00             5120           1,00                     5120       5120       256.0             20         -- 5,47                    
105        280        4840       0          1310720            256,00             5120           1,00                     5120       5120       256.0             20         -- 5,47                    
106        280        4840       0          1310720            256,00             5120           1,00                     5120       5120       256.0             20         -- 5,47                    
107        280        4840       0          1310720            256,00             5120           1,00                     5120       5120       256.0             20         -- 5,47                    
108        160        2220       2740       950000             185,55             5120           1,00                     5120       5120       256.0             20         - 3,13                     
109        240        3860       1020       1174480            229,39             5120           1,00                     5120       5120       256.0             20         - 4,69                     
110        2180       1940       1000       1286220            251,21             5120           1,00                     5120       5120       256.0             20         --------- 42,58            
111        3120       2000       0          1310720            256,00             5120           1,00                     5120       5120       256.0             20         ------------- 60,94        
112        780        3340       1000       1286220            251,21             5120           1,00                     5120       5120       256.0             20         ---- 15,23                 
113        3780       320        1020       1174480            229,39             5120           1,00                     5120       5120       256.0             20         --------------- 73,83      
114        4740       380        0          1310720            256,00             5120           1,00                     5120       5120       256.0             20         ------------------- 92,58  
115        1580       2520       1020       1174480            229,39             5120           1,00                     5120       5120       256.0             20         ------- 30,86              
116        3120       2000       0          1310720            256,00             5120           1,00                     5120       5120       256.0             20         ------------- 60,94        
117        380        4740       0          1310720            256,00             5120           1,00                     5120       5120       256.0             20         -- 7,42                    
118        380        4740       0          1310720            256,00             5120           1,00                     5120       5120       256.0             20         -- 7,42                    
119        380        4740       0          1310720            256,00             5120           1,00                     5120       5120       256.0             20         -- 7,42                    
120        4500       0          620        1231360            240,50             5120           1,00                     5120       5120       256.0             20         ------------------ 87,89   
121        20         0          5100       657920             128,50             5120           1,00                     5120       5120       256.0             20         - 0,39                     
