aggregate data per location for Magnitude = 75
Exploration Plus Magnitude
magnitude value : 1 5 10 20 50 75 100 
PM : Numerical Perturbator
100 hex string of 16 byte
Random byte generated with 23 as seed
112 perturbation points
IndexLoc   #Success   #Failure   #Exception #CallAllExecs      AvgCallPerExec     #Perturbations AvgPerturbationPerExec   #Execs     #ExecsRef  AvgCallRefPerTask #Tasks     %Success                   
0          100        0          0          100                1,00               100            1,00                     100        100        1.0               100        -------------------- 100,00
1          100        0          0          100                1,00               100            1,00                     100        100        1.0               100        -------------------- 100,00
2          0          0          0          0                  NaN                0              NaN                      0          0          0.0               100        NaN                        
3          0          0          0          0                  NaN                0              NaN                      0          0          0.0               100        NaN                        
4          0          0          0          0                  NaN                0              NaN                      0          0          0.0               100        NaN                        
5          0          0          0          0                  NaN                0              NaN                      0          0          0.0               100        NaN                        
6          0          0          0          0                  NaN                0              NaN                      0          0          0.0               100        NaN                        
7          0          0          0          0                  NaN                0              NaN                      0          0          0.0               100        NaN                        
8          0          0          0          0                  NaN                0              NaN                      0          0          0.0               100        NaN                        
9          0          0          0          0                  NaN                0              NaN                      0          0          0.0               100        NaN                        
10         0          0          0          0                  NaN                0              NaN                      0          0          0.0               100        NaN                        
11         0          0          0          0                  NaN                0              NaN                      0          0          0.0               100        NaN                        
12         0          0          0          0                  NaN                0              NaN                      0          0          0.0               100        NaN                        
13         0          0          0          0                  NaN                0              NaN                      0          0          0.0               100        NaN                        
14         0          0          0          0                  NaN                0              NaN                      0          0          0.0               100        NaN                        
15         0          0          0          0                  NaN                0              NaN                      0          0          0.0               100        NaN                        
16         0          0          0          0                  NaN                0              NaN                      0          0          0.0               100        NaN                        
17         0          0          0          0                  NaN                0              NaN                      0          0          0.0               100        NaN                        
18         0          0          0          0                  NaN                0              NaN                      0          0          0.0               100        NaN                        
19         0          0          0          0                  NaN                0              NaN                      0          0          0.0               100        NaN                        
20         0          0          0          0                  NaN                0              NaN                      0          0          0.0               100        NaN                        
21         0          0          0          0                  NaN                0              NaN                      0          0          0.0               100        NaN                        
22         0          0          0          0                  NaN                0              NaN                      0          0          0.0               100        NaN                        
23         0          0          0          0                  NaN                0              NaN                      0          0          0.0               100        NaN                        
24         0          0          0          0                  NaN                0              NaN                      0          0          0.0               100        NaN                        
25         0          0          0          0                  NaN                0              NaN                      0          0          0.0               100        NaN                        
26         0          0          0          0                  NaN                0              NaN                      0          0          0.0               100        NaN                        
27         0          0          0          0                  NaN                0              NaN                      0          0          0.0               100        NaN                        
28         0          0          0          0                  NaN                0              NaN                      0          0          0.0               100        NaN                        
29         0          0          0          0                  NaN                0              NaN                      0          0          0.0               100        NaN                        
30         0          0          100        100                1,00               100            1,00                     100        100        1.0               100         0,00                      
31         0          0          100        100                1,00               100            1,00                     100        100        1.0               100         0,00                      
32         0          0          100        100                1,00               100            1,00                     100        100        1.0               100         0,00                      
33         100        0          0          100                1,00               100            1,00                     100        100        1.0               100        -------------------- 100,00
35         0          0          100        100                1,00               100            1,00                     100        100        1.0               100         0,00                      
36         0          0          100        100                1,00               100            1,00                     100        100        1.0               100         0,00                      
37         0          0          100        100                1,00               100            1,00                     100        100        1.0               100         0,00                      
38         100        0          0          100                1,00               100            1,00                     100        100        1.0               100        -------------------- 100,00
40         0          100        0          100                1,00               100            1,00                     100        100        1.0               100         0,00                      
41         100        800        0          4500               5,00               900            1,00                     900        900        9.0               100        --- 11,11                  
42         800        0          100        8100               9,00               900            1,00                     900        900        9.0               100        ------------------ 88,89   
44         0          800        0          6400               8,00               800            1,00                     800        800        8.0               100         0,00                      
45         0          800        0          6400               8,00               800            1,00                     800        800        8.0               100         0,00                      
46         0          800        0          6400               8,00               800            1,00                     800        800        8.0               100         0,00                      
47         200        600        0          6400               8,00               800            1,00                     800        800        8.0               100        ----- 25,00                
48         0          800        0          6400               8,00               800            1,00                     800        800        8.0               100         0,00                      
49         0          800        0          6400               8,00               800            1,00                     800        800        8.0               100         0,00                      
50         0          800        0          6400               8,00               800            1,00                     800        800        8.0               100         0,00                      
51         0          800        0          6400               8,00               800            1,00                     800        800        8.0               100         0,00                      
52         0          800        0          6400               8,00               800            1,00                     800        800        8.0               100         0,00                      
53         0          800        0          6400               8,00               800            1,00                     800        800        8.0               100         0,00                      
54         0          400        400        5300               6,63               800            1,00                     800        800        8.0               100         0,00                      
55         0          800        0          6400               8,00               800            1,00                     800        800        8.0               100         0,00                      
56         0          800        0          6400               8,00               800            1,00                     800        800        8.0               100         0,00                      
57         0          800        0          6400               8,00               800            1,00                     800        800        8.0               100         0,00                      
58         0          400        400        5300               6,63               800            1,00                     800        800        8.0               100         0,00                      
59         0          800        0          6400               8,00               800            1,00                     800        800        8.0               100         0,00                      
60         0          400        400        5300               6,63               800            1,00                     800        800        8.0               100         0,00                      
61         0          800        0          6400               8,00               800            1,00                     800        800        8.0               100         0,00                      
62         0          0          800        3600               4,50               800            1,00                     800        800        8.0               100         0,00                      
63         0          0          800        3600               4,50               800            1,00                     800        800        8.0               100         0,00                      
64         0          0          800        3600               4,50               800            1,00                     800        800        8.0               100         0,00                      
65         0          0          800        3600               4,50               800            1,00                     800        800        8.0               100         0,00                      
66         0          0          800        3600               4,50               800            1,00                     800        800        8.0               100         0,00                      
67         0          0          800        3600               4,50               800            1,00                     800        800        8.0               100         0,00                      
68         0          800        0          6400               8,00               800            1,00                     800        800        8.0               100         0,00                      
69         0          800        0          6400               8,00               800            1,00                     800        800        8.0               100         0,00                      
70         0          800        0          6400               8,00               800            1,00                     800        800        8.0               100         0,00                      
71         0          400        400        5300               6,63               800            1,00                     800        800        8.0               100         0,00                      
72         0          800        0          6400               8,00               800            1,00                     800        800        8.0               100         0,00                      
73         0          800        0          6400               8,00               800            1,00                     800        800        8.0               100         0,00                      
74         0          500        300        5700               7,13               800            1,00                     800        800        8.0               100         0,00                      
75         0          500        300        5700               7,13               800            1,00                     800        800        8.0               100         0,00                      
76         0          800        0          6400               8,00               800            1,00                     800        800        8.0               100         0,00                      
77         0          800        0          6400               8,00               800            1,00                     800        800        8.0               100         0,00                      
78         100        0          0          100                1,00               100            1,00                     100        100        1.0               100        -------------------- 100,00
80         0          100        0          100                1,00               100            1,00                     100        100        1.0               100         0,00                      
81         0          100        0          100                1,00               100            1,00                     100        100        1.0               100         0,00                      
83         100        0          0          100                1,00               100            1,00                     100        100        1.0               100        -------------------- 100,00
84         0          100        0          100                1,00               100            1,00                     100        100        1.0               100         0,00                      
85         19800      5900       0          6319900            245,91             25700          1,00                     25700      25700      257.0             100        ---------------- 77,04     
86         25600      0          100        6604900            257,00             25700          1,00                     25700      25700      257.0             100        -------------------- 99,61 
88         4700       13400      7500       6276100            245,16             25600          1,00                     25600      25600      256.0             100        ---- 18,36                 
89         9200       16400      0          6553600            256,00             25600          1,00                     25600      25600      256.0             100        -------- 35,94             
90         0          0          100        100                1,00               100            1,00                     100        100        1.0               100         0,00                      
91         0          100        0          100                1,00               100            1,00                     100        100        1.0               100         0,00                      
92         0          100        0          100                1,00               100            1,00                     100        100        1.0               100         0,00                      
93         20600      5100       0          6319900            245,91             25700          1,00                     25700      25700      257.0             100        ----------------- 80,16    
94         25600      0          100        6604900            257,00             25700          1,00                     25700      25700      257.0             100        -------------------- 99,61 
96         0          0          25600      3289600            128,50             25600          1,00                     25600      25600      256.0             100         0,00                      
97         500        25100      0          6553600            256,00             25600          1,00                     25600      25600      256.0             100        - 1,95                     
98         800        24800      0          6553600            256,00             25600          1,00                     25600      25600      256.0             100        - 3,13                     
99         500        25100      0          6553600            256,00             25600          1,00                     25600      25600      256.0             100        - 1,95                     
100        0          18100      7500       6276100            245,16             25600          1,00                     25600      25600      256.0             100         0,00                      
101        500        25100      0          6553600            256,00             25600          1,00                     25600      25600      256.0             100        - 1,95                     
102        500        25100      0          6553600            256,00             25600          1,00                     25600      25600      256.0             100        - 1,95                     
103        500        25100      0          6553600            256,00             25600          1,00                     25600      25600      256.0             100        - 1,95                     
104        500        25100      0          6553600            256,00             25600          1,00                     25600      25600      256.0             100        - 1,95                     
105        700        11200      13700      4750000            185,55             25600          1,00                     25600      25600      256.0             100        - 2,73                     
106        300        17700      7600       5591000            218,40             25600          1,00                     25600      25600      256.0             100        - 1,17                     
107        8700       9400       7500       6276100            245,16             25600          1,00                     25600      25600      256.0             100        ------- 33,98              
108        14700      10900      0          6553600            256,00             25600          1,00                     25600      25600      256.0             100        ------------ 57,42         
109        4000       14100      7500       6276100            245,16             25600          1,00                     25600      25600      256.0             100        ---- 15,63                 
110        16500      1500       7600       5591000            218,40             25600          1,00                     25600      25600      256.0             100        ------------- 64,45        
111        23700      1900       0          6553600            256,00             25600          1,00                     25600      25600      256.0             100        ------------------- 92,58  
112        7000       11000      7600       5591000            218,40             25600          1,00                     25600      25600      256.0             100        ------ 27,34               
113        14700      10900      0          6553600            256,00             25600          1,00                     25600      25600      256.0             100        ------------ 57,42         
114        800        24800      0          6553600            256,00             25600          1,00                     25600      25600      256.0             100        - 3,13                     
115        800        24800      0          6553600            256,00             25600          1,00                     25600      25600      256.0             100        - 3,13                     
116        800        24800      0          6553600            256,00             25600          1,00                     25600      25600      256.0             100        - 3,13                     
117        22500      0          3100       6156800            240,50             25600          1,00                     25600      25600      256.0             100        ------------------ 87,89   
118        100        0          25500      3289600            128,50             25600          1,00                     25600      25600      256.0             100        - 0,39                     
