aggregate data per location for random rate = 0.2 and with Perturbator = 1
Exploration Plus One
PONE : plus one perturbator
20 hex string of 16 byte
Random byte generated with 23 as seed
112 perturbation points
IndexLoc   #Success   #Failure   #Exception #CallAllExecs      AvgCallPerExec     #Perturbations AvgPerturbationPerExec   #Execs     #Tasks     %Success                   
0          100        0          0          100                1,00               24             0,24                     100        20         -------------------- 100,00
1          100        0          0          100                1,00               24             0,24                     100        20         -------------------- 100,00
2          100        0          0          0                  0,00               0              0,00                     100        20         NaN                        
3          100        0          0          0                  0,00               0              0,00                     100        20         NaN                        
4          100        0          0          0                  0,00               0              0,00                     100        20         NaN                        
5          100        0          0          0                  0,00               0              0,00                     100        20         NaN                        
6          100        0          0          0                  0,00               0              0,00                     100        20         NaN                        
7          100        0          0          0                  0,00               0              0,00                     100        20         NaN                        
8          100        0          0          0                  0,00               0              0,00                     100        20         NaN                        
9          100        0          0          0                  0,00               0              0,00                     100        20         NaN                        
10         100        0          0          0                  0,00               0              0,00                     100        20         NaN                        
11         100        0          0          0                  0,00               0              0,00                     100        20         NaN                        
12         100        0          0          0                  0,00               0              0,00                     100        20         NaN                        
13         100        0          0          0                  0,00               0              0,00                     100        20         NaN                        
14         100        0          0          0                  0,00               0              0,00                     100        20         NaN                        
15         100        0          0          0                  0,00               0              0,00                     100        20         NaN                        
16         100        0          0          0                  0,00               0              0,00                     100        20         NaN                        
17         100        0          0          0                  0,00               0              0,00                     100        20         NaN                        
18         100        0          0          0                  0,00               0              0,00                     100        20         NaN                        
19         100        0          0          0                  0,00               0              0,00                     100        20         NaN                        
20         100        0          0          0                  0,00               0              0,00                     100        20         NaN                        
21         100        0          0          0                  0,00               0              0,00                     100        20         NaN                        
22         100        0          0          0                  0,00               0              0,00                     100        20         NaN                        
23         100        0          0          0                  0,00               0              0,00                     100        20         NaN                        
24         100        0          0          0                  0,00               0              0,00                     100        20         NaN                        
25         100        0          0          0                  0,00               0              0,00                     100        20         NaN                        
26         100        0          0          0                  0,00               0              0,00                     100        20         NaN                        
27         100        0          0          0                  0,00               0              0,00                     100        20         NaN                        
28         100        0          0          0                  0,00               0              0,00                     100        20         NaN                        
29         100        0          0          0                  0,00               0              0,00                     100        20         NaN                        
30         76         0          24         100                1,00               24             0,24                     100        20         ---------------- 76,00     
31         76         0          24         100                1,00               24             0,24                     100        20         ---------------- 76,00     
32         76         0          24         100                1,00               24             0,24                     100        20         ---------------- 76,00     
33         100        0          0          100                1,00               24             0,24                     100        20         -------------------- 100,00
35         76         0          24         100                1,00               24             0,24                     100        20         ---------------- 76,00     
36         76         0          24         100                1,00               24             0,24                     100        20         ---------------- 76,00     
37         76         0          24         100                1,00               24             0,24                     100        20         ---------------- 76,00     
38         100        0          0          100                1,00               24             0,24                     100        20         -------------------- 100,00
40         76         24         0          100                1,00               24             0,24                     100        20         ---------------- 76,00     
41         76         24         0          876                8,76               194            1,94                     100        20         ---------------- 76,00     
42         80         0          20         900                9,00               198            1,98                     100        20         ---------------- 80,00     
44         16         84         0          800                8,00               178            1,78                     100        20         ---- 16,00                 
45         16         84         0          800                8,00               178            1,78                     100        20         ---- 16,00                 
46         16         84         0          800                8,00               178            1,78                     100        20         ---- 16,00                 
47         16         84         0          800                8,00               178            1,78                     100        20         ---- 16,00                 
48         16         84         0          800                8,00               178            1,78                     100        20         ---- 16,00                 
49         16         84         0          800                8,00               178            1,78                     100        20         ---- 16,00                 
50         16         84         0          800                8,00               178            1,78                     100        20         ---- 16,00                 
51         16         84         0          800                8,00               178            1,78                     100        20         ---- 16,00                 
52         16         84         0          800                8,00               178            1,78                     100        20         ---- 16,00                 
53         14         58         28         753                7,53               167            1,67                     100        20         --- 14,00                  
54         16         84         0          800                8,00               178            1,78                     100        20         ---- 16,00                 
55         16         84         0          800                8,00               178            1,78                     100        20         ---- 16,00                 
56         16         84         0          800                8,00               178            1,78                     100        20         ---- 16,00                 
57         16         84         0          800                8,00               178            1,78                     100        20         ---- 16,00                 
58         16         84         0          800                8,00               178            1,78                     100        20         ---- 16,00                 
59         16         84         0          800                8,00               178            1,78                     100        20         ---- 16,00                 
60         16         84         0          800                8,00               178            1,78                     100        20         ---- 16,00                 
61         16         84         0          800                8,00               178            1,78                     100        20         ---- 16,00                 
62         16         66         18         800                8,00               178            1,78                     100        20         ---- 16,00                 
63         16         66         18         800                8,00               178            1,78                     100        20         ---- 16,00                 
64         16         66         18         800                8,00               178            1,78                     100        20         ---- 16,00                 
65         16         66         18         800                8,00               178            1,78                     100        20         ---- 16,00                 
66         16         66         18         800                8,00               178            1,78                     100        20         ---- 16,00                 
67         16         66         18         800                8,00               178            1,78                     100        20         ---- 16,00                 
68         16         84         0          800                8,00               178            1,78                     100        20         ---- 16,00                 
69         16         84         0          800                8,00               178            1,78                     100        20         ---- 16,00                 
70         16         84         0          800                8,00               178            1,78                     100        20         ---- 16,00                 
71         16         84         0          800                8,00               178            1,78                     100        20         ---- 16,00                 
72         16         84         0          800                8,00               178            1,78                     100        20         ---- 16,00                 
73         16         84         0          800                8,00               178            1,78                     100        20         ---- 16,00                 
74         14         32         54         655                6,55               147            1,47                     100        20         --- 14,00                  
75         16         84         0          800                8,00               178            1,78                     100        20         ---- 16,00                 
76         16         84         0          800                8,00               178            1,78                     100        20         ---- 16,00                 
77         16         84         0          800                8,00               178            1,78                     100        20         ---- 16,00                 
78         100        0          0          100                1,00               24             0,24                     100        20         -------------------- 100,00
80         76         24         0          100                1,00               24             0,24                     100        20         ---------------- 76,00     
81         76         24         0          100                1,00               24             0,24                     100        20         ---------------- 76,00     
83         100        0          0          100                1,00               24             0,24                     100        20         -------------------- 100,00
84         100        0          0          100                1,00               24             0,24                     100        20         -------------------- 100,00
85         100        0          0          25681              256,81             5167           51,67                    100        20         -------------------- 100,00
86         83         0          17         25700              257,00             5168           51,68                    100        20         ----------------- 83,00    
88         0          83         17         25600              256,00             5153           51,53                    100        20          0,00                      
89         0          100        0          25600              256,00             5153           51,53                    100        20          0,00                      
90         76         24         0          100                1,00               24             0,24                     100        20         ---------------- 76,00     
91         76         24         0          100                1,00               24             0,24                     100        20         ---------------- 76,00     
92         76         24         0          100                1,00               24             0,24                     100        20         ---------------- 76,00     
93         100        0          0          25681              256,81             5167           51,67                    100        20         -------------------- 100,00
94         83         0          17         25700              257,00             5168           51,68                    100        20         ----------------- 83,00    
96         0          0          100        3440               34,40              697            6,97                     100        20          0,00                      
97         0          100        0          25600              256,00             5153           51,53                    100        20          0,00                      
98         0          100        0          25600              256,00             5153           51,53                    100        20          0,00                      
99         0          100        0          25600              256,00             5153           51,53                    100        20          0,00                      
100        0          83         17         25600              256,00             5153           51,53                    100        20          0,00                      
101        0          100        0          25600              256,00             5153           51,53                    100        20          0,00                      
102        0          100        0          25600              256,00             5153           51,53                    100        20          0,00                      
103        0          100        0          25600              256,00             5153           51,53                    100        20          0,00                      
104        0          100        0          25600              256,00             5153           51,53                    100        20          0,00                      
105        0          0          100        1127               11,27              238            2,38                     100        20          0,00                      
106        0          82         18         23507              235,07             4666           46,66                    100        20          0,00                      
107        0          83         17         25600              256,00             5153           51,53                    100        20          0,00                      
108        0          100        0          25600              256,00             5153           51,53                    100        20          0,00                      
109        0          83         17         25600              256,00             5153           51,53                    100        20          0,00                      
110        3          69         28         25152              251,52             5055           50,55                    100        20         - 3,00                     
111        4          96         0          25600              256,00             5153           51,53                    100        20         - 4,00                     
112        0          90         10         24761              247,61             4965           49,65                    100        20          0,00                      
113        0          100        0          25600              256,00             5153           51,53                    100        20          0,00                      
114        0          100        0          25600              256,00             5153           51,53                    100        20          0,00                      
115        0          100        0          25600              256,00             5153           51,53                    100        20          0,00                      
116        0          100        0          25600              256,00             5153           51,53                    100        20          0,00                      
117        0          0          100        3440               34,40              697            6,97                     100        20          0,00                      
118        0          0          100        3582               35,82              730            7,30                     100        20          0,00                      
