aggregate data per location for random rate = 0.15 and with Perturbator = 1
Exploration Plus One
PONE : plus one perturbator
20 hex string of 16 byte
Random byte generated with 23 as seed
112 perturbation points
IndexLoc   #Success   #Failure   #Exception #CallAllExecs      AvgCallPerExec     #Perturbations AvgPerturbationPerExec   #Execs     #Tasks     %Success                   
0          100        0          0          100                1,00               20             0,20                     100        20         -------------------- 100,00
1          100        0          0          100                1,00               20             0,20                     100        20         -------------------- 100,00
2          100        0          0          0                  0,00               0              0,00                     100        20         NaN                        
3          100        0          0          0                  0,00               0              0,00                     100        20         NaN                        
4          100        0          0          0                  0,00               0              0,00                     100        20         NaN                        
5          100        0          0          0                  0,00               0              0,00                     100        20         NaN                        
6          100        0          0          0                  0,00               0              0,00                     100        20         NaN                        
7          100        0          0          0                  0,00               0              0,00                     100        20         NaN                        
8          100        0          0          0                  0,00               0              0,00                     100        20         NaN                        
9          100        0          0          0                  0,00               0              0,00                     100        20         NaN                        
10         100        0          0          0                  0,00               0              0,00                     100        20         NaN                        
11         100        0          0          0                  0,00               0              0,00                     100        20         NaN                        
12         100        0          0          0                  0,00               0              0,00                     100        20         NaN                        
13         100        0          0          0                  0,00               0              0,00                     100        20         NaN                        
14         100        0          0          0                  0,00               0              0,00                     100        20         NaN                        
15         100        0          0          0                  0,00               0              0,00                     100        20         NaN                        
16         100        0          0          0                  0,00               0              0,00                     100        20         NaN                        
17         100        0          0          0                  0,00               0              0,00                     100        20         NaN                        
18         100        0          0          0                  0,00               0              0,00                     100        20         NaN                        
19         100        0          0          0                  0,00               0              0,00                     100        20         NaN                        
20         100        0          0          0                  0,00               0              0,00                     100        20         NaN                        
21         100        0          0          0                  0,00               0              0,00                     100        20         NaN                        
22         100        0          0          0                  0,00               0              0,00                     100        20         NaN                        
23         100        0          0          0                  0,00               0              0,00                     100        20         NaN                        
24         100        0          0          0                  0,00               0              0,00                     100        20         NaN                        
25         100        0          0          0                  0,00               0              0,00                     100        20         NaN                        
26         100        0          0          0                  0,00               0              0,00                     100        20         NaN                        
27         100        0          0          0                  0,00               0              0,00                     100        20         NaN                        
28         100        0          0          0                  0,00               0              0,00                     100        20         NaN                        
29         100        0          0          0                  0,00               0              0,00                     100        20         NaN                        
30         80         0          20         100                1,00               20             0,20                     100        20         ---------------- 80,00     
31         80         0          20         100                1,00               20             0,20                     100        20         ---------------- 80,00     
32         80         0          20         100                1,00               20             0,20                     100        20         ---------------- 80,00     
33         100        0          0          100                1,00               20             0,20                     100        20         -------------------- 100,00
35         80         0          20         100                1,00               20             0,20                     100        20         ---------------- 80,00     
36         80         0          20         100                1,00               20             0,20                     100        20         ---------------- 80,00     
37         80         0          20         100                1,00               20             0,20                     100        20         ---------------- 80,00     
38         100        0          0          100                1,00               20             0,20                     100        20         -------------------- 100,00
40         80         20         0          100                1,00               20             0,20                     100        20         ---------------- 80,00     
41         76         24         0          876                8,76               151            1,51                     100        20         ---------------- 76,00     
42         83         0          17         900                9,00               154            1,54                     100        20         ----------------- 83,00    
44         22         78         0          800                8,00               137            1,37                     100        20         ----- 22,00                
45         22         78         0          800                8,00               137            1,37                     100        20         ----- 22,00                
46         22         78         0          800                8,00               137            1,37                     100        20         ----- 22,00                
47         22         78         0          800                8,00               137            1,37                     100        20         ----- 22,00                
48         22         78         0          800                8,00               137            1,37                     100        20         ----- 22,00                
49         22         78         0          800                8,00               137            1,37                     100        20         ----- 22,00                
50         22         78         0          800                8,00               137            1,37                     100        20         ----- 22,00                
51         22         78         0          800                8,00               137            1,37                     100        20         ----- 22,00                
52         22         78         0          800                8,00               137            1,37                     100        20         ----- 22,00                
53         28         51         21         761                7,61               129            1,29                     100        20         ------ 28,00               
54         22         78         0          800                8,00               137            1,37                     100        20         ----- 22,00                
55         22         78         0          800                8,00               137            1,37                     100        20         ----- 22,00                
56         22         78         0          800                8,00               137            1,37                     100        20         ----- 22,00                
57         22         78         0          800                8,00               137            1,37                     100        20         ----- 22,00                
58         22         78         0          800                8,00               137            1,37                     100        20         ----- 22,00                
59         22         78         0          800                8,00               137            1,37                     100        20         ----- 22,00                
60         22         78         0          800                8,00               137            1,37                     100        20         ----- 22,00                
61         22         78         0          800                8,00               137            1,37                     100        20         ----- 22,00                
62         22         63         15         800                8,00               137            1,37                     100        20         ----- 22,00                
63         22         63         15         800                8,00               137            1,37                     100        20         ----- 22,00                
64         22         63         15         800                8,00               137            1,37                     100        20         ----- 22,00                
65         22         63         15         800                8,00               137            1,37                     100        20         ----- 22,00                
66         22         63         15         800                8,00               137            1,37                     100        20         ----- 22,00                
67         22         63         15         800                8,00               137            1,37                     100        20         ----- 22,00                
68         22         78         0          800                8,00               137            1,37                     100        20         ----- 22,00                
69         22         78         0          800                8,00               137            1,37                     100        20         ----- 22,00                
70         22         78         0          800                8,00               137            1,37                     100        20         ----- 22,00                
71         22         78         0          800                8,00               137            1,37                     100        20         ----- 22,00                
72         22         78         0          800                8,00               137            1,37                     100        20         ----- 22,00                
73         22         78         0          800                8,00               137            1,37                     100        20         ----- 22,00                
74         21         31         48         669                6,69               110            1,10                     100        20         ----- 21,00                
75         22         78         0          800                8,00               137            1,37                     100        20         ----- 22,00                
76         22         78         0          800                8,00               137            1,37                     100        20         ----- 22,00                
77         22         78         0          800                8,00               137            1,37                     100        20         ----- 22,00                
78         100        0          0          100                1,00               20             0,20                     100        20         -------------------- 100,00
80         80         20         0          100                1,00               20             0,20                     100        20         ---------------- 80,00     
81         80         20         0          100                1,00               20             0,20                     100        20         ---------------- 80,00     
83         100        0          0          100                1,00               20             0,20                     100        20         -------------------- 100,00
84         100        0          0          100                1,00               20             0,20                     100        20         -------------------- 100,00
85         100        0          0          25687              256,87             3907           39,07                    100        20         -------------------- 100,00
86         88         0          12         25700              257,00             3907           39,07                    100        20         ------------------ 88,00   
88         0          88         12         25600              256,00             3896           38,96                    100        20          0,00                      
89         0          100        0          25600              256,00             3896           38,96                    100        20          0,00                      
90         80         20         0          100                1,00               20             0,20                     100        20         ---------------- 80,00     
91         80         20         0          100                1,00               20             0,20                     100        20         ---------------- 80,00     
92         80         20         0          100                1,00               20             0,20                     100        20         ---------------- 80,00     
93         100        0          0          25687              256,87             3907           39,07                    100        20         -------------------- 100,00
94         88         0          12         25700              257,00             3907           39,07                    100        20         ------------------ 88,00   
96         0          0          100        4136               41,36              649            6,49                     100        20          0,00                      
97         0          100        0          25600              256,00             3896           38,96                    100        20          0,00                      
98         0          100        0          25600              256,00             3896           38,96                    100        20          0,00                      
99         0          100        0          25600              256,00             3896           38,96                    100        20          0,00                      
100        0          88         12         25600              256,00             3896           38,96                    100        20          0,00                      
101        0          100        0          25600              256,00             3896           38,96                    100        20          0,00                      
102        0          100        0          25600              256,00             3896           38,96                    100        20          0,00                      
103        0          100        0          25600              256,00             3896           38,96                    100        20          0,00                      
104        0          100        0          25600              256,00             3896           38,96                    100        20          0,00                      
105        0          0          100        1376               13,76              224            2,24                     100        20          0,00                      
106        0          86         14         23966              239,66             3600           36,00                    100        20          0,00                      
107        0          88         12         25600              256,00             3896           38,96                    100        20          0,00                      
108        0          100        0          25600              256,00             3896           38,96                    100        20          0,00                      
109        0          88         12         25600              256,00             3896           38,96                    100        20          0,00                      
110        2          80         18         25312              253,12             3844           38,44                    100        20         - 2,00                     
111        5          95         0          25600              256,00             3896           38,96                    100        20         - 5,00                     
112        0          91         9          24725              247,25             3741           37,41                    100        20          0,00                      
113        0          100        0          25600              256,00             3896           38,96                    100        20          0,00                      
114        0          100        0          25600              256,00             3896           38,96                    100        20          0,00                      
115        0          100        0          25600              256,00             3896           38,96                    100        20          0,00                      
116        0          100        0          25600              256,00             3896           38,96                    100        20          0,00                      
117        0          0          100        4136               41,36              649            6,49                     100        20          0,00                      
118        0          0          100        4687               46,87              737            7,37                     100        20          0,00                      
