aggregate data per location for random rate = 0.01 and with Perturbator = 1
Exploration Plus One
PONE : plus one perturbator
20 hex string of 16 byte
Random byte generated with 23 as seed
112 perturbation points
IndexLoc   #Success   #Failure   #Exception #CallAllExecs      AvgCallPerExec     #Perturbations AvgPerturbationPerExec   #Execs     #Tasks     %Success                   
0          100        0          0          100                1,00               1              0,01                     100        20         -------------------- 100,00
1          100        0          0          100                1,00               1              0,01                     100        20         -------------------- 100,00
2          100        0          0          0                  0,00               0              0,00                     100        20         NaN                        
3          100        0          0          0                  0,00               0              0,00                     100        20         NaN                        
4          100        0          0          0                  0,00               0              0,00                     100        20         NaN                        
5          100        0          0          0                  0,00               0              0,00                     100        20         NaN                        
6          100        0          0          0                  0,00               0              0,00                     100        20         NaN                        
7          100        0          0          0                  0,00               0              0,00                     100        20         NaN                        
8          100        0          0          0                  0,00               0              0,00                     100        20         NaN                        
9          100        0          0          0                  0,00               0              0,00                     100        20         NaN                        
10         100        0          0          0                  0,00               0              0,00                     100        20         NaN                        
11         100        0          0          0                  0,00               0              0,00                     100        20         NaN                        
12         100        0          0          0                  0,00               0              0,00                     100        20         NaN                        
13         100        0          0          0                  0,00               0              0,00                     100        20         NaN                        
14         100        0          0          0                  0,00               0              0,00                     100        20         NaN                        
15         100        0          0          0                  0,00               0              0,00                     100        20         NaN                        
16         100        0          0          0                  0,00               0              0,00                     100        20         NaN                        
17         100        0          0          0                  0,00               0              0,00                     100        20         NaN                        
18         100        0          0          0                  0,00               0              0,00                     100        20         NaN                        
19         100        0          0          0                  0,00               0              0,00                     100        20         NaN                        
20         100        0          0          0                  0,00               0              0,00                     100        20         NaN                        
21         100        0          0          0                  0,00               0              0,00                     100        20         NaN                        
22         100        0          0          0                  0,00               0              0,00                     100        20         NaN                        
23         100        0          0          0                  0,00               0              0,00                     100        20         NaN                        
24         100        0          0          0                  0,00               0              0,00                     100        20         NaN                        
25         100        0          0          0                  0,00               0              0,00                     100        20         NaN                        
26         100        0          0          0                  0,00               0              0,00                     100        20         NaN                        
27         100        0          0          0                  0,00               0              0,00                     100        20         NaN                        
28         100        0          0          0                  0,00               0              0,00                     100        20         NaN                        
29         100        0          0          0                  0,00               0              0,00                     100        20         NaN                        
30         99         0          1          100                1,00               1              0,01                     100        20         -------------------- 99,00 
31         99         0          1          100                1,00               1              0,01                     100        20         -------------------- 99,00 
32         99         0          1          100                1,00               1              0,01                     100        20         -------------------- 99,00 
33         100        0          0          100                1,00               1              0,01                     100        20         -------------------- 100,00
35         99         0          1          100                1,00               1              0,01                     100        20         -------------------- 99,00 
36         99         0          1          100                1,00               1              0,01                     100        20         -------------------- 99,00 
37         99         0          1          100                1,00               1              0,01                     100        20         -------------------- 99,00 
38         100        0          0          100                1,00               1              0,01                     100        20         -------------------- 100,00
40         99         1          0          100                1,00               1              0,01                     100        20         -------------------- 99,00 
41         100        0          0          900                9,00               4              0,04                     100        20         -------------------- 100,00
42         100        0          0          900                9,00               4              0,04                     100        20         -------------------- 100,00
44         97         3          0          800                8,00               3              0,03                     100        20         -------------------- 97,00 
45         97         3          0          800                8,00               3              0,03                     100        20         -------------------- 97,00 
46         97         3          0          800                8,00               3              0,03                     100        20         -------------------- 97,00 
47         97         3          0          800                8,00               3              0,03                     100        20         -------------------- 97,00 
48         97         3          0          800                8,00               3              0,03                     100        20         -------------------- 97,00 
49         97         3          0          800                8,00               3              0,03                     100        20         -------------------- 97,00 
50         97         3          0          800                8,00               3              0,03                     100        20         -------------------- 97,00 
51         97         3          0          800                8,00               3              0,03                     100        20         -------------------- 97,00 
52         97         3          0          800                8,00               3              0,03                     100        20         -------------------- 97,00 
53         97         3          0          800                8,00               3              0,03                     100        20         -------------------- 97,00 
54         97         3          0          800                8,00               3              0,03                     100        20         -------------------- 97,00 
55         97         3          0          800                8,00               3              0,03                     100        20         -------------------- 97,00 
56         97         3          0          800                8,00               3              0,03                     100        20         -------------------- 97,00 
57         97         3          0          800                8,00               3              0,03                     100        20         -------------------- 97,00 
58         97         3          0          800                8,00               3              0,03                     100        20         -------------------- 97,00 
59         97         3          0          800                8,00               3              0,03                     100        20         -------------------- 97,00 
60         97         3          0          800                8,00               3              0,03                     100        20         -------------------- 97,00 
61         97         3          0          800                8,00               3              0,03                     100        20         -------------------- 97,00 
62         97         3          0          800                8,00               3              0,03                     100        20         -------------------- 97,00 
63         97         3          0          800                8,00               3              0,03                     100        20         -------------------- 97,00 
64         97         3          0          800                8,00               3              0,03                     100        20         -------------------- 97,00 
65         97         3          0          800                8,00               3              0,03                     100        20         -------------------- 97,00 
66         97         3          0          800                8,00               3              0,03                     100        20         -------------------- 97,00 
67         97         3          0          800                8,00               3              0,03                     100        20         -------------------- 97,00 
68         97         3          0          800                8,00               3              0,03                     100        20         -------------------- 97,00 
69         97         3          0          800                8,00               3              0,03                     100        20         -------------------- 97,00 
70         97         3          0          800                8,00               3              0,03                     100        20         -------------------- 97,00 
71         97         3          0          800                8,00               3              0,03                     100        20         -------------------- 97,00 
72         97         3          0          800                8,00               3              0,03                     100        20         -------------------- 97,00 
73         97         3          0          800                8,00               3              0,03                     100        20         -------------------- 97,00 
74         97         3          0          800                8,00               3              0,03                     100        20         -------------------- 97,00 
75         97         3          0          800                8,00               3              0,03                     100        20         -------------------- 97,00 
76         97         3          0          800                8,00               3              0,03                     100        20         -------------------- 97,00 
77         97         3          0          800                8,00               3              0,03                     100        20         -------------------- 97,00 
78         100        0          0          100                1,00               1              0,01                     100        20         -------------------- 100,00
80         99         1          0          100                1,00               1              0,01                     100        20         -------------------- 99,00 
81         99         1          0          100                1,00               1              0,01                     100        20         -------------------- 99,00 
83         100        0          0          100                1,00               1              0,01                     100        20         -------------------- 100,00
84         100        0          0          100                1,00               1              0,01                     100        20         -------------------- 100,00
85         100        0          0          25695              256,95             260            2,60                     100        20         -------------------- 100,00
86         100        0          0          25700              257,00             260            2,60                     100        20         -------------------- 100,00
88         23         77         0          25600              256,00             259            2,59                     100        20         ----- 23,00                
89         23         77         0          25600              256,00             259            2,59                     100        20         ----- 23,00                
90         99         1          0          100                1,00               1              0,01                     100        20         -------------------- 99,00 
91         99         1          0          100                1,00               1              0,01                     100        20         -------------------- 99,00 
92         99         1          0          100                1,00               1              0,01                     100        20         -------------------- 99,00 
93         100        0          0          25695              256,95             260            2,60                     100        20         -------------------- 100,00
94         100        0          0          25700              257,00             260            2,60                     100        20         -------------------- 100,00
96         7          64         29         22184              221,84             223            2,23                     100        20         -- 7,00                    
97         11         89         0          25600              256,00             259            2,59                     100        20         --- 11,00                  
98         12         88         0          25600              256,00             259            2,59                     100        20         --- 12,00                  
99         11         89         0          25600              256,00             259            2,59                     100        20         --- 11,00                  
100        9          91         0          25600              256,00             259            2,59                     100        20         -- 9,00                    
101        11         89         0          25600              256,00             259            2,59                     100        20         --- 11,00                  
102        11         89         0          25600              256,00             259            2,59                     100        20         --- 11,00                  
103        11         89         0          25600              256,00             259            2,59                     100        20         --- 11,00                  
104        11         89         0          25600              256,00             259            2,59                     100        20         --- 11,00                  
105        7          12         81         12019              120,19             128            1,28                     100        20         -- 7,00                    
106        11         89         0          25600              256,00             259            2,59                     100        20         --- 11,00                  
107        34         66         0          25600              256,00             259            2,59                     100        20         ------- 34,00              
108        34         66         0          25600              256,00             259            2,59                     100        20         ------- 34,00              
109        11         89         0          25600              256,00             259            2,59                     100        20         --- 11,00                  
110        87         11         2          25568              255,68             258            2,58                     100        20         ------------------ 87,00   
111        83         17         0          25600              256,00             259            2,59                     100        20         ----------------- 83,00    
112        29         71         0          25600              256,00             259            2,59                     100        20         ------ 29,00               
113        34         66         0          25600              256,00             259            2,59                     100        20         ------- 34,00              
114        10         90         0          25600              256,00             259            2,59                     100        20         -- 10,00                   
115        10         90         0          25600              256,00             259            2,59                     100        20         -- 10,00                   
116        10         90         0          25600              256,00             259            2,59                     100        20         -- 10,00                   
117        72         0          28         22184              221,84             223            2,23                     100        20         --------------- 72,00      
118        8          68         24         22532              225,32             224            2,24                     100        20         -- 8,00                    
