aggregate data per location for Magnitude = 5
Exploration Plus Magnitude
magnitude value : 1 5 10 20 50 75 100 
PM : Numerical Perturbator
20 hex string of 16 byte
Random byte generated with 23 as seed
115 perturbation points
IndexLoc   #Success   #Failure   #Exception #CallAllExecs      AvgCallPerExec     #Perturbations AvgPerturbationPerExec   #Execs     #ExecsRef  AvgCallRefPerTask #Tasks     %Success                   
0          20         0          0          20                 1,00               20             1,00                     20         20         1.0               20         -------------------- 100,00
1          20         0          0          20                 1,00               20             1,00                     20         20         1.0               20         -------------------- 100,00
2          0          0          0          0                  NaN                0              NaN                      0          0          0.0               20         NaN                        
3          0          0          0          0                  NaN                0              NaN                      0          0          0.0               20         NaN                        
4          0          0          0          0                  NaN                0              NaN                      0          0          0.0               20         NaN                        
5          0          0          0          0                  NaN                0              NaN                      0          0          0.0               20         NaN                        
6          0          0          0          0                  NaN                0              NaN                      0          0          0.0               20         NaN                        
7          0          0          0          0                  NaN                0              NaN                      0          0          0.0               20         NaN                        
8          0          0          0          0                  NaN                0              NaN                      0          0          0.0               20         NaN                        
9          0          0          0          0                  NaN                0              NaN                      0          0          0.0               20         NaN                        
10         0          0          0          0                  NaN                0              NaN                      0          0          0.0               20         NaN                        
11         0          0          0          0                  NaN                0              NaN                      0          0          0.0               20         NaN                        
12         0          0          0          0                  NaN                0              NaN                      0          0          0.0               20         NaN                        
13         0          0          0          0                  NaN                0              NaN                      0          0          0.0               20         NaN                        
14         0          0          0          0                  NaN                0              NaN                      0          0          0.0               20         NaN                        
15         0          0          0          0                  NaN                0              NaN                      0          0          0.0               20         NaN                        
16         0          0          0          0                  NaN                0              NaN                      0          0          0.0               20         NaN                        
17         0          0          0          0                  NaN                0              NaN                      0          0          0.0               20         NaN                        
18         0          0          0          0                  NaN                0              NaN                      0          0          0.0               20         NaN                        
19         0          0          0          0                  NaN                0              NaN                      0          0          0.0               20         NaN                        
20         0          0          0          0                  NaN                0              NaN                      0          0          0.0               20         NaN                        
21         0          0          0          0                  NaN                0              NaN                      0          0          0.0               20         NaN                        
22         0          0          0          0                  NaN                0              NaN                      0          0          0.0               20         NaN                        
23         0          0          0          0                  NaN                0              NaN                      0          0          0.0               20         NaN                        
24         0          0          0          0                  NaN                0              NaN                      0          0          0.0               20         NaN                        
25         0          0          0          0                  NaN                0              NaN                      0          0          0.0               20         NaN                        
26         0          0          0          0                  NaN                0              NaN                      0          0          0.0               20         NaN                        
27         0          0          0          0                  NaN                0              NaN                      0          0          0.0               20         NaN                        
28         0          0          0          0                  NaN                0              NaN                      0          0          0.0               20         NaN                        
29         0          0          0          0                  NaN                0              NaN                      0          0          0.0               20         NaN                        
30         0          0          20         20                 1,00               20             1,00                     20         20         1.0               20          0,00                      
31         0          0          20         20                 1,00               20             1,00                     20         20         1.0               20          0,00                      
32         0          0          20         20                 1,00               20             1,00                     20         20         1.0               20          0,00                      
33         20         0          0          20                 1,00               20             1,00                     20         20         1.0               20         -------------------- 100,00
35         0          0          20         20                 1,00               20             1,00                     20         20         1.0               20          0,00                      
36         0          0          20         20                 1,00               20             1,00                     20         20         1.0               20          0,00                      
37         0          0          20         20                 1,00               20             1,00                     20         20         1.0               20          0,00                      
38         20         0          0          20                 1,00               20             1,00                     20         20         1.0               20         -------------------- 100,00
40         0          20         0          20                 1,00               20             1,00                     20         20         1.0               20          0,00                      
41         80         100        0          1320               7,33               180            1,00                     180        180        9.0               20         --------- 44,44            
42         160        0          20         1620               9,00               180            1,00                     180        180        9.0               20         ------------------ 88,89   
44         160        0          0          1280               8,00               160            1,00                     160        160        8.0               20         -------------------- 100,00
45         0          160        0          1280               8,00               160            1,00                     160        160        8.0               20          0,00                      
46         0          160        0          1280               8,00               160            1,00                     160        160        8.0               20          0,00                      
47         0          160        0          1280               8,00               160            1,00                     160        160        8.0               20          0,00                      
48         20         140        0          1280               8,00               160            1,00                     160        160        8.0               20         --- 12,50                  
49         0          160        0          1280               8,00               160            1,00                     160        160        8.0               20          0,00                      
50         0          160        0          1280               8,00               160            1,00                     160        160        8.0               20          0,00                      
51         0          160        0          1280               8,00               160            1,00                     160        160        8.0               20          0,00                      
52         0          160        0          1280               8,00               160            1,00                     160        160        8.0               20          0,00                      
53         0          160        0          1280               8,00               160            1,00                     160        160        8.0               20          0,00                      
54         0          160        0          1280               8,00               160            1,00                     160        160        8.0               20          0,00                      
55         0          160        0          1280               8,00               160            1,00                     160        160        8.0               20          0,00                      
56         0          160        0          1280               8,00               160            1,00                     160        160        8.0               20          0,00                      
57         0          160        0          1280               8,00               160            1,00                     160        160        8.0               20          0,00                      
58         0          160        0          1280               8,00               160            1,00                     160        160        8.0               20          0,00                      
59         0          160        0          1280               8,00               160            1,00                     160        160        8.0               20          0,00                      
60         0          160        0          1280               8,00               160            1,00                     160        160        8.0               20          0,00                      
61         0          160        0          1280               8,00               160            1,00                     160        160        8.0               20          0,00                      
62         0          160        0          1280               8,00               160            1,00                     160        160        8.0               20          0,00                      
63         1          59         100        1080               6,75               160            1,00                     160        160        8.0               20         - 0,63                     
64         1          59         100        1080               6,75               160            1,00                     160        160        8.0               20         - 0,63                     
65         1          59         100        1080               6,75               160            1,00                     160        160        8.0               20         - 0,63                     
66         0          60         100        1080               6,75               160            1,00                     160        160        8.0               20          0,00                      
67         0          60         100        1080               6,75               160            1,00                     160        160        8.0               20          0,00                      
68         0          60         100        1080               6,75               160            1,00                     160        160        8.0               20          0,00                      
69         0          160        0          1280               8,00               160            1,00                     160        160        8.0               20          0,00                      
70         0          160        0          1280               8,00               160            1,00                     160        160        8.0               20          0,00                      
71         0          160        0          1280               8,00               160            1,00                     160        160        8.0               20          0,00                      
72         0          160        0          1280               8,00               160            1,00                     160        160        8.0               20          0,00                      
73         0          160        0          1280               8,00               160            1,00                     160        160        8.0               20          0,00                      
74         0          160        0          1280               8,00               160            1,00                     160        160        8.0               20          0,00                      
75         0          100        60         1140               7,13               160            1,00                     160        160        8.0               20          0,00                      
76         0          160        0          1280               8,00               160            1,00                     160        160        8.0               20          0,00                      
77         0          160        0          1280               8,00               160            1,00                     160        160        8.0               20          0,00                      
78         0          160        0          1280               8,00               160            1,00                     160        160        8.0               20          0,00                      
79         20         0          0          20                 1,00               20             1,00                     20         20         1.0               20         -------------------- 100,00
81         0          20         0          20                 1,00               20             1,00                     20         20         1.0               20          0,00                      
82         0          20         0          20                 1,00               20             1,00                     20         20         1.0               20          0,00                      
84         20         0          0          20                 1,00               20             1,00                     20         20         1.0               20         -------------------- 100,00
85         0          20         0          20                 1,00               20             1,00                     20         20         1.0               20          0,00                      
86         5140       0          0          1320680            256,94             5140           1,00                     5140       5140       257.0             20         -------------------- 100,00
87         5120       0          20         1320980            257,00             5140           1,00                     5140       5140       257.0             20         -------------------- 99,61 
89         5120       0          0          1310720            256,00             5120           1,00                     5120       5120       256.0             20         -------------------- 100,00
90         1760       3260       100        1310520            255,96             5120           1,00                     5120       5120       256.0             20         ------- 34,38              
91         1840       3280       0          1310720            256,00             5120           1,00                     5120       5120       256.0             20         -------- 35,94             
92         0          20         0          20                 1,00               20             1,00                     20         20         1.0               20          0,00                      
93         0          20         0          20                 1,00               20             1,00                     20         20         1.0               20          0,00                      
94         0          20         0          20                 1,00               20             1,00                     20         20         1.0               20          0,00                      
95         5140       0          0          1320680            256,94             5140           1,00                     5140       5140       257.0             20         -------------------- 100,00
96         5120       0          20         1320980            257,00             5140           1,00                     5140       5140       257.0             20         -------------------- 99,61 
98         5120       0          0          1310720            256,00             5120           1,00                     5120       5120       256.0             20         -------------------- 100,00
99         80         1840       3200       907520             177,25             5120           1,00                     5120       5120       256.0             20         - 1,56                     
100        60         5060       0          1310720            256,00             5120           1,00                     5120       5120       256.0             20         - 1,17                     
101        220        4900       0          1310720            256,00             5120           1,00                     5120       5120       256.0             20         - 4,30                     
102        60         5060       0          1310720            256,00             5120           1,00                     5120       5120       256.0             20         - 1,17                     
103        60         4960       100        1310520            255,96             5120           1,00                     5120       5120       256.0             20         - 1,17                     
104        60         5060       0          1310720            256,00             5120           1,00                     5120       5120       256.0             20         - 1,17                     
105        60         5060       0          1310720            256,00             5120           1,00                     5120       5120       256.0             20         - 1,17                     
106        60         5060       0          1310720            256,00             5120           1,00                     5120       5120       256.0             20         - 1,17                     
107        60         5060       0          1310720            256,00             5120           1,00                     5120       5120       256.0             20         - 1,17                     
108        60         2320       2740       950000             185,55             5120           1,00                     5120       5120       256.0             20         - 1,17                     
109        60         4980       80         1300160            253,94             5120           1,00                     5120       5120       256.0             20         - 1,17                     
110        2880       2140       100        1310520            255,96             5120           1,00                     5120       5120       256.0             20         ------------ 56,25         
111        2900       2220       0          1310720            256,00             5120           1,00                     5120       5120       256.0             20         ------------ 56,64         
112        280        4740       100        1310520            255,96             5120           1,00                     5120       5120       256.0             20         -- 5,47                    
113        4660       380        80         1300160            253,94             5120           1,00                     5120       5120       256.0             20         ------------------- 91,02  
114        4740       380        0          1310720            256,00             5120           1,00                     5120       5120       256.0             20         ------------------- 92,58  
115        2340       2700       80         1300160            253,94             5120           1,00                     5120       5120       256.0             20         ---------- 45,70           
116        2900       2220       0          1310720            256,00             5120           1,00                     5120       5120       256.0             20         ------------ 56,64         
117        220        4900       0          1310720            256,00             5120           1,00                     5120       5120       256.0             20         - 4,30                     
118        220        4900       0          1310720            256,00             5120           1,00                     5120       5120       256.0             20         - 4,30                     
119        220        4900       0          1310720            256,00             5120           1,00                     5120       5120       256.0             20         - 4,30                     
120        4500       0          620        1231360            240,50             5120           1,00                     5120       5120       256.0             20         ------------------ 87,89   
121        100        1820       3200       904320             176,63             5120           1,00                     5120       5120       256.0             20         - 1,95                     
