aggregate data per location for random rate = 0.02 and with Perturbator = NEGB
Exploration Boolean Negation
19 perturbation point.
NEGB : negation of boolean value.
100 string of 64 bytes
Generated with 23 as seed
IndexLoc   #Success   #Failure   #Exception #CallAllExecs      AvgCallPerExec     #Perturbations AvgPerturbationPerExec   #Execs     #Tasks     %Success                   
1          488        5          7          2000               4,00               42             0,08                     500        100        -------------------- 97,60 
15         495        5          0          502                1,00               10             0,02                     500        100        -------------------- 99,00 
28         486        14         0          1000               2,00               22             0,04                     500        100        -------------------- 97,20 
32         493        5          2          500                1,00               10             0,02                     500        100        -------------------- 98,60 
35         491        5          4          143                0,29               4              0,01                     500        100        -------------------- 98,20 
36         485        12         3          500                1,00               10             0,02                     500        100        -------------------- 97,00 
45         495        5          0          348                0,70               7              0,01                     500        100        -------------------- 99,00 
55         485        15         0          500                1,00               10             0,02                     500        100        -------------------- 97,00 
66         473        5          22         988                1,98               22             0,04                     500        100        ------------------- 94,60  
71         486        5          9          1000               2,00               22             0,04                     500        100        -------------------- 97,20 
72         495        5          0          0                  0,00               0              0,00                     500        100        NaN                        
73         473        5          22         988                1,98               22             0,04                     500        100        ------------------- 94,60  
76         495        5          0          1000               2,00               22             0,04                     500        100        -------------------- 99,00 
79         495        5          0          1000               2,00               22             0,04                     500        100        -------------------- 99,00 
80         495        5          0          1000               2,00               22             0,04                     500        100        -------------------- 99,00 
88         473        5          22         988                1,98               22             0,04                     500        100        ------------------- 94,60  
89         486        5          9          1000               2,00               22             0,04                     500        100        -------------------- 97,20 
90         473        5          22         988                1,98               22             0,04                     500        100        ------------------- 94,60  
91         486        14         0          1000               2,00               22             0,04                     500        100        -------------------- 97,20 
