Number of Execution of the reference run per location and per task 
With the aggregation by task for each location, and the total of the execution ref
IndexLoc   IndexTask  #ExecRef  
124        0          4         
124        1          2         
124        2          4         
124        3          4         
124        4          4         
124        5          2         
124        6          2         
124        7          4         
124        8          4         
124        9          4         
124        10         4         
124        11         4         
124        12         4         
124        13         4         
124        14         4         
124        15         2         
124        16         2         
124        17         4         
124        18         2         
124        19         4         
124        20         2         
124        21         2         
124        22         4         
124        23         4         
124        24         4         
124        25         4         
124        26         4         
124        27         4         
124        28         4         
124        29         4         
124        30         4         
124        31         4         
124        32         4         
124        33         4         
124        34         2         
124        35         4         
124        36         4         
124        37         2         
124        38         2         
124        39         4         
124        40         4         
124        41         2         
124        42         2         
124        43         4         
124        44         2         
124        45         2         
124        46         4         
124        47         4         
124        48         4         
124        49         4         
124        50         4         
124        51         4         
124        52         4         
124        53         4         
124        54         4         
124        55         2         
124        56         4         
124        57         4         
124        58         4         
124        59         4         
124        60         4         
124        61         4         
124        62         4         
124        63         4         
124        64         4         
124        65         4         
124        66         4         
124        67         4         
124        68         4         
124        69         4         
124        70         4         
124        71         4         
124        72         4         
124        73         4         
124        74         4         
124        75         4         
124        76         4         
124        77         4         
124        78         4         
124        79         2         
124        80         4         
124        81         4         
124        82         4         
124        83         4         
124        84         4         
124        85         4         
124        86         4         
124        87         4         
124        88         4         
124        89         2         
124        90         2         
124        91         4         
124        92         2         
124        93         2         
124        94         4         
124        95         4         
124        96         2         
124        97         2         
124        98         4         
124        99         2         
124        TotalExcRef 352       
139        0          1         
139        1          0         
139        2          1         
139        3          1         
139        4          1         
139        5          0         
139        6          0         
139        7          1         
139        8          1         
139        9          1         
139        10         1         
139        11         1         
139        12         1         
139        13         1         
139        14         1         
139        15         0         
139        16         0         
139        17         1         
139        18         0         
139        19         1         
139        20         0         
139        21         0         
139        22         1         
139        23         1         
139        24         1         
139        25         1         
139        26         1         
139        27         1         
139        28         1         
139        29         1         
139        30         1         
139        31         1         
139        32         1         
139        33         1         
139        34         0         
139        35         1         
139        36         1         
139        37         0         
139        38         0         
139        39         1         
139        40         1         
139        41         0         
139        42         0         
139        43         1         
139        44         0         
139        45         0         
139        46         1         
139        47         1         
139        48         1         
139        49         1         
139        50         1         
139        51         1         
139        52         1         
139        53         1         
139        54         1         
139        55         0         
139        56         1         
139        57         1         
139        58         1         
139        59         1         
139        60         1         
139        61         1         
139        62         1         
139        63         1         
139        64         1         
139        65         1         
139        66         1         
139        67         1         
139        68         2         
139        69         1         
139        70         1         
139        71         1         
139        72         1         
139        73         1         
139        74         1         
139        75         1         
139        76         1         
139        77         1         
139        78         1         
139        79         0         
139        80         1         
139        81         1         
139        82         1         
139        83         1         
139        84         1         
139        85         1         
139        86         1         
139        87         1         
139        88         1         
139        89         0         
139        90         0         
139        91         1         
139        92         0         
139        93         0         
139        94         1         
139        95         1         
139        96         0         
139        97         0         
139        98         1         
139        99         0         
139        TotalExcRef 77        
153        0          2         
153        1          0         
153        2          2         
153        3          2         
153        4          2         
153        5          0         
153        6          0         
153        7          2         
153        8          2         
153        9          2         
153        10         2         
153        11         2         
153        12         2         
153        13         2         
153        14         2         
153        15         0         
153        16         0         
153        17         2         
153        18         0         
153        19         2         
153        20         0         
153        21         0         
153        22         2         
153        23         2         
153        24         2         
153        25         2         
153        26         2         
153        27         2         
153        28         2         
153        29         2         
153        30         2         
153        31         2         
153        32         2         
153        33         2         
153        34         0         
153        35         2         
153        36         2         
153        37         0         
153        38         0         
153        39         2         
153        40         2         
153        41         0         
153        42         0         
153        43         2         
153        44         0         
153        45         0         
153        46         2         
153        47         2         
153        48         2         
153        49         2         
153        50         2         
153        51         2         
153        52         2         
153        53         2         
153        54         2         
153        55         0         
153        56         2         
153        57         2         
153        58         2         
153        59         2         
153        60         2         
153        61         2         
153        62         2         
153        63         2         
153        64         2         
153        65         2         
153        66         2         
153        67         2         
153        68         2         
153        69         2         
153        70         2         
153        71         2         
153        72         2         
153        73         2         
153        74         2         
153        75         2         
153        76         2         
153        77         2         
153        78         2         
153        79         0         
153        80         2         
153        81         2         
153        82         2         
153        83         2         
153        84         2         
153        85         2         
153        86         2         
153        87         2         
153        88         2         
153        89         0         
153        90         0         
153        91         2         
153        92         0         
153        93         0         
153        94         2         
153        95         2         
153        96         0         
153        97         0         
153        98         2         
153        99         0         
153        TotalExcRef 152       
157        0          1         
157        1          0         
157        2          1         
157        3          1         
157        4          1         
157        5          0         
157        6          0         
157        7          1         
157        8          1         
157        9          1         
157        10         1         
157        11         1         
157        12         1         
157        13         1         
157        14         1         
157        15         0         
157        16         0         
157        17         1         
157        18         0         
157        19         1         
157        20         0         
157        21         0         
157        22         1         
157        23         1         
157        24         1         
157        25         1         
157        26         1         
157        27         1         
157        28         1         
157        29         1         
157        30         1         
157        31         1         
157        32         1         
157        33         1         
157        34         0         
157        35         1         
157        36         1         
157        37         0         
157        38         0         
157        39         1         
157        40         1         
157        41         0         
157        42         0         
157        43         1         
157        44         0         
157        45         0         
157        46         1         
157        47         1         
157        48         1         
157        49         1         
157        50         1         
157        51         1         
157        52         1         
157        53         1         
157        54         1         
157        55         0         
157        56         1         
157        57         1         
157        58         1         
157        59         1         
157        60         1         
157        61         1         
157        62         1         
157        63         1         
157        64         1         
157        65         1         
157        66         1         
157        67         1         
157        68         1         
157        69         1         
157        70         1         
157        71         1         
157        72         1         
157        73         1         
157        74         1         
157        75         1         
157        76         1         
157        77         1         
157        78         1         
157        79         0         
157        80         1         
157        81         1         
157        82         1         
157        83         1         
157        84         1         
157        85         1         
157        86         1         
157        87         1         
157        88         1         
157        89         0         
157        90         0         
157        91         1         
157        92         0         
157        93         0         
157        94         1         
157        95         1         
157        96         0         
157        97         0         
157        98         1         
157        99         0         
157        TotalExcRef 76        
160        0          0         
160        1          0         
160        2          1         
160        3          0         
160        4          0         
160        5          0         
160        6          0         
160        7          1         
160        8          0         
160        9          0         
160        10         0         
160        11         1         
160        12         0         
160        13         0         
160        14         0         
160        15         0         
160        16         0         
160        17         0         
160        18         0         
160        19         1         
160        20         0         
160        21         0         
160        22         0         
160        23         0         
160        24         0         
160        25         1         
160        26         1         
160        27         1         
160        28         1         
160        29         0         
160        30         0         
160        31         0         
160        32         0         
160        33         0         
160        34         0         
160        35         0         
160        36         0         
160        37         0         
160        38         0         
160        39         0         
160        40         1         
160        41         0         
160        42         0         
160        43         0         
160        44         0         
160        45         0         
160        46         1         
160        47         0         
160        48         1         
160        49         1         
160        50         0         
160        51         0         
160        52         0         
160        53         0         
160        54         0         
160        55         0         
160        56         0         
160        57         1         
160        58         0         
160        59         0         
160        60         0         
160        61         1         
160        62         0         
160        63         0         
160        64         0         
160        65         0         
160        66         0         
160        67         1         
160        68         1         
160        69         0         
160        70         0         
160        71         0         
160        72         1         
160        73         1         
160        74         1         
160        75         0         
160        76         1         
160        77         0         
160        78         0         
160        79         0         
160        80         0         
160        81         0         
160        82         0         
160        83         0         
160        84         0         
160        85         1         
160        86         0         
160        87         0         
160        88         0         
160        89         0         
160        90         0         
160        91         0         
160        92         0         
160        93         0         
160        94         0         
160        95         0         
160        96         0         
160        97         0         
160        98         1         
160        99         0         
160        TotalExcRef 22        
161        0          1         
161        1          0         
161        2          1         
161        3          1         
161        4          1         
161        5          0         
161        6          0         
161        7          1         
161        8          1         
161        9          1         
161        10         1         
161        11         1         
161        12         1         
161        13         1         
161        14         1         
161        15         0         
161        16         0         
161        17         1         
161        18         0         
161        19         1         
161        20         0         
161        21         0         
161        22         1         
161        23         1         
161        24         1         
161        25         1         
161        26         1         
161        27         1         
161        28         1         
161        29         1         
161        30         1         
161        31         1         
161        32         1         
161        33         1         
161        34         0         
161        35         1         
161        36         1         
161        37         0         
161        38         0         
161        39         1         
161        40         1         
161        41         0         
161        42         0         
161        43         1         
161        44         0         
161        45         0         
161        46         1         
161        47         1         
161        48         1         
161        49         1         
161        50         1         
161        51         1         
161        52         1         
161        53         1         
161        54         1         
161        55         0         
161        56         1         
161        57         1         
161        58         1         
161        59         1         
161        60         1         
161        61         1         
161        62         1         
161        63         1         
161        64         1         
161        65         1         
161        66         1         
161        67         1         
161        68         1         
161        69         1         
161        70         1         
161        71         1         
161        72         1         
161        73         1         
161        74         1         
161        75         1         
161        76         1         
161        77         1         
161        78         1         
161        79         0         
161        80         1         
161        81         1         
161        82         1         
161        83         1         
161        84         1         
161        85         1         
161        86         1         
161        87         1         
161        88         1         
161        89         0         
161        90         0         
161        91         1         
161        92         0         
161        93         0         
161        94         1         
161        95         1         
161        96         0         
161        97         0         
161        98         1         
161        99         0         
161        TotalExcRef 76        
170        0          1         
170        1          0         
170        2          0         
170        3          1         
170        4          1         
170        5          0         
170        6          0         
170        7          0         
170        8          1         
170        9          1         
170        10         1         
170        11         0         
170        12         1         
170        13         1         
170        14         1         
170        15         0         
170        16         0         
170        17         1         
170        18         0         
170        19         0         
170        20         0         
170        21         0         
170        22         1         
170        23         1         
170        24         1         
170        25         0         
170        26         0         
170        27         0         
170        28         0         
170        29         1         
170        30         1         
170        31         1         
170        32         1         
170        33         1         
170        34         0         
170        35         1         
170        36         1         
170        37         0         
170        38         0         
170        39         1         
170        40         0         
170        41         0         
170        42         0         
170        43         1         
170        44         0         
170        45         0         
170        46         0         
170        47         1         
170        48         0         
170        49         0         
170        50         1         
170        51         1         
170        52         1         
170        53         1         
170        54         1         
170        55         0         
170        56         1         
170        57         0         
170        58         1         
170        59         1         
170        60         1         
170        61         0         
170        62         1         
170        63         1         
170        64         1         
170        65         1         
170        66         1         
170        67         0         
170        68         1         
170        69         1         
170        70         1         
170        71         1         
170        72         0         
170        73         0         
170        74         0         
170        75         1         
170        76         0         
170        77         1         
170        78         1         
170        79         0         
170        80         1         
170        81         1         
170        82         1         
170        83         1         
170        84         1         
170        85         0         
170        86         1         
170        87         1         
170        88         1         
170        89         0         
170        90         0         
170        91         1         
170        92         0         
170        93         0         
170        94         1         
170        95         1         
170        96         0         
170        97         0         
170        98         0         
170        99         0         
170        TotalExcRef 55        
180        0          1         
180        1          0         
180        2          1         
180        3          1         
180        4          1         
180        5          0         
180        6          0         
180        7          1         
180        8          1         
180        9          1         
180        10         1         
180        11         1         
180        12         1         
180        13         1         
180        14         1         
180        15         0         
180        16         0         
180        17         1         
180        18         0         
180        19         1         
180        20         0         
180        21         0         
180        22         1         
180        23         1         
180        24         1         
180        25         1         
180        26         1         
180        27         1         
180        28         1         
180        29         1         
180        30         1         
180        31         1         
180        32         1         
180        33         1         
180        34         0         
180        35         1         
180        36         1         
180        37         0         
180        38         0         
180        39         1         
180        40         1         
180        41         0         
180        42         0         
180        43         1         
180        44         0         
180        45         0         
180        46         1         
180        47         1         
180        48         1         
180        49         1         
180        50         1         
180        51         1         
180        52         1         
180        53         1         
180        54         1         
180        55         0         
180        56         1         
180        57         1         
180        58         1         
180        59         1         
180        60         1         
180        61         1         
180        62         1         
180        63         1         
180        64         1         
180        65         1         
180        66         1         
180        67         1         
180        68         1         
180        69         1         
180        70         1         
180        71         1         
180        72         1         
180        73         1         
180        74         1         
180        75         1         
180        76         1         
180        77         1         
180        78         1         
180        79         0         
180        80         1         
180        81         1         
180        82         1         
180        83         1         
180        84         1         
180        85         1         
180        86         1         
180        87         1         
180        88         1         
180        89         0         
180        90         0         
180        91         1         
180        92         0         
180        93         0         
180        94         1         
180        95         1         
180        96         0         
180        97         0         
180        98         1         
180        99         0         
180        TotalExcRef 76        
191        0          2         
191        1          1         
191        2          2         
191        3          2         
191        4          2         
191        5          1         
191        6          1         
191        7          2         
191        8          2         
191        9          2         
191        10         2         
191        11         2         
191        12         2         
191        13         2         
191        14         2         
191        15         1         
191        16         1         
191        17         2         
191        18         1         
191        19         2         
191        20         1         
191        21         1         
191        22         2         
191        23         2         
191        24         2         
191        25         2         
191        26         2         
191        27         2         
191        28         2         
191        29         2         
191        30         2         
191        31         2         
191        32         2         
191        33         2         
191        34         1         
191        35         2         
191        36         2         
191        37         1         
191        38         1         
191        39         2         
191        40         2         
191        41         1         
191        42         1         
191        43         2         
191        44         1         
191        45         1         
191        46         2         
191        47         2         
191        48         2         
191        49         2         
191        50         2         
191        51         2         
191        52         2         
191        53         2         
191        54         2         
191        55         1         
191        56         2         
191        57         2         
191        58         2         
191        59         2         
191        60         2         
191        61         2         
191        62         2         
191        63         2         
191        64         2         
191        65         2         
191        66         2         
191        67         2         
191        68         2         
191        69         2         
191        70         2         
191        71         2         
191        72         2         
191        73         2         
191        74         2         
191        75         2         
191        76         2         
191        77         2         
191        78         2         
191        79         1         
191        80         2         
191        81         2         
191        82         2         
191        83         2         
191        84         2         
191        85         2         
191        86         2         
191        87         2         
191        88         2         
191        89         1         
191        90         1         
191        91         2         
191        92         1         
191        93         1         
191        94         2         
191        95         2         
191        96         1         
191        97         1         
191        98         2         
191        99         1         
191        TotalExcRef 176       
196        0          2         
196        1          1         
196        2          2         
196        3          2         
196        4          2         
196        5          1         
196        6          1         
196        7          2         
196        8          2         
196        9          2         
196        10         2         
196        11         2         
196        12         2         
196        13         2         
196        14         2         
196        15         1         
196        16         1         
196        17         2         
196        18         1         
196        19         2         
196        20         1         
196        21         1         
196        22         2         
196        23         2         
196        24         2         
196        25         2         
196        26         2         
196        27         2         
196        28         2         
196        29         2         
196        30         2         
196        31         2         
196        32         2         
196        33         2         
196        34         1         
196        35         2         
196        36         2         
196        37         1         
196        38         1         
196        39         2         
196        40         2         
196        41         1         
196        42         1         
196        43         2         
196        44         1         
196        45         1         
196        46         2         
196        47         2         
196        48         2         
196        49         2         
196        50         2         
196        51         2         
196        52         2         
196        53         2         
196        54         2         
196        55         1         
196        56         2         
196        57         2         
196        58         2         
196        59         2         
196        60         2         
196        61         2         
196        62         2         
196        63         2         
196        64         2         
196        65         2         
196        66         2         
196        67         2         
196        68         2         
196        69         2         
196        70         2         
196        71         2         
196        72         2         
196        73         2         
196        74         2         
196        75         2         
196        76         2         
196        77         2         
196        78         2         
196        79         1         
196        80         2         
196        81         2         
196        82         2         
196        83         2         
196        84         2         
196        85         2         
196        86         2         
196        87         2         
196        88         2         
196        89         1         
196        90         1         
196        91         2         
196        92         1         
196        93         1         
196        94         2         
196        95         2         
196        96         1         
196        97         1         
196        98         2         
196        99         1         
196        TotalExcRef 176       
197        0          1         
197        1          1         
197        2          1         
197        3          1         
197        4          1         
197        5          1         
197        6          1         
197        7          1         
197        8          1         
197        9          1         
197        10         1         
197        11         1         
197        12         1         
197        13         1         
197        14         1         
197        15         1         
197        16         1         
197        17         1         
197        18         1         
197        19         1         
197        20         1         
197        21         1         
197        22         1         
197        23         1         
197        24         1         
197        25         1         
197        26         1         
197        27         1         
197        28         1         
197        29         1         
197        30         1         
197        31         1         
197        32         1         
197        33         1         
197        34         1         
197        35         1         
197        36         1         
197        37         1         
197        38         1         
197        39         1         
197        40         1         
197        41         1         
197        42         1         
197        43         1         
197        44         1         
197        45         1         
197        46         1         
197        47         1         
197        48         1         
197        49         1         
197        50         1         
197        51         1         
197        52         1         
197        53         1         
197        54         1         
197        55         1         
197        56         1         
197        57         1         
197        58         1         
197        59         1         
197        60         1         
197        61         1         
197        62         1         
197        63         1         
197        64         1         
197        65         1         
197        66         1         
197        67         1         
197        68         1         
197        69         1         
197        70         1         
197        71         1         
197        72         1         
197        73         1         
197        74         1         
197        75         1         
197        76         1         
197        77         1         
197        78         1         
197        79         1         
197        80         1         
197        81         1         
197        82         1         
197        83         1         
197        84         1         
197        85         1         
197        86         1         
197        87         1         
197        88         1         
197        89         1         
197        90         1         
197        91         1         
197        92         1         
197        93         1         
197        94         1         
197        95         1         
197        96         1         
197        97         1         
197        98         1         
197        99         1         
197        TotalExcRef 100       
198        0          1         
198        1          1         
198        2          1         
198        3          1         
198        4          1         
198        5          1         
198        6          1         
198        7          1         
198        8          1         
198        9          1         
198        10         1         
198        11         1         
198        12         1         
198        13         1         
198        14         1         
198        15         1         
198        16         1         
198        17         1         
198        18         1         
198        19         1         
198        20         1         
198        21         1         
198        22         1         
198        23         1         
198        24         1         
198        25         1         
198        26         1         
198        27         1         
198        28         1         
198        29         1         
198        30         1         
198        31         1         
198        32         1         
198        33         1         
198        34         1         
198        35         1         
198        36         1         
198        37         1         
198        38         1         
198        39         1         
198        40         1         
198        41         1         
198        42         1         
198        43         1         
198        44         1         
198        45         1         
198        46         1         
198        47         1         
198        48         1         
198        49         1         
198        50         1         
198        51         1         
198        52         1         
198        53         1         
198        54         1         
198        55         1         
198        56         1         
198        57         1         
198        58         1         
198        59         1         
198        60         1         
198        61         1         
198        62         1         
198        63         1         
198        64         1         
198        65         1         
198        66         1         
198        67         1         
198        68         1         
198        69         1         
198        70         1         
198        71         1         
198        72         1         
198        73         1         
198        74         1         
198        75         1         
198        76         1         
198        77         1         
198        78         1         
198        79         1         
198        80         1         
198        81         1         
198        82         1         
198        83         1         
198        84         1         
198        85         1         
198        86         1         
198        87         1         
198        88         1         
198        89         1         
198        90         1         
198        91         1         
198        92         1         
198        93         1         
198        94         1         
198        95         1         
198        96         1         
198        97         1         
198        98         1         
198        99         1         
198        TotalExcRef 100       
199        0          2         
199        1          1         
199        2          2         
199        3          2         
199        4          2         
199        5          1         
199        6          1         
199        7          2         
199        8          2         
199        9          2         
199        10         2         
199        11         2         
199        12         2         
199        13         2         
199        14         2         
199        15         1         
199        16         1         
199        17         2         
199        18         1         
199        19         2         
199        20         1         
199        21         1         
199        22         2         
199        23         2         
199        24         2         
199        25         2         
199        26         2         
199        27         2         
199        28         2         
199        29         2         
199        30         2         
199        31         2         
199        32         2         
199        33         2         
199        34         1         
199        35         2         
199        36         2         
199        37         1         
199        38         1         
199        39         2         
199        40         2         
199        41         1         
199        42         1         
199        43         2         
199        44         1         
199        45         1         
199        46         2         
199        47         2         
199        48         2         
199        49         2         
199        50         2         
199        51         2         
199        52         2         
199        53         2         
199        54         2         
199        55         1         
199        56         2         
199        57         2         
199        58         2         
199        59         2         
199        60         2         
199        61         2         
199        62         2         
199        63         2         
199        64         2         
199        65         2         
199        66         2         
199        67         2         
199        68         2         
199        69         2         
199        70         2         
199        71         2         
199        72         2         
199        73         2         
199        74         2         
199        75         2         
199        76         2         
199        77         2         
199        78         2         
199        79         1         
199        80         2         
199        81         2         
199        82         2         
199        83         2         
199        84         2         
199        85         2         
199        86         2         
199        87         2         
199        88         2         
199        89         1         
199        90         1         
199        91         2         
199        92         1         
199        93         1         
199        94         2         
199        95         2         
199        96         1         
199        97         1         
199        98         2         
199        99         1         
199        TotalExcRef 176       
202        0          2         
202        1          1         
202        2          2         
202        3          2         
202        4          2         
202        5          1         
202        6          1         
202        7          2         
202        8          2         
202        9          2         
202        10         2         
202        11         2         
202        12         2         
202        13         2         
202        14         2         
202        15         1         
202        16         1         
202        17         2         
202        18         1         
202        19         2         
202        20         1         
202        21         1         
202        22         2         
202        23         2         
202        24         2         
202        25         2         
202        26         2         
202        27         2         
202        28         2         
202        29         2         
202        30         2         
202        31         2         
202        32         2         
202        33         2         
202        34         1         
202        35         2         
202        36         2         
202        37         1         
202        38         1         
202        39         2         
202        40         2         
202        41         1         
202        42         1         
202        43         2         
202        44         1         
202        45         1         
202        46         2         
202        47         2         
202        48         2         
202        49         2         
202        50         2         
202        51         2         
202        52         2         
202        53         2         
202        54         2         
202        55         1         
202        56         2         
202        57         2         
202        58         2         
202        59         2         
202        60         2         
202        61         2         
202        62         2         
202        63         2         
202        64         2         
202        65         2         
202        66         2         
202        67         2         
202        68         2         
202        69         2         
202        70         2         
202        71         2         
202        72         2         
202        73         2         
202        74         2         
202        75         2         
202        76         2         
202        77         2         
202        78         2         
202        79         1         
202        80         2         
202        81         2         
202        82         2         
202        83         2         
202        84         2         
202        85         2         
202        86         2         
202        87         2         
202        88         2         
202        89         1         
202        90         1         
202        91         2         
202        92         1         
202        93         1         
202        94         2         
202        95         2         
202        96         1         
202        97         1         
202        98         2         
202        99         1         
202        TotalExcRef 176       
205        0          2         
205        1          1         
205        2          2         
205        3          2         
205        4          2         
205        5          1         
205        6          1         
205        7          2         
205        8          2         
205        9          2         
205        10         2         
205        11         2         
205        12         2         
205        13         2         
205        14         2         
205        15         1         
205        16         1         
205        17         2         
205        18         1         
205        19         2         
205        20         1         
205        21         1         
205        22         2         
205        23         2         
205        24         2         
205        25         2         
205        26         2         
205        27         2         
205        28         2         
205        29         2         
205        30         2         
205        31         2         
205        32         2         
205        33         2         
205        34         1         
205        35         2         
205        36         2         
205        37         1         
205        38         1         
205        39         2         
205        40         2         
205        41         1         
205        42         1         
205        43         2         
205        44         1         
205        45         1         
205        46         2         
205        47         2         
205        48         2         
205        49         2         
205        50         2         
205        51         2         
205        52         2         
205        53         2         
205        54         2         
205        55         1         
205        56         2         
205        57         2         
205        58         2         
205        59         2         
205        60         2         
205        61         2         
205        62         2         
205        63         2         
205        64         2         
205        65         2         
205        66         2         
205        67         2         
205        68         2         
205        69         2         
205        70         2         
205        71         2         
205        72         2         
205        73         2         
205        74         2         
205        75         2         
205        76         2         
205        77         2         
205        78         2         
205        79         1         
205        80         2         
205        81         2         
205        82         2         
205        83         2         
205        84         2         
205        85         2         
205        86         2         
205        87         2         
205        88         2         
205        89         1         
205        90         1         
205        91         2         
205        92         1         
205        93         1         
205        94         2         
205        95         2         
205        96         1         
205        97         1         
205        98         2         
205        99         1         
205        TotalExcRef 176       
206        0          2         
206        1          1         
206        2          2         
206        3          2         
206        4          2         
206        5          1         
206        6          1         
206        7          2         
206        8          2         
206        9          2         
206        10         2         
206        11         2         
206        12         2         
206        13         2         
206        14         2         
206        15         1         
206        16         1         
206        17         2         
206        18         1         
206        19         2         
206        20         1         
206        21         1         
206        22         2         
206        23         2         
206        24         2         
206        25         2         
206        26         2         
206        27         2         
206        28         2         
206        29         2         
206        30         2         
206        31         2         
206        32         2         
206        33         2         
206        34         1         
206        35         2         
206        36         2         
206        37         1         
206        38         1         
206        39         2         
206        40         2         
206        41         1         
206        42         1         
206        43         2         
206        44         1         
206        45         1         
206        46         2         
206        47         2         
206        48         2         
206        49         2         
206        50         2         
206        51         2         
206        52         2         
206        53         2         
206        54         2         
206        55         1         
206        56         2         
206        57         2         
206        58         2         
206        59         2         
206        60         2         
206        61         2         
206        62         2         
206        63         2         
206        64         2         
206        65         2         
206        66         2         
206        67         2         
206        68         2         
206        69         2         
206        70         2         
206        71         2         
206        72         2         
206        73         2         
206        74         2         
206        75         2         
206        76         2         
206        77         2         
206        78         2         
206        79         1         
206        80         2         
206        81         2         
206        82         2         
206        83         2         
206        84         2         
206        85         2         
206        86         2         
206        87         2         
206        88         2         
206        89         1         
206        90         1         
206        91         2         
206        92         1         
206        93         1         
206        94         2         
206        95         2         
206        96         1         
206        97         1         
206        98         2         
206        99         1         
206        TotalExcRef 176       
217        0          2         
217        1          1         
217        2          2         
217        3          2         
217        4          2         
217        5          1         
217        6          1         
217        7          2         
217        8          2         
217        9          2         
217        10         2         
217        11         2         
217        12         2         
217        13         2         
217        14         2         
217        15         1         
217        16         1         
217        17         2         
217        18         1         
217        19         2         
217        20         1         
217        21         1         
217        22         2         
217        23         2         
217        24         2         
217        25         2         
217        26         2         
217        27         2         
217        28         2         
217        29         2         
217        30         2         
217        31         2         
217        32         2         
217        33         2         
217        34         1         
217        35         2         
217        36         2         
217        37         1         
217        38         1         
217        39         2         
217        40         2         
217        41         1         
217        42         1         
217        43         2         
217        44         1         
217        45         1         
217        46         2         
217        47         2         
217        48         2         
217        49         2         
217        50         2         
217        51         2         
217        52         2         
217        53         2         
217        54         2         
217        55         1         
217        56         2         
217        57         2         
217        58         2         
217        59         2         
217        60         2         
217        61         2         
217        62         2         
217        63         2         
217        64         2         
217        65         2         
217        66         2         
217        67         2         
217        68         2         
217        69         2         
217        70         2         
217        71         2         
217        72         2         
217        73         2         
217        74         2         
217        75         2         
217        76         2         
217        77         2         
217        78         2         
217        79         1         
217        80         2         
217        81         2         
217        82         2         
217        83         2         
217        84         2         
217        85         2         
217        86         2         
217        87         2         
217        88         2         
217        89         1         
217        90         1         
217        91         2         
217        92         1         
217        93         1         
217        94         2         
217        95         2         
217        96         1         
217        97         1         
217        98         2         
217        99         1         
217        TotalExcRef 176       
219        0          2         
219        1          0         
219        2          2         
219        3          2         
219        4          2         
219        5          0         
219        6          0         
219        7          2         
219        8          2         
219        9          2         
219        10         2         
219        11         2         
219        12         2         
219        13         2         
219        14         2         
219        15         0         
219        16         0         
219        17         2         
219        18         0         
219        19         2         
219        20         0         
219        21         0         
219        22         2         
219        23         2         
219        24         2         
219        25         2         
219        26         2         
219        27         2         
219        28         2         
219        29         2         
219        30         2         
219        31         2         
219        32         2         
219        33         2         
219        34         0         
219        35         2         
219        36         2         
219        37         0         
219        38         0         
219        39         2         
219        40         2         
219        41         0         
219        42         0         
219        43         2         
219        44         0         
219        45         0         
219        46         2         
219        47         2         
219        48         2         
219        49         2         
219        50         2         
219        51         2         
219        52         2         
219        53         2         
219        54         2         
219        55         0         
219        56         2         
219        57         2         
219        58         2         
219        59         2         
219        60         2         
219        61         2         
219        62         2         
219        63         2         
219        64         2         
219        65         2         
219        66         2         
219        67         2         
219        68         2         
219        69         2         
219        70         2         
219        71         2         
219        72         2         
219        73         2         
219        74         2         
219        75         2         
219        76         2         
219        77         2         
219        78         2         
219        79         0         
219        80         2         
219        81         2         
219        82         2         
219        83         2         
219        84         2         
219        85         2         
219        86         2         
219        87         2         
219        88         2         
219        89         0         
219        90         0         
219        91         2         
219        92         0         
219        93         0         
219        94         2         
219        95         2         
219        96         0         
219        97         0         
219        98         2         
219        99         0         
219        TotalExcRef 152       
257        0          2         
257        1          2         
257        2          2         
257        3          2         
257        4          2         
257        5          2         
257        6          2         
257        7          2         
257        8          2         
257        9          2         
257        10         2         
257        11         2         
257        12         2         
257        13         2         
257        14         2         
257        15         2         
257        16         2         
257        17         2         
257        18         2         
257        19         2         
257        20         2         
257        21         2         
257        22         2         
257        23         2         
257        24         2         
257        25         2         
257        26         2         
257        27         2         
257        28         2         
257        29         2         
257        30         2         
257        31         2         
257        32         2         
257        33         2         
257        34         2         
257        35         2         
257        36         2         
257        37         2         
257        38         2         
257        39         2         
257        40         2         
257        41         2         
257        42         2         
257        43         2         
257        44         2         
257        45         2         
257        46         2         
257        47         2         
257        48         2         
257        49         2         
257        50         2         
257        51         2         
257        52         2         
257        53         2         
257        54         2         
257        55         2         
257        56         2         
257        57         2         
257        58         2         
257        59         2         
257        60         2         
257        61         2         
257        62         2         
257        63         2         
257        64         2         
257        65         2         
257        66         2         
257        67         2         
257        68         2         
257        69         2         
257        70         2         
257        71         2         
257        72         2         
257        73         2         
257        74         2         
257        75         2         
257        76         2         
257        77         2         
257        78         2         
257        79         2         
257        80         2         
257        81         2         
257        82         2         
257        83         2         
257        84         2         
257        85         2         
257        86         2         
257        87         2         
257        88         2         
257        89         2         
257        90         2         
257        91         2         
257        92         2         
257        93         2         
257        94         2         
257        95         2         
257        96         2         
257        97         2         
257        98         2         
257        99         2         
257        TotalExcRef 200       
258        0          2         
258        1          2         
258        2          2         
258        3          2         
258        4          2         
258        5          2         
258        6          2         
258        7          2         
258        8          2         
258        9          2         
258        10         2         
258        11         2         
258        12         2         
258        13         2         
258        14         2         
258        15         2         
258        16         2         
258        17         2         
258        18         2         
258        19         2         
258        20         2         
258        21         2         
258        22         2         
258        23         2         
258        24         2         
258        25         2         
258        26         2         
258        27         2         
258        28         2         
258        29         2         
258        30         2         
258        31         2         
258        32         2         
258        33         2         
258        34         2         
258        35         2         
258        36         2         
258        37         2         
258        38         2         
258        39         2         
258        40         2         
258        41         2         
258        42         2         
258        43         2         
258        44         2         
258        45         2         
258        46         2         
258        47         2         
258        48         2         
258        49         2         
258        50         2         
258        51         2         
258        52         2         
258        53         2         
258        54         2         
258        55         2         
258        56         2         
258        57         2         
258        58         2         
258        59         2         
258        60         2         
258        61         2         
258        62         2         
258        63         2         
258        64         2         
258        65         2         
258        66         2         
258        67         2         
258        68         2         
258        69         2         
258        70         2         
258        71         2         
258        72         2         
258        73         2         
258        74         2         
258        75         2         
258        76         2         
258        77         2         
258        78         2         
258        79         2         
258        80         2         
258        81         2         
258        82         2         
258        83         2         
258        84         2         
258        85         2         
258        86         2         
258        87         2         
258        88         2         
258        89         2         
258        90         2         
258        91         2         
258        92         2         
258        93         2         
258        94         2         
258        95         2         
258        96         2         
258        97         2         
258        98         2         
258        99         2         
258        TotalExcRef 200       
Total execution ref: 2870
