aggregate data per location for random rate = 0.1 and with Perturbator = NEGB
Exploration Boolean Negation
NEGB : negation of boolean value.
20 string of 64 bytes
Generated with 23 as seed
19 perturbations points
IndexLoc   #Success   #Failure   #Exception #CallAllExecs      AvgCallPerExec     #Perturbations AvgPerturbationPerExec   #Execs     #Tasks     %Success                   
1          86         0          14         400                4,00               45             0,45                     100        20         ------------------ 86,00   
15         100        0          0          100                1,00               14             0,14                     100        20         -------------------- 100,00
28         87         13         0          200                2,00               24             0,24                     100        20         ------------------ 87,00   
32         98         0          2          100                1,00               14             0,14                     100        20         -------------------- 98,00 
35         98         0          2          30                 0,30               2              0,02                     100        20         -------------------- 98,00 
36         86         12         2          100                1,00               14             0,14                     100        20         ------------------ 86,00   
45         100        0          0          70                 0,70               11             0,11                     100        20         -------------------- 100,00
55         86         14         0          100                1,00               14             0,14                     100        20         ------------------ 86,00   
66         78         0          22         187                1,87               22             0,22                     100        20         ---------------- 78,00     
71         87         0          13         200                2,00               24             0,24                     100        20         ------------------ 87,00   
72         100        0          0          0                  0,00               0              0,00                     100        20         NaN                        
73         78         0          22         187                1,87               22             0,22                     100        20         ---------------- 78,00     
76         100        0          0          200                2,00               24             0,24                     100        20         -------------------- 100,00
79         100        0          0          200                2,00               24             0,24                     100        20         -------------------- 100,00
80         100        0          0          200                2,00               24             0,24                     100        20         -------------------- 100,00
88         78         0          22         187                1,87               22             0,22                     100        20         ---------------- 78,00     
89         87         0          13         200                2,00               24             0,24                     100        20         ------------------ 87,00   
90         78         0          22         187                1,87               22             0,22                     100        20         ---------------- 78,00     
91         87         13         0          200                2,00               24             0,24                     100        20         ------------------ 87,00   
