aggregate data per location for random rate = 0.05 and with Perturbator = NEGB
Exploration Boolean Negation
NEGB : negation of boolean value.
20 string of 64 bytes
Generated with 23 as seed
19 perturbations points
IndexLoc   #Success   #Failure   #Exception #CallAllExecs      AvgCallPerExec     #Perturbations AvgPerturbationPerExec   #Execs     #Tasks     %Success                   
1          95         0          5          400                4,00               18             0,18                     100        20         ------------------- 95,00  
15         100        0          0          100                1,00               6              0,06                     100        20         -------------------- 100,00
28         95         5          0          200                2,00               10             0,10                     100        20         ------------------- 95,00  
32         99         0          1          100                1,00               6              0,06                     100        20         -------------------- 99,00 
35         100        0          0          30                 0,30               0              0,00                     100        20         NaN                        
36         94         5          1          100                1,00               6              0,06                     100        20         ------------------- 94,00  
45         100        0          0          70                 0,70               5              0,05                     100        20         -------------------- 100,00
55         94         6          0          100                1,00               6              0,06                     100        20         ------------------- 94,00  
66         90         0          10         195                1,95               10             0,10                     100        20         ------------------ 90,00   
71         95         0          5          200                2,00               10             0,10                     100        20         ------------------- 95,00  
72         100        0          0          0                  0,00               0              0,00                     100        20         NaN                        
73         90         0          10         195                1,95               10             0,10                     100        20         ------------------ 90,00   
76         100        0          0          200                2,00               10             0,10                     100        20         -------------------- 100,00
79         100        0          0          200                2,00               10             0,10                     100        20         -------------------- 100,00
80         100        0          0          200                2,00               10             0,10                     100        20         -------------------- 100,00
88         90         0          10         195                1,95               10             0,10                     100        20         ------------------ 90,00   
89         95         0          5          200                2,00               10             0,10                     100        20         ------------------- 95,00  
90         90         0          10         195                1,95               10             0,10                     100        20         ------------------ 90,00   
91         95         5          0          200                2,00               10             0,10                     100        20         ------------------- 95,00  
