contains the data for the random rates analysis graph with Perturbator as perturbator.
Exploration Boolean Negation
NEGB : negation of boolean value.
random rate : 0.001 0.005 0.01 0.05 0.1 0.15 0.2 0.25 0.3 
5 repetition
20 string of 64 bytes
Generated with 23 as seed
19 perturbations points
RandomRate Perturbator IndexLoc   #Success   #Failure   #Exception #Call      #Perturbation  %Success                   
0.0        None        1          20         0          0          80         0              -------------------- 100,00
0.001      NEGB        1          100        0          0          400        0              NaN                        
0.005      NEGB        1          99         0          1          400        1              -------------------- 99,00 
0.01       NEGB        1          99         0          1          400        2              -------------------- 99,00 
0.05       NEGB        1          95         0          5          400        18             ------------------- 95,00  
0.1        NEGB        1          86         0          14         400        45             ------------------ 86,00   
0.15       NEGB        1          77         0          23         400        62             ---------------- 77,00     
0.2        NEGB        1          72         0          28         400        87             --------------- 72,00      
0.25       NEGB        1          68         0          32         400        103            -------------- 68,00       
0.3        NEGB        1          63         0          37         400        121            ------------- 63,00        
0.0        None        15         20         0          0          20         0              -------------------- 100,00
0.001      NEGB        15         100        0          0          100        0              NaN                        
0.005      NEGB        15         100        0          0          100        1              -------------------- 100,00
0.01       NEGB        15         100        0          0          100        1              -------------------- 100,00
0.05       NEGB        15         100        0          0          100        6              -------------------- 100,00
0.1        NEGB        15         100        0          0          100        14             -------------------- 100,00
0.15       NEGB        15         100        0          0          100        20             -------------------- 100,00
0.2        NEGB        15         100        0          0          100        24             -------------------- 100,00
0.25       NEGB        15         100        0          0          100        28             -------------------- 100,00
0.3        NEGB        15         100        0          0          100        31             -------------------- 100,00
0.0        None        28         20         0          0          40         0              -------------------- 100,00
0.001      NEGB        28         100        0          0          200        0              NaN                        
0.005      NEGB        28         99         1          0          200        1              -------------------- 99,00 
0.01       NEGB        28         99         1          0          200        1              -------------------- 99,00 
0.05       NEGB        28         95         5          0          200        10             ------------------- 95,00  
0.1        NEGB        28         87         13         0          200        24             ------------------ 87,00   
0.15       NEGB        28         79         21         0          200        35             ---------------- 79,00     
0.2        NEGB        28         76         24         0          200        41             ---------------- 76,00     
0.25       NEGB        28         73         27         0          200        50             --------------- 73,00      
0.3        NEGB        28         67         33         0          200        57             -------------- 67,00       
0.0        None        32         20         0          0          20         0              -------------------- 100,00
0.001      NEGB        32         100        0          0          100        0              NaN                        
0.005      NEGB        32         100        0          0          100        1              -------------------- 100,00
0.01       NEGB        32         100        0          0          100        1              -------------------- 100,00
0.05       NEGB        32         99         0          1          100        6              -------------------- 99,00 
0.1        NEGB        32         98         0          2          100        14             -------------------- 98,00 
0.15       NEGB        32         96         0          4          100        20             -------------------- 96,00 
0.2        NEGB        32         95         0          5          100        24             ------------------- 95,00  
0.25       NEGB        32         93         0          7          100        28             ------------------- 93,00  
0.3        NEGB        32         92         0          8          100        31             ------------------- 92,00  
0.0        None        35         20         0          0          6          0              -------------------- 100,00
0.001      NEGB        35         100        0          0          30         0              NaN                        
0.005      NEGB        35         100        0          0          30         0              NaN                        
0.01       NEGB        35         100        0          0          30         0              NaN                        
0.05       NEGB        35         100        0          0          30         0              NaN                        
0.1        NEGB        35         98         0          2          30         2              -------------------- 98,00 
0.15       NEGB        35         95         0          5          30         5              ------------------- 95,00  
0.2        NEGB        35         94         0          6          30         6              ------------------- 94,00  
0.25       NEGB        35         93         0          7          30         7              ------------------- 93,00  
0.3        NEGB        35         92         0          8          30         8              ------------------- 92,00  
0.0        None        36         20         0          0          20         0              -------------------- 100,00
0.001      NEGB        36         100        0          0          100        0              NaN                        
0.005      NEGB        36         99         1          0          100        1              -------------------- 99,00 
0.01       NEGB        36         99         1          0          100        1              -------------------- 99,00 
0.05       NEGB        36         94         5          1          100        6              ------------------- 94,00  
0.1        NEGB        36         86         12         2          100        14             ------------------ 86,00   
0.15       NEGB        36         80         16         4          100        20             ---------------- 80,00     
0.2        NEGB        36         76         19         5          100        24             ---------------- 76,00     
0.25       NEGB        36         72         21         7          100        28             --------------- 72,00      
0.3        NEGB        36         69         23         8          100        31             -------------- 69,00       
0.0        None        45         20         0          0          14         0              -------------------- 100,00
0.001      NEGB        45         100        0          0          70         0              NaN                        
0.005      NEGB        45         100        0          0          70         1              -------------------- 100,00
0.01       NEGB        45         100        0          0          70         1              -------------------- 100,00
0.05       NEGB        45         100        0          0          70         5              -------------------- 100,00
0.1        NEGB        45         100        0          0          70         11             -------------------- 100,00
0.15       NEGB        45         100        0          0          70         14             -------------------- 100,00
0.2        NEGB        45         100        0          0          70         17             -------------------- 100,00
0.25       NEGB        45         100        0          0          70         20             -------------------- 100,00
0.3        NEGB        45         100        0          0          70         22             -------------------- 100,00
0.0        None        55         20         0          0          20         0              -------------------- 100,00
0.001      NEGB        55         100        0          0          100        0              NaN                        
0.005      NEGB        55         99         1          0          100        1              -------------------- 99,00 
0.01       NEGB        55         99         1          0          100        1              -------------------- 99,00 
0.05       NEGB        55         94         6          0          100        6              ------------------- 94,00  
0.1        NEGB        55         86         14         0          100        14             ------------------ 86,00   
0.15       NEGB        55         80         20         0          100        20             ---------------- 80,00     
0.2        NEGB        55         76         24         0          100        24             ---------------- 76,00     
0.25       NEGB        55         72         28         0          100        28             --------------- 72,00      
0.3        NEGB        55         69         31         0          100        31             -------------- 69,00       
0.0        None        66         20         0          0          40         0              -------------------- 100,00
0.001      NEGB        66         100        0          0          200        0              NaN                        
0.005      NEGB        66         99         0          1          200        1              -------------------- 99,00 
0.01       NEGB        66         99         0          1          200        1              -------------------- 99,00 
0.05       NEGB        66         90         0          10         195        10             ------------------ 90,00   
0.1        NEGB        66         78         0          22         187        22             ---------------- 78,00     
0.15       NEGB        66         67         0          33         185        33             -------------- 67,00       
0.2        NEGB        66         62         0          38         181        38             ------------- 62,00        
0.25       NEGB        66         54         0          46         177        46             ----------- 54,00          
0.3        NEGB        66         48         0          52         176        52             ---------- 48,00           
0.0        None        71         20         0          0          40         0              -------------------- 100,00
0.001      NEGB        71         100        0          0          200        0              NaN                        
0.005      NEGB        71         99         0          1          200        1              -------------------- 99,00 
0.01       NEGB        71         99         0          1          200        1              -------------------- 99,00 
0.05       NEGB        71         95         0          5          200        10             ------------------- 95,00  
0.1        NEGB        71         87         0          13         200        24             ------------------ 87,00   
0.15       NEGB        71         79         0          21         200        35             ---------------- 79,00     
0.2        NEGB        71         76         0          24         200        41             ---------------- 76,00     
0.25       NEGB        71         73         0          27         200        50             --------------- 73,00      
0.3        NEGB        71         67         0          33         200        57             -------------- 67,00       
0.0        None        72         20         0          0          0          0              -------------------- 100,00
0.001      NEGB        72         100        0          0          0          0              NaN                        
0.005      NEGB        72         100        0          0          0          0              NaN                        
0.01       NEGB        72         100        0          0          0          0              NaN                        
0.05       NEGB        72         100        0          0          0          0              NaN                        
0.1        NEGB        72         100        0          0          0          0              NaN                        
0.15       NEGB        72         100        0          0          0          0              NaN                        
0.2        NEGB        72         100        0          0          0          0              NaN                        
0.25       NEGB        72         100        0          0          0          0              NaN                        
0.3        NEGB        72         100        0          0          0          0              NaN                        
0.0        None        73         20         0          0          40         0              -------------------- 100,00
0.001      NEGB        73         100        0          0          200        0              NaN                        
0.005      NEGB        73         99         0          1          200        1              -------------------- 99,00 
0.01       NEGB        73         99         0          1          200        1              -------------------- 99,00 
0.05       NEGB        73         90         0          10         195        10             ------------------ 90,00   
0.1        NEGB        73         78         0          22         187        22             ---------------- 78,00     
0.15       NEGB        73         67         0          33         185        33             -------------- 67,00       
0.2        NEGB        73         62         0          38         181        38             ------------- 62,00        
0.25       NEGB        73         54         0          46         177        46             ----------- 54,00          
0.3        NEGB        73         48         0          52         176        52             ---------- 48,00           
0.0        None        76         20         0          0          40         0              -------------------- 100,00
0.001      NEGB        76         100        0          0          200        0              NaN                        
0.005      NEGB        76         100        0          0          200        1              -------------------- 100,00
0.01       NEGB        76         100        0          0          200        1              -------------------- 100,00
0.05       NEGB        76         100        0          0          200        10             -------------------- 100,00
0.1        NEGB        76         100        0          0          200        24             -------------------- 100,00
0.15       NEGB        76         100        0          0          200        35             -------------------- 100,00
0.2        NEGB        76         100        0          0          200        41             -------------------- 100,00
0.25       NEGB        76         100        0          0          200        50             -------------------- 100,00
0.3        NEGB        76         100        0          0          200        57             -------------------- 100,00
0.0        None        79         20         0          0          40         0              -------------------- 100,00
0.001      NEGB        79         100        0          0          200        0              NaN                        
0.005      NEGB        79         100        0          0          200        1              -------------------- 100,00
0.01       NEGB        79         100        0          0          200        1              -------------------- 100,00
0.05       NEGB        79         100        0          0          200        10             -------------------- 100,00
0.1        NEGB        79         100        0          0          200        24             -------------------- 100,00
0.15       NEGB        79         100        0          0          200        35             -------------------- 100,00
0.2        NEGB        79         100        0          0          200        41             -------------------- 100,00
0.25       NEGB        79         100        0          0          200        50             -------------------- 100,00
0.3        NEGB        79         100        0          0          200        57             -------------------- 100,00
0.0        None        80         20         0          0          40         0              -------------------- 100,00
0.001      NEGB        80         100        0          0          200        0              NaN                        
0.005      NEGB        80         100        0          0          200        1              -------------------- 100,00
0.01       NEGB        80         100        0          0          200        1              -------------------- 100,00
0.05       NEGB        80         100        0          0          200        10             -------------------- 100,00
0.1        NEGB        80         100        0          0          200        24             -------------------- 100,00
0.15       NEGB        80         100        0          0          200        35             -------------------- 100,00
0.2        NEGB        80         100        0          0          200        41             -------------------- 100,00
0.25       NEGB        80         100        0          0          200        50             -------------------- 100,00
0.3        NEGB        80         100        0          0          200        57             -------------------- 100,00
0.0        None        88         20         0          0          40         0              -------------------- 100,00
0.001      NEGB        88         100        0          0          200        0              NaN                        
0.005      NEGB        88         99         0          1          200        1              -------------------- 99,00 
0.01       NEGB        88         99         0          1          200        1              -------------------- 99,00 
0.05       NEGB        88         90         0          10         195        10             ------------------ 90,00   
0.1        NEGB        88         78         0          22         187        22             ---------------- 78,00     
0.15       NEGB        88         67         0          33         185        33             -------------- 67,00       
0.2        NEGB        88         62         0          38         181        38             ------------- 62,00        
0.25       NEGB        88         54         0          46         177        46             ----------- 54,00          
0.3        NEGB        88         48         0          52         176        52             ---------- 48,00           
0.0        None        89         20         0          0          40         0              -------------------- 100,00
0.001      NEGB        89         100        0          0          200        0              NaN                        
0.005      NEGB        89         99         0          1          200        1              -------------------- 99,00 
0.01       NEGB        89         99         0          1          200        1              -------------------- 99,00 
0.05       NEGB        89         95         0          5          200        10             ------------------- 95,00  
0.1        NEGB        89         87         0          13         200        24             ------------------ 87,00   
0.15       NEGB        89         79         0          21         200        35             ---------------- 79,00     
0.2        NEGB        89         76         0          24         200        41             ---------------- 76,00     
0.25       NEGB        89         73         0          27         200        50             --------------- 73,00      
0.3        NEGB        89         67         0          33         200        57             -------------- 67,00       
0.0        None        90         20         0          0          40         0              -------------------- 100,00
0.001      NEGB        90         100        0          0          200        0              NaN                        
0.005      NEGB        90         99         0          1          200        1              -------------------- 99,00 
0.01       NEGB        90         99         0          1          200        1              -------------------- 99,00 
0.05       NEGB        90         90         0          10         195        10             ------------------ 90,00   
0.1        NEGB        90         78         0          22         187        22             ---------------- 78,00     
0.15       NEGB        90         67         0          33         185        33             -------------- 67,00       
0.2        NEGB        90         62         0          38         181        38             ------------- 62,00        
0.25       NEGB        90         54         0          46         177        46             ----------- 54,00          
0.3        NEGB        90         48         0          52         176        52             ---------- 48,00           
0.0        None        91         20         0          0          40         0              -------------------- 100,00
0.001      NEGB        91         100        0          0          200        0              NaN                        
0.005      NEGB        91         99         1          0          200        1              -------------------- 99,00 
0.01       NEGB        91         99         1          0          200        1              -------------------- 99,00 
0.05       NEGB        91         95         5          0          200        10             ------------------- 95,00  
0.1        NEGB        91         87         13         0          200        24             ------------------ 87,00   
0.15       NEGB        91         79         21         0          200        35             ---------------- 79,00     
0.2        NEGB        91         76         24         0          200        41             ---------------- 76,00     
0.25       NEGB        91         73         27         0          200        50             --------------- 73,00      
0.3        NEGB        91         67         33         0          200        57             -------------- 67,00       
