aggregate data per location for random rate = 0.01 and with Perturbator = NEGB
Exploration Boolean Negation
NEGB : negation of boolean value.
20 string of 64 bytes
Generated with 23 as seed
19 perturbations points
IndexLoc   #Success   #Failure   #Exception #CallAllExecs      AvgCallPerExec     #Perturbations AvgPerturbationPerExec   #Execs     #Tasks     %Success                   
1          99         0          1          400                4,00               2              0,02                     100        20         -------------------- 99,00 
15         100        0          0          100                1,00               1              0,01                     100        20         -------------------- 100,00
28         99         1          0          200                2,00               1              0,01                     100        20         -------------------- 99,00 
32         100        0          0          100                1,00               1              0,01                     100        20         -------------------- 100,00
35         100        0          0          30                 0,30               0              0,00                     100        20         NaN                        
36         99         1          0          100                1,00               1              0,01                     100        20         -------------------- 99,00 
45         100        0          0          70                 0,70               1              0,01                     100        20         -------------------- 100,00
55         99         1          0          100                1,00               1              0,01                     100        20         -------------------- 99,00 
66         99         0          1          200                2,00               1              0,01                     100        20         -------------------- 99,00 
71         99         0          1          200                2,00               1              0,01                     100        20         -------------------- 99,00 
72         100        0          0          0                  0,00               0              0,00                     100        20         NaN                        
73         99         0          1          200                2,00               1              0,01                     100        20         -------------------- 99,00 
76         100        0          0          200                2,00               1              0,01                     100        20         -------------------- 100,00
79         100        0          0          200                2,00               1              0,01                     100        20         -------------------- 100,00
80         100        0          0          200                2,00               1              0,01                     100        20         -------------------- 100,00
88         99         0          1          200                2,00               1              0,01                     100        20         -------------------- 99,00 
89         99         0          1          200                2,00               1              0,01                     100        20         -------------------- 99,00 
90         99         0          1          200                2,00               1              0,01                     100        20         -------------------- 99,00 
91         99         1          0          200                2,00               1              0,01                     100        20         -------------------- 99,00 
