aggregate data per location for random rate = 0.15 and with Perturbator = NEGB
Exploration Boolean Negation
NEGB : negation of boolean value.
20 string of 64 bytes
Generated with 23 as seed
19 perturbations points
IndexLoc   #Success   #Failure   #Exception #CallAllExecs      AvgCallPerExec     #Perturbations AvgPerturbationPerExec   #Execs     #Tasks     %Success                   
1          77         0          23         400                4,00               62             0,62                     100        20         ---------------- 77,00     
15         100        0          0          100                1,00               20             0,20                     100        20         -------------------- 100,00
28         79         21         0          200                2,00               35             0,35                     100        20         ---------------- 79,00     
32         96         0          4          100                1,00               20             0,20                     100        20         -------------------- 96,00 
35         95         0          5          30                 0,30               5              0,05                     100        20         ------------------- 95,00  
36         80         16         4          100                1,00               20             0,20                     100        20         ---------------- 80,00     
45         100        0          0          70                 0,70               14             0,14                     100        20         -------------------- 100,00
55         80         20         0          100                1,00               20             0,20                     100        20         ---------------- 80,00     
66         67         0          33         185                1,85               33             0,33                     100        20         -------------- 67,00       
71         79         0          21         200                2,00               35             0,35                     100        20         ---------------- 79,00     
72         100        0          0          0                  0,00               0              0,00                     100        20         NaN                        
73         67         0          33         185                1,85               33             0,33                     100        20         -------------- 67,00       
76         100        0          0          200                2,00               35             0,35                     100        20         -------------------- 100,00
79         100        0          0          200                2,00               35             0,35                     100        20         -------------------- 100,00
80         100        0          0          200                2,00               35             0,35                     100        20         -------------------- 100,00
88         67         0          33         185                1,85               33             0,33                     100        20         -------------- 67,00       
89         79         0          21         200                2,00               35             0,35                     100        20         ---------------- 79,00     
90         67         0          33         185                1,85               33             0,33                     100        20         -------------- 67,00       
91         79         21         0          200                2,00               35             0,35                     100        20         ---------------- 79,00     
