aggregate data per location for random rate = 0.025 and with Perturbator = 1
Exploration Plus One
73 perturbation point
PONE : plus one perturbator
100 string of 64 bytes
Generated with 23 as seed
IndexLoc   #Success   #Failure   #Exception #CallAllExecs      AvgCallPerExec     #Perturbations AvgPerturbationPerExec   #Execs     #Tasks     %Success                   
0          495        5          0          2000               4,00               51             0,10                     500        100        -------------------- 99,00 
2          495        5          0          1000               2,00               28             0,06                     500        100        -------------------- 99,00 
3          495        5          0          1000               2,00               28             0,06                     500        100        -------------------- 99,00 
4          495        5          0          1000               2,00               28             0,06                     500        100        -------------------- 99,00 
5          495        5          0          1000               2,00               28             0,06                     500        100        -------------------- 99,00 
6          495        5          0          1000               2,00               28             0,06                     500        100        -------------------- 99,00 
7          495        5          0          1000               2,00               28             0,06                     500        100        -------------------- 99,00 
8          495        5          0          1000               2,00               28             0,06                     500        100        -------------------- 99,00 
9          495        5          0          1000               2,00               28             0,06                     500        100        -------------------- 99,00 
10         495        5          0          1000               2,00               28             0,06                     500        100        -------------------- 99,00 
11         495        5          0          1000               2,00               28             0,06                     500        100        -------------------- 99,00 
12         481        5          14         986                1,97               28             0,06                     500        100        -------------------- 96,20 
13         495        5          0          1000               2,00               28             0,06                     500        100        -------------------- 99,00 
14         492        5          3          518                1,04               15             0,03                     500        100        -------------------- 98,40 
16         492        5          3          519                1,04               15             0,03                     500        100        -------------------- 98,40 
17         490        5          5          518                1,04               15             0,03                     500        100        -------------------- 98,00 
18         491        5          4          519                1,04               15             0,03                     500        100        -------------------- 98,20 
19         495        5          0          506                1,01               15             0,03                     500        100        -------------------- 99,00 
20         492        5          3          518                1,04               15             0,03                     500        100        -------------------- 98,40 
21         495        5          0          0                  0,00               0              0,00                     500        100        NaN                        
22         495        5          0          0                  0,00               0              0,00                     500        100        NaN                        
23         495        5          0          0                  0,00               0              0,00                     500        100        NaN                        
24         495        5          0          0                  0,00               0              0,00                     500        100        NaN                        
25         495        5          0          0                  0,00               0              0,00                     500        100        NaN                        
26         495        5          0          0                  0,00               0              0,00                     500        100        NaN                        
27         495        5          0          0                  0,00               0              0,00                     500        100        NaN                        
29         487        5          8          500                1,00               15             0,03                     500        100        -------------------- 97,40 
30         487        5          8          500                1,00               15             0,03                     500        100        -------------------- 97,40 
31         491        5          4          500                1,00               15             0,03                     500        100        -------------------- 98,20 
33         495        5          0          166                0,33               6              0,01                     500        100        -------------------- 99,00 
34         489        5          6          152                0,30               6              0,01                     500        100        -------------------- 97,80 
37         489        5          6          150                0,30               6              0,01                     500        100        -------------------- 97,80 
38         489        11         0          161                0,32               6              0,01                     500        100        -------------------- 97,80 
39         489        5          6          144                0,29               6              0,01                     500        100        -------------------- 97,80 
40         489        5          6          137                0,27               6              0,01                     500        100        -------------------- 97,80 
41         490        4          6          176                0,35               6              0,01                     500        100        -------------------- 98,00 
42         490        4          6          166                0,33               6              0,01                     500        100        -------------------- 98,00 
43         495        5          0          343                0,69               11             0,02                     500        100        -------------------- 99,00 
44         495        5          0          355                0,71               12             0,02                     500        100        -------------------- 99,00 
46         495        5          0          1                  0,00               0              0,00                     500        100        NaN                        
47         495        5          0          1                  0,00               0              0,00                     500        100        NaN                        
48         495        5          0          0                  0,00               0              0,00                     500        100        NaN                        
49         495        5          0          2                  0,00               0              0,00                     500        100        NaN                        
50         495        5          0          2                  0,00               0              0,00                     500        100        NaN                        
51         495        5          0          2                  0,00               0              0,00                     500        100        NaN                        
52         489        11         0          500                1,00               15             0,03                     500        100        -------------------- 97,80 
53         489        11         0          500                1,00               15             0,03                     500        100        -------------------- 97,80 
54         489        11         0          500                1,00               15             0,03                     500        100        -------------------- 97,80 
56         487        5          8          285                0,57               8              0,02                     500        100        -------------------- 97,40 
57         487        13         0          285                0,57               8              0,02                     500        100        -------------------- 97,40 
58         487        5          8          285                0,57               8              0,02                     500        100        -------------------- 97,40 
59         487        5          8          285                0,57               8              0,02                     500        100        -------------------- 97,40 
60         487        5          8          285                0,57               8              0,02                     500        100        -------------------- 97,40 
61         487        5          8          285                0,57               8              0,02                     500        100        -------------------- 97,40 
62         495        5          0          1000               2,00               28             0,06                     500        100        -------------------- 99,00 
63         495        5          0          1000               2,00               28             0,06                     500        100        -------------------- 99,00 
64         495        5          0          1000               2,00               28             0,06                     500        100        -------------------- 99,00 
65         495        5          0          1000               2,00               28             0,06                     500        100        -------------------- 99,00 
67         483        5          12         1000               2,00               28             0,06                     500        100        -------------------- 96,60 
68         495        5          0          1000               2,00               28             0,06                     500        100        -------------------- 99,00 
69         495        5          0          1000               2,00               28             0,06                     500        100        -------------------- 99,00 
70         495        5          0          1000               2,00               28             0,06                     500        100        -------------------- 99,00 
74         495        5          0          1000               2,00               28             0,06                     500        100        -------------------- 99,00 
75         495        5          0          1000               2,00               28             0,06                     500        100        -------------------- 99,00 
77         495        5          0          1000               2,00               28             0,06                     500        100        -------------------- 99,00 
78         495        5          0          1000               2,00               28             0,06                     500        100        -------------------- 99,00 
81         495        5          0          0                  0,00               0              0,00                     500        100        NaN                        
82         495        5          0          0                  0,00               0              0,00                     500        100        NaN                        
83         495        5          0          0                  0,00               0              0,00                     500        100        NaN                        
84         495        5          0          0                  0,00               0              0,00                     500        100        NaN                        
85         467        5          28         986                1,97               28             0,06                     500        100        ------------------- 93,40  
86         467        5          28         986                1,97               28             0,06                     500        100        ------------------- 93,40  
87         495        5          0          1000               2,00               28             0,06                     500        100        -------------------- 99,00 
