aggregate data per location for random rate = 0.02 and with Perturbator = 1
Exploration Plus One
73 perturbation point
PONE : plus one perturbator
100 string of 64 bytes
Generated with 23 as seed
IndexLoc   #Success   #Failure   #Exception #CallAllExecs      AvgCallPerExec     #Perturbations AvgPerturbationPerExec   #Execs     #Tasks     %Success                   
0          495        5          0          2000               4,00               42             0,08                     500        100        -------------------- 99,00 
2          495        5          0          1000               2,00               22             0,04                     500        100        -------------------- 99,00 
3          495        5          0          1000               2,00               22             0,04                     500        100        -------------------- 99,00 
4          495        5          0          1000               2,00               22             0,04                     500        100        -------------------- 99,00 
5          495        5          0          1000               2,00               22             0,04                     500        100        -------------------- 99,00 
6          495        5          0          1000               2,00               22             0,04                     500        100        -------------------- 99,00 
7          495        5          0          1000               2,00               22             0,04                     500        100        -------------------- 99,00 
8          495        5          0          1000               2,00               22             0,04                     500        100        -------------------- 99,00 
9          495        5          0          1000               2,00               22             0,04                     500        100        -------------------- 99,00 
10         495        5          0          1000               2,00               22             0,04                     500        100        -------------------- 99,00 
11         495        5          0          1000               2,00               22             0,04                     500        100        -------------------- 99,00 
12         483        5          12         988                1,98               22             0,04                     500        100        -------------------- 96,60 
13         495        5          0          1000               2,00               22             0,04                     500        100        -------------------- 99,00 
14         493        5          2          514                1,03               10             0,02                     500        100        -------------------- 98,60 
16         490        5          5          512                1,02               10             0,02                     500        100        -------------------- 98,00 
17         493        5          2          516                1,03               10             0,02                     500        100        -------------------- 98,60 
18         492        5          3          513                1,03               10             0,02                     500        100        -------------------- 98,40 
19         495        5          0          501                1,00               10             0,02                     500        100        -------------------- 99,00 
20         491        5          4          512                1,02               10             0,02                     500        100        -------------------- 98,20 
21         495        5          0          0                  0,00               0              0,00                     500        100        NaN                        
22         495        5          0          0                  0,00               0              0,00                     500        100        NaN                        
23         495        5          0          0                  0,00               0              0,00                     500        100        NaN                        
24         495        5          0          0                  0,00               0              0,00                     500        100        NaN                        
25         495        5          0          0                  0,00               0              0,00                     500        100        NaN                        
26         495        5          0          0                  0,00               0              0,00                     500        100        NaN                        
27         495        5          0          0                  0,00               0              0,00                     500        100        NaN                        
29         492        5          3          500                1,00               10             0,02                     500        100        -------------------- 98,40 
30         494        5          1          500                1,00               10             0,02                     500        100        -------------------- 98,80 
31         491        5          4          500                1,00               10             0,02                     500        100        -------------------- 98,20 
33         495        5          0          151                0,30               4              0,01                     500        100        -------------------- 99,00 
34         491        5          4          148                0,30               4              0,01                     500        100        -------------------- 98,20 
37         492        4          4          146                0,29               4              0,01                     500        100        -------------------- 98,40 
38         491        9          0          146                0,29               4              0,01                     500        100        -------------------- 98,20 
39         492        5          3          127                0,25               3              0,01                     500        100        -------------------- 98,40 
40         492        4          4          154                0,31               4              0,01                     500        100        -------------------- 98,40 
41         491        5          4          143                0,29               4              0,01                     500        100        -------------------- 98,20 
42         492        4          4          148                0,30               4              0,01                     500        100        -------------------- 98,40 
43         495        5          0          338                0,68               7              0,01                     500        100        -------------------- 99,00 
44         495        5          0          361                0,72               8              0,02                     500        100        -------------------- 99,00 
46         495        5          0          0                  0,00               0              0,00                     500        100        NaN                        
47         495        5          0          1                  0,00               0              0,00                     500        100        NaN                        
48         495        5          0          2                  0,00               0              0,00                     500        100        NaN                        
49         495        5          0          0                  0,00               0              0,00                     500        100        NaN                        
50         495        5          0          2                  0,00               0              0,00                     500        100        NaN                        
51         495        5          0          0                  0,00               0              0,00                     500        100        NaN                        
52         492        8          0          500                1,00               10             0,02                     500        100        -------------------- 98,40 
53         492        8          0          500                1,00               10             0,02                     500        100        -------------------- 98,40 
54         492        8          0          500                1,00               10             0,02                     500        100        -------------------- 98,40 
56         491        5          4          285                0,57               4              0,01                     500        100        -------------------- 98,20 
57         491        9          0          285                0,57               4              0,01                     500        100        -------------------- 98,20 
58         491        5          4          285                0,57               4              0,01                     500        100        -------------------- 98,20 
59         491        5          4          285                0,57               4              0,01                     500        100        -------------------- 98,20 
60         491        5          4          285                0,57               4              0,01                     500        100        -------------------- 98,20 
61         491        5          4          285                0,57               4              0,01                     500        100        -------------------- 98,20 
62         495        5          0          1000               2,00               22             0,04                     500        100        -------------------- 99,00 
63         495        5          0          1000               2,00               22             0,04                     500        100        -------------------- 99,00 
64         495        5          0          1000               2,00               22             0,04                     500        100        -------------------- 99,00 
65         495        5          0          1000               2,00               22             0,04                     500        100        -------------------- 99,00 
67         486        5          9          1000               2,00               22             0,04                     500        100        -------------------- 97,20 
68         495        5          0          1000               2,00               22             0,04                     500        100        -------------------- 99,00 
69         495        5          0          1000               2,00               22             0,04                     500        100        -------------------- 99,00 
70         495        5          0          1000               2,00               22             0,04                     500        100        -------------------- 99,00 
74         495        5          0          1000               2,00               22             0,04                     500        100        -------------------- 99,00 
75         495        5          0          1000               2,00               22             0,04                     500        100        -------------------- 99,00 
77         495        5          0          1000               2,00               22             0,04                     500        100        -------------------- 99,00 
78         495        5          0          1000               2,00               22             0,04                     500        100        -------------------- 99,00 
81         495        5          0          0                  0,00               0              0,00                     500        100        NaN                        
82         495        5          0          0                  0,00               0              0,00                     500        100        NaN                        
83         495        5          0          0                  0,00               0              0,00                     500        100        NaN                        
84         495        5          0          0                  0,00               0              0,00                     500        100        NaN                        
85         473        5          22         988                1,98               22             0,04                     500        100        ------------------- 94,60  
86         473        5          22         988                1,98               22             0,04                     500        100        ------------------- 94,60  
87         495        5          0          1000               2,00               22             0,04                     500        100        -------------------- 99,00 
