aggregate data per location for random rate = 0.002 and with Perturbator = 1
Exploration Plus One
73 perturbation point
PONE : plus one perturbator
100 string of 64 bytes
Generated with 23 as seed
IndexLoc   #Success   #Failure   #Exception #CallAllExecs      AvgCallPerExec     #Perturbations AvgPerturbationPerExec   #Execs     #Tasks     %Success                   
0          495        5          0          2000               4,00               3              0,01                     500        100        -------------------- 99,00 
2          495        5          0          1000               2,00               0              0,00                     500        100        NaN                        
3          495        5          0          1000               2,00               0              0,00                     500        100        NaN                        
4          495        5          0          1000               2,00               0              0,00                     500        100        NaN                        
5          495        5          0          1000               2,00               0              0,00                     500        100        NaN                        
6          495        5          0          1000               2,00               0              0,00                     500        100        NaN                        
7          495        5          0          1000               2,00               0              0,00                     500        100        NaN                        
8          495        5          0          1000               2,00               0              0,00                     500        100        NaN                        
9          495        5          0          1000               2,00               0              0,00                     500        100        NaN                        
10         495        5          0          1000               2,00               0              0,00                     500        100        NaN                        
11         495        5          0          1000               2,00               0              0,00                     500        100        NaN                        
12         495        5          0          1000               2,00               0              0,00                     500        100        NaN                        
13         495        5          0          1000               2,00               0              0,00                     500        100        NaN                        
14         495        5          0          503                1,01               0              0,00                     500        100        NaN                        
16         495        5          0          505                1,01               0              0,00                     500        100        NaN                        
17         495        5          0          501                1,00               0              0,00                     500        100        NaN                        
18         495        5          0          503                1,01               0              0,00                     500        100        NaN                        
19         495        5          0          501                1,00               0              0,00                     500        100        NaN                        
20         495        5          0          505                1,01               0              0,00                     500        100        NaN                        
21         495        5          0          0                  0,00               0              0,00                     500        100        NaN                        
22         495        5          0          0                  0,00               0              0,00                     500        100        NaN                        
23         495        5          0          0                  0,00               0              0,00                     500        100        NaN                        
24         495        5          0          0                  0,00               0              0,00                     500        100        NaN                        
25         495        5          0          0                  0,00               0              0,00                     500        100        NaN                        
26         495        5          0          0                  0,00               0              0,00                     500        100        NaN                        
27         495        5          0          0                  0,00               0              0,00                     500        100        NaN                        
29         495        5          0          500                1,00               0              0,00                     500        100        NaN                        
30         495        5          0          500                1,00               0              0,00                     500        100        NaN                        
31         495        5          0          500                1,00               0              0,00                     500        100        NaN                        
33         495        5          0          176                0,35               0              0,00                     500        100        NaN                        
34         495        5          0          157                0,31               0              0,00                     500        100        NaN                        
37         495        5          0          147                0,29               0              0,00                     500        100        NaN                        
38         495        5          0          162                0,32               0              0,00                     500        100        NaN                        
39         495        5          0          140                0,28               0              0,00                     500        100        NaN                        
40         495        5          0          141                0,28               0              0,00                     500        100        NaN                        
41         495        5          0          156                0,31               0              0,00                     500        100        NaN                        
42         495        5          0          124                0,25               0              0,00                     500        100        NaN                        
43         495        5          0          342                0,68               0              0,00                     500        100        NaN                        
44         495        5          0          372                0,74               0              0,00                     500        100        NaN                        
46         495        5          0          3                  0,01               0              0,00                     500        100        NaN                        
47         495        5          0          1                  0,00               0              0,00                     500        100        NaN                        
48         495        5          0          2                  0,00               0              0,00                     500        100        NaN                        
49         495        5          0          0                  0,00               0              0,00                     500        100        NaN                        
50         495        5          0          2                  0,00               0              0,00                     500        100        NaN                        
51         495        5          0          0                  0,00               0              0,00                     500        100        NaN                        
52         495        5          0          500                1,00               0              0,00                     500        100        NaN                        
53         495        5          0          500                1,00               0              0,00                     500        100        NaN                        
54         495        5          0          500                1,00               0              0,00                     500        100        NaN                        
56         495        5          0          285                0,57               0              0,00                     500        100        NaN                        
57         495        5          0          285                0,57               0              0,00                     500        100        NaN                        
58         495        5          0          285                0,57               0              0,00                     500        100        NaN                        
59         495        5          0          285                0,57               0              0,00                     500        100        NaN                        
60         495        5          0          285                0,57               0              0,00                     500        100        NaN                        
61         495        5          0          285                0,57               0              0,00                     500        100        NaN                        
62         495        5          0          1000               2,00               0              0,00                     500        100        NaN                        
63         495        5          0          1000               2,00               0              0,00                     500        100        NaN                        
64         495        5          0          1000               2,00               0              0,00                     500        100        NaN                        
65         495        5          0          1000               2,00               0              0,00                     500        100        NaN                        
67         495        5          0          1000               2,00               0              0,00                     500        100        NaN                        
68         495        5          0          1000               2,00               0              0,00                     500        100        NaN                        
69         495        5          0          1000               2,00               0              0,00                     500        100        NaN                        
70         495        5          0          1000               2,00               0              0,00                     500        100        NaN                        
74         495        5          0          1000               2,00               0              0,00                     500        100        NaN                        
75         495        5          0          1000               2,00               0              0,00                     500        100        NaN                        
77         495        5          0          1000               2,00               0              0,00                     500        100        NaN                        
78         495        5          0          1000               2,00               0              0,00                     500        100        NaN                        
81         495        5          0          0                  0,00               0              0,00                     500        100        NaN                        
82         495        5          0          0                  0,00               0              0,00                     500        100        NaN                        
83         495        5          0          0                  0,00               0              0,00                     500        100        NaN                        
84         495        5          0          0                  0,00               0              0,00                     500        100        NaN                        
85         495        5          0          1000               2,00               0              0,00                     500        100        NaN                        
86         495        5          0          1000               2,00               0              0,00                     500        100        NaN                        
87         495        5          0          1000               2,00               0              0,00                     500        100        NaN                        
