contains the data for build a graph for analysis.
Exploration Zero
ZERO : zero perturbator
20 string of 100 bytes
Generated with 23 as seed
117 perturbations points
Perturbator IndexLoc   #Perturbations #Success   #Failure   #Exception #Call          %Success                   
0           2          80             80         0          0          320            -------------------- 100.00
0           3          80             40         0          40         240            ---------- 50.00           
0           5          40             20         0          20         60             ---------- 50.00           
0           6          40             40         0          0          80             -------------------- 100.00
0           7          40             20         0          20         60             ---------- 50.00           
0           8          40             0          0          40         60              0.00                      
0           9          40             20         0          20         60             ---------- 50.00           
0           10         40             40         0          0          80             -------------------- 100.00
0           11         40             20         0          20         60             ---------- 50.00           
0           12         40             20         0          20         60             ---------- 50.00           
0           13         40             40         0          0          80             -------------------- 100.00
0           14         40             20         0          20         60             ---------- 50.00           
0           15         40             0          0          40         60              0.00                      
0           16         40             20         0          20         60             ---------- 50.00           
0           17         20             20         0          0          20             -------------------- 100.00
0           18         20             20         0          0          20             -------------------- 100.00
0           20         20             20         0          0          20             -------------------- 100.00
0           21         20             20         0          0          20             -------------------- 100.00
0           22         20             20         0          0          20             -------------------- 100.00
0           23         20             0          0          20         20              0.00                      
0           24         20             20         0          0          20             -------------------- 100.00
0           25         0              0          0          0          0              NaN                        
0           26         0              0          0          0          0              NaN                        
0           27         0              0          0          0          0              NaN                        
0           28         0              0          0          0          0              NaN                        
0           29         0              0          0          0          0              NaN                        
0           30         0              0          0          0          0              NaN                        
0           31         0              0          0          0          0              NaN                        
0           32         40             40         0          0          80             -------------------- 100.00
0           33         40             0          0          40         60              0.00                      
0           34         40             40         0          0          80             -------------------- 100.00
0           35         40             0          0          40         60              0.00                      
0           37         40             40         0          0          80             -------------------- 100.00
0           38         40             40         0          0          80             -------------------- 100.00
0           39         40             20         0          20         80             ---------- 50.00           
0           40         40             40         0          0          80             -------------------- 100.00
0           45         40             40         0          0          80             -------------------- 100.00
0           46         40             40         0          0          80             -------------------- 100.00
0           48         40             40         0          0          80             -------------------- 100.00
0           49         40             40         0          0          80             -------------------- 100.00
0           52         0              0          0          0          0              NaN                        
0           53         0              0          0          0          0              NaN                        
0           54         0              0          0          0          0              NaN                        
0           55         0              0          0          0          0              NaN                        
0           56         40             0          0          40         60              0.00                      
0           57         40             40         0          0          80             -------------------- 100.00
0           58         40             40         0          0          80             -------------------- 100.00
0           59         40             40         0          0          80             -------------------- 100.00
0           60         40             0          0          40         60              0.00                      
0           61         40             40         0          0          80             -------------------- 100.00
0           63         40             40         0          0          80             -------------------- 100.00
0           64         40             40         0          0          80             -------------------- 100.00
0           66         20             20         0          0          20             -------------------- 100.00
0           67         20             20         0          0          20             -------------------- 100.00
0           68         20             20         0          0          20             -------------------- 100.00
0           70         6              0          0          6          6               0.00                      
0           71         6              6          0          0          6              -------------------- 100.00
0           74         6              0          0          6          6               0.00                      
0           75         6              0          0          6          6               0.00                      
0           76         6              0          6          0          6               0.00                      
0           77         6              0          6          0          6               0.00                      
0           78         6              6          0          0          6              -------------------- 100.00
0           79         6              0          6          0          6               0.00                      
0           80         14             14         0          0          14             -------------------- 100.00
0           81         14             14         0          0          14             -------------------- 100.00
0           83         0              0          0          0          0              NaN                        
0           84         0              0          0          0          0              NaN                        
0           85         0              0          0          0          0              NaN                        
0           86         0              0          0          0          0              NaN                        
0           87         0              0          0          0          0              NaN                        
0           88         0              0          0          0          0              NaN                        
0           89         20             20         0          0          20             -------------------- 100.00
0           90         20             10         10         0          20             ---------- 50.00           
0           91         20             20         0          0          20             -------------------- 100.00
0           93         10             0          0          10         10              0.00                      
0           94         10             0          0          10         10              0.00                      
0           95         10             0          10         0          10              0.00                      
0           96         10             0          10         0          10              0.00                      
0           97         10             10         0          0          10             -------------------- 100.00
0           98         10             0          10         0          10              0.00                      
0           100        20             20         0          0          20             -------------------- 100.00
0           101        20             20         0          0          20             -------------------- 100.00
0           102        20             20         0          0          20             -------------------- 100.00
0           103        20             20         0          0          20             -------------------- 100.00
0           104        20             20         0          0          20             -------------------- 100.00
0           105        20             20         0          0          20             -------------------- 100.00
0           106        20             20         0          0          20             -------------------- 100.00
0           107        20             20         0          0          20             -------------------- 100.00
0           108        20             20         0          0          20             -------------------- 100.00
0           109        20             20         0          0          20             -------------------- 100.00
0           110        20             20         0          0          20             -------------------- 100.00
0           111        20             20         0          0          20             -------------------- 100.00
0           112        20             20         0          0          20             -------------------- 100.00
0           113        20             20         0          0          20             -------------------- 100.00
0           114        20             20         0          0          20             -------------------- 100.00
0           115        20             20         0          0          20             -------------------- 100.00
0           116        20             20         0          0          20             -------------------- 100.00
0           117        20             20         0          0          20             -------------------- 100.00
0           118        20             20         0          0          20             -------------------- 100.00
0           119        20             20         0          0          20             -------------------- 100.00
0           120        20             20         0          0          20             -------------------- 100.00
0           121        20             20         0          0          20             -------------------- 100.00
0           122        20             20         0          0          20             -------------------- 100.00
0           123        20             20         0          0          20             -------------------- 100.00
0           124        20             20         0          0          20             -------------------- 100.00
0           125        20             20         0          0          20             -------------------- 100.00
0           126        20             20         0          0          20             -------------------- 100.00
0           127        20             20         0          0          20             -------------------- 100.00
0           128        20             20         0          0          20             -------------------- 100.00
0           129        20             20         0          0          20             -------------------- 100.00
0           130        20             20         0          0          20             -------------------- 100.00
0           131        20             20         0          0          20             -------------------- 100.00
0           132        20             20         0          0          20             -------------------- 100.00
0           133        20             20         0          0          20             -------------------- 100.00
0           134        20             20         0          0          20             -------------------- 100.00
0           135        20             20         0          0          20             -------------------- 100.00
0           136        20             20         0          0          20             -------------------- 100.00
