aggregate data per location for Perturbator = 0
Exploration Zero
ZERO : zero perturbator
20 string of 100 bytes
Generated with 23 as seed
117 perturbations points
IndexLoc   #Success   #Failure   #Exception #CallAllExecs      AvgCallPerExec     #Perturbations AvgPerturbationPerExec   #Execs     #ExecsRef  AvgCallRefPerTask #Tasks     %Success                   
2          80         0          0          320                4.00               80             1.00                     80         80         4.0               20         -------------------- 100.00
3          40         0          40         240                3.00               80             1.00                     80         80         4.0               20         ---------- 50.00           
5          20         0          20         60                 1.50               40             1.00                     40         40         2.0               20         ---------- 50.00           
6          40         0          0          80                 2.00               40             1.00                     40         40         2.0               20         -------------------- 100.00
7          20         0          20         60                 1.50               40             1.00                     40         40         2.0               20         ---------- 50.00           
8          0          0          40         60                 1.50               40             1.00                     40         40         2.0               20          0.00                      
9          20         0          20         60                 1.50               40             1.00                     40         40         2.0               20         ---------- 50.00           
10         40         0          0          80                 2.00               40             1.00                     40         40         2.0               20         -------------------- 100.00
11         20         0          20         60                 1.50               40             1.00                     40         40         2.0               20         ---------- 50.00           
12         20         0          20         60                 1.50               40             1.00                     40         40         2.0               20         ---------- 50.00           
13         40         0          0          80                 2.00               40             1.00                     40         40         2.0               20         -------------------- 100.00
14         20         0          20         60                 1.50               40             1.00                     40         40         2.0               20         ---------- 50.00           
15         0          0          40         60                 1.50               40             1.00                     40         40         2.0               20          0.00                      
16         20         0          20         60                 1.50               40             1.00                     40         40         2.0               20         ---------- 50.00           
17         20         0          0          20                 1.00               20             1.00                     20         20         1.0               20         -------------------- 100.00
18         20         0          0          20                 1.00               20             1.00                     20         20         1.0               20         -------------------- 100.00
20         20         0          0          20                 1.00               20             1.00                     20         20         1.0               20         -------------------- 100.00
21         20         0          0          20                 1.00               20             1.00                     20         20         1.0               20         -------------------- 100.00
22         20         0          0          20                 1.00               20             1.00                     20         20         1.0               20         -------------------- 100.00
23         0          0          20         20                 1.00               20             1.00                     20         20         1.0               20          0.00                      
24         20         0          0          20                 1.00               20             1.00                     20         20         1.0               20         -------------------- 100.00
25         0          0          0          0                  NaN                0              NaN                      0          0          0.0               20         NaN                        
26         0          0          0          0                  NaN                0              NaN                      0          0          0.0               20         NaN                        
27         0          0          0          0                  NaN                0              NaN                      0          0          0.0               20         NaN                        
28         0          0          0          0                  NaN                0              NaN                      0          0          0.0               20         NaN                        
29         0          0          0          0                  NaN                0              NaN                      0          0          0.0               20         NaN                        
30         0          0          0          0                  NaN                0              NaN                      0          0          0.0               20         NaN                        
31         0          0          0          0                  NaN                0              NaN                      0          0          0.0               20         NaN                        
32         40         0          0          80                 2.00               40             1.00                     40         40         2.0               20         -------------------- 100.00
33         0          0          40         60                 1.50               40             1.00                     40         40         2.0               20          0.00                      
34         40         0          0          80                 2.00               40             1.00                     40         40         2.0               20         -------------------- 100.00
35         0          0          40         60                 1.50               40             1.00                     40         40         2.0               20          0.00                      
37         40         0          0          80                 2.00               40             1.00                     40         40         2.0               20         -------------------- 100.00
38         40         0          0          80                 2.00               40             1.00                     40         40         2.0               20         -------------------- 100.00
39         20         0          20         80                 2.00               40             1.00                     40         40         2.0               20         ---------- 50.00           
40         40         0          0          80                 2.00               40             1.00                     40         40         2.0               20         -------------------- 100.00
45         40         0          0          80                 2.00               40             1.00                     40         40         2.0               20         -------------------- 100.00
46         40         0          0          80                 2.00               40             1.00                     40         40         2.0               20         -------------------- 100.00
48         40         0          0          80                 2.00               40             1.00                     40         40         2.0               20         -------------------- 100.00
49         40         0          0          80                 2.00               40             1.00                     40         40         2.0               20         -------------------- 100.00
52         0          0          0          0                  NaN                0              NaN                      0          0          0.0               20         NaN                        
53         0          0          0          0                  NaN                0              NaN                      0          0          0.0               20         NaN                        
54         0          0          0          0                  NaN                0              NaN                      0          0          0.0               20         NaN                        
55         0          0          0          0                  NaN                0              NaN                      0          0          0.0               20         NaN                        
56         0          0          40         60                 1.50               40             1.00                     40         40         2.0               20          0.00                      
57         40         0          0          80                 2.00               40             1.00                     40         40         2.0               20         -------------------- 100.00
58         40         0          0          80                 2.00               40             1.00                     40         40         2.0               20         -------------------- 100.00
59         40         0          0          80                 2.00               40             1.00                     40         40         2.0               20         -------------------- 100.00
60         0          0          40         60                 1.50               40             1.00                     40         40         2.0               20          0.00                      
61         40         0          0          80                 2.00               40             1.00                     40         40         2.0               20         -------------------- 100.00
63         40         0          0          80                 2.00               40             1.00                     40         40         2.0               20         -------------------- 100.00
64         40         0          0          80                 2.00               40             1.00                     40         40         2.0               20         -------------------- 100.00
66         20         0          0          20                 1.00               20             1.00                     20         20         1.0               20         -------------------- 100.00
67         20         0          0          20                 1.00               20             1.00                     20         20         1.0               20         -------------------- 100.00
68         20         0          0          20                 1.00               20             1.00                     20         20         1.0               20         -------------------- 100.00
70         0          0          6          6                  1.00               6              1.00                     6          6          0.3               20          0.00                      
71         6          0          0          6                  1.00               6              1.00                     6          6          0.3               20         -------------------- 100.00
74         0          0          6          6                  1.00               6              1.00                     6          6          0.3               20          0.00                      
75         0          0          6          6                  1.00               6              1.00                     6          6          0.3               20          0.00                      
76         0          6          0          6                  1.00               6              1.00                     6          6          0.3               20          0.00                      
77         0          6          0          6                  1.00               6              1.00                     6          6          0.3               20          0.00                      
78         6          0          0          6                  1.00               6              1.00                     6          6          0.3               20         -------------------- 100.00
79         0          6          0          6                  1.00               6              1.00                     6          6          0.3               20          0.00                      
80         14         0          0          14                 1.00               14             1.00                     14         14         0.7               20         -------------------- 100.00
81         14         0          0          14                 1.00               14             1.00                     14         14         0.7               20         -------------------- 100.00
83         0          0          0          0                  NaN                0              NaN                      0          0          0.0               20         NaN                        
84         0          0          0          0                  NaN                0              NaN                      0          0          0.0               20         NaN                        
85         0          0          0          0                  NaN                0              NaN                      0          0          0.0               20         NaN                        
86         0          0          0          0                  NaN                0              NaN                      0          0          0.0               20         NaN                        
87         0          0          0          0                  NaN                0              NaN                      0          0          0.0               20         NaN                        
88         0          0          0          0                  NaN                0              NaN                      0          0          0.0               20         NaN                        
89         20         0          0          20                 1.00               20             1.00                     20         20         1.0               20         -------------------- 100.00
90         10         10         0          20                 1.00               20             1.00                     20         20         1.0               20         ---------- 50.00           
91         20         0          0          20                 1.00               20             1.00                     20         20         1.0               20         -------------------- 100.00
93         0          0          10         10                 1.00               10             1.00                     10         10         0.5               20          0.00                      
94         0          0          10         10                 1.00               10             1.00                     10         10         0.5               20          0.00                      
95         0          10         0          10                 1.00               10             1.00                     10         10         0.5               20          0.00                      
96         0          10         0          10                 1.00               10             1.00                     10         10         0.5               20          0.00                      
97         10         0          0          10                 1.00               10             1.00                     10         10         0.5               20         -------------------- 100.00
98         0          10         0          10                 1.00               10             1.00                     10         10         0.5               20          0.00                      
100        20         0          0          20                 1.00               20             1.00                     20         20         1.0               20         -------------------- 100.00
101        20         0          0          20                 1.00               20             1.00                     20         20         1.0               20         -------------------- 100.00
102        20         0          0          20                 1.00               20             1.00                     20         20         1.0               20         -------------------- 100.00
103        20         0          0          20                 1.00               20             1.00                     20         20         1.0               20         -------------------- 100.00
104        20         0          0          20                 1.00               20             1.00                     20         20         1.0               20         -------------------- 100.00
105        20         0          0          20                 1.00               20             1.00                     20         20         1.0               20         -------------------- 100.00
106        20         0          0          20                 1.00               20             1.00                     20         20         1.0               20         -------------------- 100.00
107        20         0          0          20                 1.00               20             1.00                     20         20         1.0               20         -------------------- 100.00
108        20         0          0          20                 1.00               20             1.00                     20         20         1.0               20         -------------------- 100.00
109        20         0          0          20                 1.00               20             1.00                     20         20         1.0               20         -------------------- 100.00
110        20         0          0          20                 1.00               20             1.00                     20         20         1.0               20         -------------------- 100.00
111        20         0          0          20                 1.00               20             1.00                     20         20         1.0               20         -------------------- 100.00
112        20         0          0          20                 1.00               20             1.00                     20         20         1.0               20         -------------------- 100.00
113        20         0          0          20                 1.00               20             1.00                     20         20         1.0               20         -------------------- 100.00
114        20         0          0          20                 1.00               20             1.00                     20         20         1.0               20         -------------------- 100.00
115        20         0          0          20                 1.00               20             1.00                     20         20         1.0               20         -------------------- 100.00
116        20         0          0          20                 1.00               20             1.00                     20         20         1.0               20         -------------------- 100.00
117        20         0          0          20                 1.00               20             1.00                     20         20         1.0               20         -------------------- 100.00
118        20         0          0          20                 1.00               20             1.00                     20         20         1.0               20         -------------------- 100.00
119        20         0          0          20                 1.00               20             1.00                     20         20         1.0               20         -------------------- 100.00
120        20         0          0          20                 1.00               20             1.00                     20         20         1.0               20         -------------------- 100.00
121        20         0          0          20                 1.00               20             1.00                     20         20         1.0               20         -------------------- 100.00
122        20         0          0          20                 1.00               20             1.00                     20         20         1.0               20         -------------------- 100.00
123        20         0          0          20                 1.00               20             1.00                     20         20         1.0               20         -------------------- 100.00
124        20         0          0          20                 1.00               20             1.00                     20         20         1.0               20         -------------------- 100.00
125        20         0          0          20                 1.00               20             1.00                     20         20         1.0               20         -------------------- 100.00
126        20         0          0          20                 1.00               20             1.00                     20         20         1.0               20         -------------------- 100.00
127        20         0          0          20                 1.00               20             1.00                     20         20         1.0               20         -------------------- 100.00
128        20         0          0          20                 1.00               20             1.00                     20         20         1.0               20         -------------------- 100.00
129        20         0          0          20                 1.00               20             1.00                     20         20         1.0               20         -------------------- 100.00
130        20         0          0          20                 1.00               20             1.00                     20         20         1.0               20         -------------------- 100.00
131        20         0          0          20                 1.00               20             1.00                     20         20         1.0               20         -------------------- 100.00
132        20         0          0          20                 1.00               20             1.00                     20         20         1.0               20         -------------------- 100.00
133        20         0          0          20                 1.00               20             1.00                     20         20         1.0               20         -------------------- 100.00
134        20         0          0          20                 1.00               20             1.00                     20         20         1.0               20         -------------------- 100.00
135        20         0          0          20                 1.00               20             1.00                     20         20         1.0               20         -------------------- 100.00
136        20         0          0          20                 1.00               20             1.00                     20         20         1.0               20         -------------------- 100.00
