aggregate data per location for random rate = 0.15 and with Perturbator = 1
Exploration Plus One
PONE : plus one perturbator
100 string of 64 bytes
Generated with 23 as seed
117 perturbations points
IndexLoc   #Success   #Failure   #Exception #CallAllExecs      AvgCallPerExec     #Perturbations AvgPerturbationPerExec   #Execs     #Tasks     %Success                   
122        500        0          0          2000               4,00               313            0,63                     500        100        -------------------- 100,00
123        500        0          0          2000               4,00               313            0,63                     500        100        -------------------- 100,00
125        500        0          0          1000               2,00               167            0,33                     500        100        -------------------- 100,00
126        500        0          0          1000               2,00               167            0,33                     500        100        -------------------- 100,00
127        500        0          0          1000               2,00               167            0,33                     500        100        -------------------- 100,00
128        500        0          0          1000               2,00               167            0,33                     500        100        -------------------- 100,00
129        500        0          0          1000               2,00               167            0,33                     500        100        -------------------- 100,00
130        500        0          0          1000               2,00               167            0,33                     500        100        -------------------- 100,00
131        500        0          0          1000               2,00               167            0,33                     500        100        -------------------- 100,00
132        500        0          0          1000               2,00               167            0,33                     500        100        -------------------- 100,00
133        500        0          0          1000               2,00               167            0,33                     500        100        -------------------- 100,00
134        500        0          0          1000               2,00               167            0,33                     500        100        -------------------- 100,00
135        423        0          77         923                1,85               158            0,32                     500        100        ----------------- 84,60    
136        500        0          0          1000               2,00               167            0,33                     500        100        -------------------- 100,00
137        500        0          0          500                1,00               82             0,16                     500        100        -------------------- 100,00
138        465        0          35         584                1,17               96             0,19                     500        100        ------------------- 93,00  
140        465        0          35         584                1,17               96             0,19                     500        100        ------------------- 93,00  
141        465        0          35         584                1,17               96             0,19                     500        100        ------------------- 93,00  
142        465        0          35         584                1,17               96             0,19                     500        100        ------------------- 93,00  
143        500        0          0          500                1,00               82             0,16                     500        100        -------------------- 100,00
144        465        0          35         584                1,17               96             0,19                     500        100        ------------------- 93,00  
145        500        0          0          0                  0,00               0              0,00                     500        100        NaN                        
146        500        0          0          0                  0,00               0              0,00                     500        100        NaN                        
147        500        0          0          0                  0,00               0              0,00                     500        100        NaN                        
148        500        0          0          0                  0,00               0              0,00                     500        100        NaN                        
149        500        0          0          0                  0,00               0              0,00                     500        100        NaN                        
150        500        0          0          0                  0,00               0              0,00                     500        100        NaN                        
151        500        0          0          0                  0,00               0              0,00                     500        100        NaN                        
152        347        153        0          1000               2,00               167            0,33                     500        100        -------------- 69,40       
154        482        0          18         500                1,00               82             0,16                     500        100        -------------------- 96,40 
155        482        0          18         500                1,00               82             0,16                     500        100        -------------------- 96,40 
156        482        0          18         500                1,00               82             0,16                     500        100        -------------------- 96,40 
158        500        0          0          160                0,32               32             0,06                     500        100        -------------------- 100,00
159        468        0          32         160                0,32               32             0,06                     500        100        ------------------- 93,60  
162        468        0          32         160                0,32               32             0,06                     500        100        ------------------- 93,60  
163        468        32         0          160                0,32               32             0,06                     500        100        ------------------- 93,60  
164        468        0          32         160                0,32               32             0,06                     500        100        ------------------- 93,60  
165        468        0          32         160                0,32               32             0,06                     500        100        ------------------- 93,60  
166        468        0          32         160                0,32               32             0,06                     500        100        ------------------- 93,60  
167        468        0          32         160                0,32               32             0,06                     500        100        ------------------- 93,60  
168        500        0          0          340                0,68               55             0,11                     500        100        -------------------- 100,00
169        500        0          0          340                0,68               55             0,11                     500        100        -------------------- 100,00
171        500        0          0          0                  0,00               0              0,00                     500        100        NaN                        
172        500        0          0          0                  0,00               0              0,00                     500        100        NaN                        
173        500        0          0          0                  0,00               0              0,00                     500        100        NaN                        
174        500        0          0          0                  0,00               0              0,00                     500        100        NaN                        
175        500        0          0          0                  0,00               0              0,00                     500        100        NaN                        
176        500        0          0          0                  0,00               0              0,00                     500        100        NaN                        
177        462        38         0          500                1,00               82             0,16                     500        100        ------------------- 92,40  
178        462        38         0          500                1,00               82             0,16                     500        100        ------------------- 92,40  
179        462        38         0          500                1,00               82             0,16                     500        100        ------------------- 92,40  
181        464        0          36         220                0,44               36             0,07                     500        100        ------------------- 92,80  
182        464        36         0          220                0,44               36             0,07                     500        100        ------------------- 92,80  
183        464        0          36         220                0,44               36             0,07                     500        100        ------------------- 92,80  
184        464        0          36         220                0,44               36             0,07                     500        100        ------------------- 92,80  
185        464        0          36         220                0,44               36             0,07                     500        100        ------------------- 92,80  
186        464        0          36         220                0,44               36             0,07                     500        100        ------------------- 92,80  
187        500        0          0          1000               2,00               167            0,33                     500        100        -------------------- 100,00
188        500        0          0          1000               2,00               167            0,33                     500        100        -------------------- 100,00
189        500        0          0          1000               2,00               167            0,33                     500        100        -------------------- 100,00
190        500        0          0          1000               2,00               167            0,33                     500        100        -------------------- 100,00
192        417        0          83         1000               2,00               167            0,33                     500        100        ----------------- 83,40    
193        500        0          0          1000               2,00               167            0,33                     500        100        -------------------- 100,00
194        500        0          0          1000               2,00               167            0,33                     500        100        -------------------- 100,00
195        500        0          0          1000               2,00               167            0,33                     500        100        -------------------- 100,00
200        500        0          0          1000               2,00               167            0,33                     500        100        -------------------- 100,00
201        500        0          0          1000               2,00               167            0,33                     500        100        -------------------- 100,00
203        500        0          0          1000               2,00               167            0,33                     500        100        -------------------- 100,00
204        500        0          0          1000               2,00               167            0,33                     500        100        -------------------- 100,00
207        500        0          0          0                  0,00               0              0,00                     500        100        NaN                        
208        500        0          0          0                  0,00               0              0,00                     500        100        NaN                        
209        500        0          0          0                  0,00               0              0,00                     500        100        NaN                        
210        500        0          0          0                  0,00               0              0,00                     500        100        NaN                        
211        342        0          158        923                1,85               158            0,32                     500        100        -------------- 68,40       
212        347        153        0          1000               2,00               167            0,33                     500        100        -------------- 69,40       
213        500        0          0          1000               2,00               167            0,33                     500        100        -------------------- 100,00
214        500        0          0          1000               2,00               167            0,33                     500        100        -------------------- 100,00
215        342        0          158        923                1,85               158            0,32                     500        100        -------------- 68,40       
216        500        0          0          1000               2,00               167            0,33                     500        100        -------------------- 100,00
218        347        153        0          1000               2,00               167            0,33                     500        100        -------------- 69,40       
220        418        82         0          500                1,00               82             0,16                     500        100        ----------------- 83,60    
221        418        82         0          500                1,00               82             0,16                     500        100        ----------------- 83,60    
222        418        82         0          500                1,00               82             0,16                     500        100        ----------------- 83,60    
223        418        82         0          500                1,00               82             0,16                     500        100        ----------------- 83,60    
224        418        82         0          500                1,00               82             0,16                     500        100        ----------------- 83,60    
225        418        82         0          500                1,00               82             0,16                     500        100        ----------------- 83,60    
226        418        82         0          500                1,00               82             0,16                     500        100        ----------------- 83,60    
227        418        82         0          500                1,00               82             0,16                     500        100        ----------------- 83,60    
228        418        82         0          500                1,00               82             0,16                     500        100        ----------------- 83,60    
229        418        82         0          500                1,00               82             0,16                     500        100        ----------------- 83,60    
230        418        82         0          500                1,00               82             0,16                     500        100        ----------------- 83,60    
231        418        82         0          500                1,00               82             0,16                     500        100        ----------------- 83,60    
232        418        82         0          500                1,00               82             0,16                     500        100        ----------------- 83,60    
233        418        82         0          500                1,00               82             0,16                     500        100        ----------------- 83,60    
234        418        82         0          500                1,00               82             0,16                     500        100        ----------------- 83,60    
235        418        82         0          500                1,00               82             0,16                     500        100        ----------------- 83,60    
236        418        82         0          500                1,00               82             0,16                     500        100        ----------------- 83,60    
237        418        82         0          500                1,00               82             0,16                     500        100        ----------------- 83,60    
238        418        82         0          500                1,00               82             0,16                     500        100        ----------------- 83,60    
239        418        82         0          500                1,00               82             0,16                     500        100        ----------------- 83,60    
240        418        82         0          500                1,00               82             0,16                     500        100        ----------------- 83,60    
241        418        82         0          500                1,00               82             0,16                     500        100        ----------------- 83,60    
242        418        82         0          500                1,00               82             0,16                     500        100        ----------------- 83,60    
243        418        82         0          500                1,00               82             0,16                     500        100        ----------------- 83,60    
244        418        82         0          500                1,00               82             0,16                     500        100        ----------------- 83,60    
245        418        82         0          500                1,00               82             0,16                     500        100        ----------------- 83,60    
246        418        82         0          500                1,00               82             0,16                     500        100        ----------------- 83,60    
247        418        82         0          500                1,00               82             0,16                     500        100        ----------------- 83,60    
248        418        82         0          500                1,00               82             0,16                     500        100        ----------------- 83,60    
249        418        82         0          500                1,00               82             0,16                     500        100        ----------------- 83,60    
250        418        82         0          500                1,00               82             0,16                     500        100        ----------------- 83,60    
251        418        82         0          500                1,00               82             0,16                     500        100        ----------------- 83,60    
252        418        82         0          500                1,00               82             0,16                     500        100        ----------------- 83,60    
253        418        82         0          500                1,00               82             0,16                     500        100        ----------------- 83,60    
254        418        82         0          500                1,00               82             0,16                     500        100        ----------------- 83,60    
255        418        82         0          500                1,00               82             0,16                     500        100        ----------------- 83,60    
256        418        82         0          500                1,00               82             0,16                     500        100        ----------------- 83,60    
