contains the data for build a graph for analysis.
Exploration Plus Magnitude
magnitude value : 1 5 10 20 50 75 100 
PM : Numerical Perturbator
20 string of 100 bytes
Generated with 23 as seed
117 perturbations points
Magnitude   IndexLoc   #Perturbations #Success   #Failure   #Exception #Call          %Success                   
1           122        80             80         0          0          320            -------------------- 100,00
5           122        80             80         0          0          320            -------------------- 100,00
10          122        80             80         0          0          320            -------------------- 100,00
20          122        80             80         0          0          320            -------------------- 100,00
50          122        80             80         0          0          320            -------------------- 100,00
75          122        80             80         0          0          320            -------------------- 100,00
100         122        80             80         0          0          320            -------------------- 100,00
1           123        80             80         0          0          320            -------------------- 100,00
5           123        80             80         0          0          320            -------------------- 100,00
10          123        80             80         0          0          320            -------------------- 100,00
20          123        80             80         0          0          320            -------------------- 100,00
50          123        80             80         0          0          320            -------------------- 100,00
75          123        80             80         0          0          320            -------------------- 100,00
100         123        80             80         0          0          320            -------------------- 100,00
1           125        40             40         0          0          80             -------------------- 100,00
5           125        40             40         0          0          80             -------------------- 100,00
10          125        40             40         0          0          80             -------------------- 100,00
20          125        40             40         0          0          80             -------------------- 100,00
50          125        40             40         0          0          80             -------------------- 100,00
75          125        40             40         0          0          80             -------------------- 100,00
100         125        40             40         0          0          80             -------------------- 100,00
1           126        40             40         0          0          80             -------------------- 100,00
5           126        40             40         0          0          80             -------------------- 100,00
10          126        40             40         0          0          80             -------------------- 100,00
20          126        40             40         0          0          80             -------------------- 100,00
50          126        40             40         0          0          80             -------------------- 100,00
75          126        40             40         0          0          80             -------------------- 100,00
100         126        40             40         0          0          80             -------------------- 100,00
1           127        40             40         0          0          80             -------------------- 100,00
5           127        40             40         0          0          80             -------------------- 100,00
10          127        40             40         0          0          80             -------------------- 100,00
20          127        40             40         0          0          80             -------------------- 100,00
50          127        40             40         0          0          80             -------------------- 100,00
75          127        40             40         0          0          80             -------------------- 100,00
100         127        40             40         0          0          80             -------------------- 100,00
1           128        40             40         0          0          80             -------------------- 100,00
5           128        40             20         0          20         60             ---------- 50,00           
10          128        40             20         0          20         60             ---------- 50,00           
20          128        40             20         0          20         60             ---------- 50,00           
50          128        40             20         0          20         60             ---------- 50,00           
75          128        40             20         0          20         60             ---------- 50,00           
100         128        40             20         0          20         60             ---------- 50,00           
1           129        40             40         0          0          80             -------------------- 100,00
5           129        40             40         0          0          80             -------------------- 100,00
10          129        40             40         0          0          80             -------------------- 100,00
20          129        40             40         0          0          80             -------------------- 100,00
50          129        40             40         0          0          80             -------------------- 100,00
75          129        40             40         0          0          80             -------------------- 100,00
100         129        40             40         0          0          80             -------------------- 100,00
1           130        40             40         0          0          80             -------------------- 100,00
5           130        40             40         0          0          80             -------------------- 100,00
10          130        40             40         0          0          80             -------------------- 100,00
20          130        40             40         0          0          80             -------------------- 100,00
50          130        40             20         0          20         60             ---------- 50,00           
75          130        40             20         0          20         60             ---------- 50,00           
100         130        40             20         0          20         60             ---------- 50,00           
1           131        40             40         0          0          80             -------------------- 100,00
5           131        40             40         0          0          80             -------------------- 100,00
10          131        40             40         0          0          80             -------------------- 100,00
20          131        40             40         0          0          80             -------------------- 100,00
50          131        40             40         0          0          80             -------------------- 100,00
75          131        40             40         0          0          80             -------------------- 100,00
100         131        40             40         0          0          80             -------------------- 100,00
1           132        40             40         0          0          80             -------------------- 100,00
5           132        40             40         0          0          80             -------------------- 100,00
10          132        40             40         0          0          80             -------------------- 100,00
20          132        40             40         0          0          80             -------------------- 100,00
50          132        40             40         0          0          80             -------------------- 100,00
75          132        40             40         0          0          80             -------------------- 100,00
100         132        40             40         0          0          80             -------------------- 100,00
1           133        40             40         0          0          80             -------------------- 100,00
5           133        40             40         0          0          80             -------------------- 100,00
10          133        40             40         0          0          80             -------------------- 100,00
20          133        40             40         0          0          80             -------------------- 100,00
50          133        40             40         0          0          80             -------------------- 100,00
75          133        40             40         0          0          80             -------------------- 100,00
100         133        40             40         0          0          80             -------------------- 100,00
1           134        40             40         0          0          80             -------------------- 100,00
5           134        40             40         0          0          80             -------------------- 100,00
10          134        40             40         0          0          80             -------------------- 100,00
20          134        40             40         0          0          80             -------------------- 100,00
50          134        40             40         0          0          80             -------------------- 100,00
75          134        40             40         0          0          80             -------------------- 100,00
100         134        40             40         0          0          80             -------------------- 100,00
1           135        40             20         0          20         60             ---------- 50,00           
5           135        40             20         0          20         60             ---------- 50,00           
10          135        40             20         0          20         60             ---------- 50,00           
20          135        40             20         0          20         60             ---------- 50,00           
50          135        40             20         0          20         60             ---------- 50,00           
75          135        40             20         0          20         60             ---------- 50,00           
100         135        40             20         0          20         60             ---------- 50,00           
1           136        40             40         0          0          80             -------------------- 100,00
5           136        40             40         0          0          80             -------------------- 100,00
10          136        40             40         0          0          80             -------------------- 100,00
20          136        40             40         0          0          80             -------------------- 100,00
50          136        40             40         0          0          80             -------------------- 100,00
75          136        40             40         0          0          80             -------------------- 100,00
100         136        40             40         0          0          80             -------------------- 100,00
1           137        20             20         0          0          20             -------------------- 100,00
5           137        20             20         0          0          20             -------------------- 100,00
10          137        20             20         0          0          20             -------------------- 100,00
20          137        20             20         0          0          20             -------------------- 100,00
50          137        20             20         0          0          20             -------------------- 100,00
75          137        20             20         0          0          20             -------------------- 100,00
100         137        20             20         0          0          20             -------------------- 100,00
1           138        20             14         0          6          40             -------------- 70,00       
5           138        20             14         0          6          40             -------------- 70,00       
10          138        20             14         0          6          40             -------------- 70,00       
20          138        20             14         0          6          40             -------------- 70,00       
50          138        20             14         0          6          40             -------------- 70,00       
75          138        20             14         0          6          40             -------------- 70,00       
100         138        20             14         0          6          40             -------------- 70,00       
1           140        20             14         0          6          40             -------------- 70,00       
5           140        20             14         0          6          40             -------------- 70,00       
10          140        20             14         0          6          40             -------------- 70,00       
20          140        20             14         0          6          40             -------------- 70,00       
50          140        20             14         0          6          40             -------------- 70,00       
75          140        20             14         0          6          40             -------------- 70,00       
100         140        20             14         0          6          40             -------------- 70,00       
1           141        20             14         0          6          40             -------------- 70,00       
5           141        20             14         0          6          40             -------------- 70,00       
10          141        20             14         0          6          40             -------------- 70,00       
20          141        20             14         0          6          40             -------------- 70,00       
50          141        20             14         0          6          40             -------------- 70,00       
75          141        20             14         0          6          40             -------------- 70,00       
100         141        20             14         0          6          40             -------------- 70,00       
1           142        20             14         0          6          40             -------------- 70,00       
5           142        20             14         0          6          40             -------------- 70,00       
10          142        20             14         0          6          40             -------------- 70,00       
20          142        20             14         0          6          40             -------------- 70,00       
50          142        20             14         0          6          40             -------------- 70,00       
75          142        20             14         0          6          40             -------------- 70,00       
100         142        20             14         0          6          40             -------------- 70,00       
1           143        20             20         0          0          20             -------------------- 100,00
5           143        20             20         0          0          20             -------------------- 100,00
10          143        20             20         0          0          20             -------------------- 100,00
20          143        20             20         0          0          20             -------------------- 100,00
50          143        20             20         0          0          20             -------------------- 100,00
75          143        20             20         0          0          20             -------------------- 100,00
100         143        20             20         0          0          20             -------------------- 100,00
1           144        20             14         0          6          40             -------------- 70,00       
5           144        20             14         0          6          40             -------------- 70,00       
10          144        20             14         0          6          40             -------------- 70,00       
20          144        20             14         0          6          40             -------------- 70,00       
50          144        20             14         0          6          40             -------------- 70,00       
75          144        20             14         0          6          40             -------------- 70,00       
100         144        20             14         0          6          40             -------------- 70,00       
1           145        0              0          0          0          0              NaN                        
5           145        0              0          0          0          0              NaN                        
10          145        0              0          0          0          0              NaN                        
20          145        0              0          0          0          0              NaN                        
50          145        0              0          0          0          0              NaN                        
75          145        0              0          0          0          0              NaN                        
100         145        0              0          0          0          0              NaN                        
1           146        0              0          0          0          0              NaN                        
5           146        0              0          0          0          0              NaN                        
10          146        0              0          0          0          0              NaN                        
20          146        0              0          0          0          0              NaN                        
50          146        0              0          0          0          0              NaN                        
75          146        0              0          0          0          0              NaN                        
100         146        0              0          0          0          0              NaN                        
1           147        0              0          0          0          0              NaN                        
5           147        0              0          0          0          0              NaN                        
10          147        0              0          0          0          0              NaN                        
20          147        0              0          0          0          0              NaN                        
50          147        0              0          0          0          0              NaN                        
75          147        0              0          0          0          0              NaN                        
100         147        0              0          0          0          0              NaN                        
1           148        0              0          0          0          0              NaN                        
5           148        0              0          0          0          0              NaN                        
10          148        0              0          0          0          0              NaN                        
20          148        0              0          0          0          0              NaN                        
50          148        0              0          0          0          0              NaN                        
75          148        0              0          0          0          0              NaN                        
100         148        0              0          0          0          0              NaN                        
1           149        0              0          0          0          0              NaN                        
5           149        0              0          0          0          0              NaN                        
10          149        0              0          0          0          0              NaN                        
20          149        0              0          0          0          0              NaN                        
50          149        0              0          0          0          0              NaN                        
75          149        0              0          0          0          0              NaN                        
100         149        0              0          0          0          0              NaN                        
1           150        0              0          0          0          0              NaN                        
5           150        0              0          0          0          0              NaN                        
10          150        0              0          0          0          0              NaN                        
20          150        0              0          0          0          0              NaN                        
50          150        0              0          0          0          0              NaN                        
75          150        0              0          0          0          0              NaN                        
100         150        0              0          0          0          0              NaN                        
1           151        0              0          0          0          0              NaN                        
5           151        0              0          0          0          0              NaN                        
10          151        0              0          0          0          0              NaN                        
20          151        0              0          0          0          0              NaN                        
50          151        0              0          0          0          0              NaN                        
75          151        0              0          0          0          0              NaN                        
100         151        0              0          0          0          0              NaN                        
1           152        40             0          40         0          80              0,00                      
5           152        40             0          40         0          80              0,00                      
10          152        40             0          40         0          80              0,00                      
20          152        40             0          40         0          80              0,00                      
50          152        40             0          40         0          80              0,00                      
75          152        40             0          40         0          80              0,00                      
100         152        40             0          40         0          80              0,00                      
1           154        20             14         0          6          20             -------------- 70,00       
5           154        20             14         0          6          20             -------------- 70,00       
10          154        20             14         0          6          20             -------------- 70,00       
20          154        20             14         0          6          20             -------------- 70,00       
50          154        20             14         0          6          20             -------------- 70,00       
75          154        20             14         0          6          20             -------------- 70,00       
100         154        20             14         0          6          20             -------------- 70,00       
1           155        20             14         0          6          20             -------------- 70,00       
5           155        20             14         0          6          20             -------------- 70,00       
10          155        20             14         0          6          20             -------------- 70,00       
20          155        20             14         0          6          20             -------------- 70,00       
50          155        20             14         0          6          20             -------------- 70,00       
75          155        20             14         0          6          20             -------------- 70,00       
100         155        20             14         0          6          20             -------------- 70,00       
1           156        20             14         0          6          20             -------------- 70,00       
5           156        20             14         0          6          20             -------------- 70,00       
10          156        20             14         0          6          20             -------------- 70,00       
20          156        20             14         0          6          20             -------------- 70,00       
50          156        20             14         0          6          20             -------------- 70,00       
75          156        20             14         0          6          20             -------------- 70,00       
100         156        20             14         0          6          20             -------------- 70,00       
1           158        6              6          0          0          6              -------------------- 100,00
5           158        6              6          0          0          6              -------------------- 100,00
10          158        6              6          0          0          6              -------------------- 100,00
20          158        6              6          0          0          6              -------------------- 100,00
50          158        6              6          0          0          6              -------------------- 100,00
75          158        6              6          0          0          6              -------------------- 100,00
100         158        6              6          0          0          6              -------------------- 100,00
1           159        6              0          0          6          6               0,00                      
5           159        6              0          0          6          6               0,00                      
10          159        6              0          0          6          6               0,00                      
20          159        6              0          0          6          6               0,00                      
50          159        6              0          0          6          6               0,00                      
75          159        6              0          0          6          6               0,00                      
100         159        6              0          0          6          6               0,00                      
1           162        6              0          0          6          6               0,00                      
5           162        6              0          0          6          6               0,00                      
10          162        6              0          0          6          6               0,00                      
20          162        6              0          0          6          6               0,00                      
50          162        6              0          0          6          6               0,00                      
75          162        6              0          0          6          6               0,00                      
100         162        6              0          0          6          6               0,00                      
1           163        6              0          6          0          6               0,00                      
5           163        6              0          6          0          6               0,00                      
10          163        6              0          6          0          6               0,00                      
20          163        6              0          6          0          6               0,00                      
50          163        6              0          6          0          6               0,00                      
75          163        6              0          6          0          6               0,00                      
100         163        6              0          6          0          6               0,00                      
1           164        6              0          0          6          6               0,00                      
5           164        6              0          0          6          6               0,00                      
10          164        6              0          0          6          6               0,00                      
20          164        6              0          0          6          6               0,00                      
50          164        6              0          0          6          6               0,00                      
75          164        6              0          0          6          6               0,00                      
100         164        6              0          0          6          6               0,00                      
1           165        6              0          0          6          6               0,00                      
5           165        6              0          0          6          6               0,00                      
10          165        6              0          0          6          6               0,00                      
20          165        6              0          0          6          6               0,00                      
50          165        6              0          0          6          6               0,00                      
75          165        6              0          0          6          6               0,00                      
100         165        6              0          0          6          6               0,00                      
1           166        6              0          0          6          6               0,00                      
5           166        6              0          0          6          6               0,00                      
10          166        6              0          0          6          6               0,00                      
20          166        6              0          0          6          6               0,00                      
50          166        6              0          0          6          6               0,00                      
75          166        6              0          0          6          6               0,00                      
100         166        6              0          0          6          6               0,00                      
1           167        6              0          0          6          6               0,00                      
5           167        6              0          0          6          6               0,00                      
10          167        6              0          0          6          6               0,00                      
20          167        6              0          0          6          6               0,00                      
50          167        6              0          0          6          6               0,00                      
75          167        6              0          0          6          6               0,00                      
100         167        6              0          0          6          6               0,00                      
1           168        14             14         0          0          14             -------------------- 100,00
5           168        14             14         0          0          14             -------------------- 100,00
10          168        14             14         0          0          14             -------------------- 100,00
20          168        14             14         0          0          14             -------------------- 100,00
50          168        14             14         0          0          14             -------------------- 100,00
75          168        14             14         0          0          14             -------------------- 100,00
100         168        14             14         0          0          14             -------------------- 100,00
1           169        14             14         0          0          14             -------------------- 100,00
5           169        14             14         0          0          14             -------------------- 100,00
10          169        14             14         0          0          14             -------------------- 100,00
20          169        14             14         0          0          14             -------------------- 100,00
50          169        14             14         0          0          14             -------------------- 100,00
75          169        14             14         0          0          14             -------------------- 100,00
100         169        14             14         0          0          14             -------------------- 100,00
1           171        0              0          0          0          0              NaN                        
5           171        0              0          0          0          0              NaN                        
10          171        0              0          0          0          0              NaN                        
20          171        0              0          0          0          0              NaN                        
50          171        0              0          0          0          0              NaN                        
75          171        0              0          0          0          0              NaN                        
100         171        0              0          0          0          0              NaN                        
1           172        0              0          0          0          0              NaN                        
5           172        0              0          0          0          0              NaN                        
10          172        0              0          0          0          0              NaN                        
20          172        0              0          0          0          0              NaN                        
50          172        0              0          0          0          0              NaN                        
75          172        0              0          0          0          0              NaN                        
100         172        0              0          0          0          0              NaN                        
1           173        0              0          0          0          0              NaN                        
5           173        0              0          0          0          0              NaN                        
10          173        0              0          0          0          0              NaN                        
20          173        0              0          0          0          0              NaN                        
50          173        0              0          0          0          0              NaN                        
75          173        0              0          0          0          0              NaN                        
100         173        0              0          0          0          0              NaN                        
1           174        0              0          0          0          0              NaN                        
5           174        0              0          0          0          0              NaN                        
10          174        0              0          0          0          0              NaN                        
20          174        0              0          0          0          0              NaN                        
50          174        0              0          0          0          0              NaN                        
75          174        0              0          0          0          0              NaN                        
100         174        0              0          0          0          0              NaN                        
1           175        0              0          0          0          0              NaN                        
5           175        0              0          0          0          0              NaN                        
10          175        0              0          0          0          0              NaN                        
20          175        0              0          0          0          0              NaN                        
50          175        0              0          0          0          0              NaN                        
75          175        0              0          0          0          0              NaN                        
100         175        0              0          0          0          0              NaN                        
1           176        0              0          0          0          0              NaN                        
5           176        0              0          0          0          0              NaN                        
10          176        0              0          0          0          0              NaN                        
20          176        0              0          0          0          0              NaN                        
50          176        0              0          0          0          0              NaN                        
75          176        0              0          0          0          0              NaN                        
100         176        0              0          0          0          0              NaN                        
1           177        20             10         10         0          20             ---------- 50,00           
5           177        20             10         10         0          20             ---------- 50,00           
10          177        20             10         10         0          20             ---------- 50,00           
20          177        20             10         10         0          20             ---------- 50,00           
50          177        20             10         10         0          20             ---------- 50,00           
75          177        20             10         10         0          20             ---------- 50,00           
100         177        20             0          10         10         20              0,00                      
1           178        20             10         10         0          20             ---------- 50,00           
5           178        20             10         10         0          20             ---------- 50,00           
10          178        20             10         10         0          20             ---------- 50,00           
20          178        20             10         10         0          20             ---------- 50,00           
50          178        20             10         10         0          20             ---------- 50,00           
75          178        20             10         10         0          20             ---------- 50,00           
100         178        20             10         10         0          20             ---------- 50,00           
1           179        20             10         10         0          20             ---------- 50,00           
5           179        20             10         10         0          20             ---------- 50,00           
10          179        20             10         10         0          20             ---------- 50,00           
20          179        20             10         10         0          20             ---------- 50,00           
50          179        20             10         10         0          20             ---------- 50,00           
75          179        20             9          11         0          20             --------- 45,00            
100         179        20             10         10         0          20             ---------- 50,00           
1           181        10             0          0          10         10              0,00                      
5           181        10             0          0          10         10              0,00                      
10          181        10             0          0          10         10              0,00                      
20          181        10             0          0          10         10              0,00                      
50          181        10             0          0          10         10              0,00                      
75          181        10             0          0          10         10              0,00                      
100         181        10             0          0          10         10              0,00                      
1           182        10             0          10         0          10              0,00                      
5           182        10             0          10         0          10              0,00                      
10          182        10             0          10         0          10              0,00                      
20          182        10             0          10         0          10              0,00                      
50          182        10             0          10         0          10              0,00                      
75          182        10             0          10         0          10              0,00                      
100         182        10             0          10         0          10              0,00                      
1           183        10             0          0          10         10              0,00                      
5           183        10             0          0          10         10              0,00                      
10          183        10             0          0          10         10              0,00                      
20          183        10             0          0          10         10              0,00                      
50          183        10             0          0          10         10              0,00                      
75          183        10             0          0          10         10              0,00                      
100         183        10             0          0          10         10              0,00                      
1           184        10             0          0          10         10              0,00                      
5           184        10             0          0          10         10              0,00                      
10          184        10             0          0          10         10              0,00                      
20          184        10             0          0          10         10              0,00                      
50          184        10             0          0          10         10              0,00                      
75          184        10             0          0          10         10              0,00                      
100         184        10             0          0          10         10              0,00                      
1           185        10             0          0          10         10              0,00                      
5           185        10             0          0          10         10              0,00                      
10          185        10             0          0          10         10              0,00                      
20          185        10             0          0          10         10              0,00                      
50          185        10             0          0          10         10              0,00                      
75          185        10             0          0          10         10              0,00                      
100         185        10             0          0          10         10              0,00                      
1           186        10             0          0          10         10              0,00                      
5           186        10             0          0          10         10              0,00                      
10          186        10             0          0          10         10              0,00                      
20          186        10             0          0          10         10              0,00                      
50          186        10             0          0          10         10              0,00                      
75          186        10             0          0          10         10              0,00                      
100         186        10             0          0          10         10              0,00                      
1           187        40             40         0          0          80             -------------------- 100,00
5           187        40             20         0          20         80             ---------- 50,00           
10          187        40             20         0          20         80             ---------- 50,00           
20          187        40             20         0          20         80             ---------- 50,00           
50          187        40             0          0          40         60              0,00                      
75          187        40             0          0          40         60              0,00                      
100         187        40             0          0          40         60              0,00                      
1           188        40             40         0          0          80             -------------------- 100,00
5           188        40             40         0          0          80             -------------------- 100,00
10          188        40             40         0          0          80             -------------------- 100,00
20          188        40             40         0          0          80             -------------------- 100,00
50          188        40             40         0          0          80             -------------------- 100,00
75          188        40             40         0          0          80             -------------------- 100,00
100         188        40             40         0          0          80             -------------------- 100,00
1           189        40             40         0          0          80             -------------------- 100,00
5           189        40             40         0          0          80             -------------------- 100,00
10          189        40             40         0          0          80             -------------------- 100,00
20          189        40             40         0          0          80             -------------------- 100,00
50          189        40             40         0          0          80             -------------------- 100,00
75          189        40             40         0          0          80             -------------------- 100,00
100         189        40             40         0          0          80             -------------------- 100,00
1           190        40             40         0          0          80             -------------------- 100,00
5           190        40             40         0          0          80             -------------------- 100,00
10          190        40             40         0          0          80             -------------------- 100,00
20          190        40             40         0          0          80             -------------------- 100,00
50          190        40             40         0          0          80             -------------------- 100,00
75          190        40             40         0          0          80             -------------------- 100,00
100         190        40             40         0          0          80             -------------------- 100,00
1           192        40             20         0          20         80             ---------- 50,00           
5           192        40             40         0          0          80             -------------------- 100,00
10          192        40             40         0          0          80             -------------------- 100,00
20          192        40             40         0          0          80             -------------------- 100,00
50          192        40             40         0          0          80             -------------------- 100,00
75          192        40             40         0          0          80             -------------------- 100,00
100         192        40             40         0          0          80             -------------------- 100,00
1           193        40             40         0          0          80             -------------------- 100,00
5           193        40             40         0          0          80             -------------------- 100,00
10          193        40             40         0          0          80             -------------------- 100,00
20          193        40             40         0          0          80             -------------------- 100,00
50          193        40             40         0          0          80             -------------------- 100,00
75          193        40             40         0          0          80             -------------------- 100,00
100         193        40             40         0          0          80             -------------------- 100,00
1           194        40             40         0          0          80             -------------------- 100,00
5           194        40             40         0          0          80             -------------------- 100,00
10          194        40             40         0          0          80             -------------------- 100,00
20          194        40             40         0          0          80             -------------------- 100,00
50          194        40             40         0          0          80             -------------------- 100,00
75          194        40             40         0          0          80             -------------------- 100,00
100         194        40             40         0          0          80             -------------------- 100,00
1           195        40             40         0          0          80             -------------------- 100,00
5           195        40             40         0          0          80             -------------------- 100,00
10          195        40             40         0          0          80             -------------------- 100,00
20          195        40             40         0          0          80             -------------------- 100,00
50          195        40             40         0          0          80             -------------------- 100,00
75          195        40             40         0          0          80             -------------------- 100,00
100         195        40             40         0          0          80             -------------------- 100,00
1           200        40             40         0          0          80             -------------------- 100,00
5           200        40             40         0          0          80             -------------------- 100,00
10          200        40             40         0          0          80             -------------------- 100,00
20          200        40             40         0          0          80             -------------------- 100,00
50          200        40             40         0          0          80             -------------------- 100,00
75          200        40             40         0          0          80             -------------------- 100,00
100         200        40             40         0          0          80             -------------------- 100,00
1           201        40             40         0          0          80             -------------------- 100,00
5           201        40             40         0          0          80             -------------------- 100,00
10          201        40             40         0          0          80             -------------------- 100,00
20          201        40             40         0          0          80             -------------------- 100,00
50          201        40             40         0          0          80             -------------------- 100,00
75          201        40             40         0          0          80             -------------------- 100,00
100         201        40             40         0          0          80             -------------------- 100,00
1           203        40             40         0          0          80             -------------------- 100,00
5           203        40             40         0          0          80             -------------------- 100,00
10          203        40             40         0          0          80             -------------------- 100,00
20          203        40             40         0          0          80             -------------------- 100,00
50          203        40             40         0          0          80             -------------------- 100,00
75          203        40             40         0          0          80             -------------------- 100,00
100         203        40             40         0          0          80             -------------------- 100,00
1           204        40             40         0          0          80             -------------------- 100,00
5           204        40             40         0          0          80             -------------------- 100,00
10          204        40             40         0          0          80             -------------------- 100,00
20          204        40             40         0          0          80             -------------------- 100,00
50          204        40             40         0          0          80             -------------------- 100,00
75          204        40             40         0          0          80             -------------------- 100,00
100         204        40             40         0          0          80             -------------------- 100,00
1           207        0              0          0          0          0              NaN                        
5           207        0              0          0          0          0              NaN                        
10          207        0              0          0          0          0              NaN                        
20          207        0              0          0          0          0              NaN                        
50          207        0              0          0          0          0              NaN                        
75          207        0              0          0          0          0              NaN                        
100         207        0              0          0          0          0              NaN                        
1           208        0              0          0          0          0              NaN                        
5           208        0              0          0          0          0              NaN                        
10          208        0              0          0          0          0              NaN                        
20          208        0              0          0          0          0              NaN                        
50          208        0              0          0          0          0              NaN                        
75          208        0              0          0          0          0              NaN                        
100         208        0              0          0          0          0              NaN                        
1           209        0              0          0          0          0              NaN                        
5           209        0              0          0          0          0              NaN                        
10          209        0              0          0          0          0              NaN                        
20          209        0              0          0          0          0              NaN                        
50          209        0              0          0          0          0              NaN                        
75          209        0              0          0          0          0              NaN                        
100         209        0              0          0          0          0              NaN                        
1           210        0              0          0          0          0              NaN                        
5           210        0              0          0          0          0              NaN                        
10          210        0              0          0          0          0              NaN                        
20          210        0              0          0          0          0              NaN                        
50          210        0              0          0          0          0              NaN                        
75          210        0              0          0          0          0              NaN                        
100         210        0              0          0          0          0              NaN                        
1           211        40             0          0          40         60              0,00                      
5           211        40             0          0          40         60              0,00                      
10          211        40             0          0          40         60              0,00                      
20          211        40             0          0          40         60              0,00                      
50          211        40             0          0          40         60              0,00                      
75          211        40             0          0          40         60              0,00                      
100         211        40             0          0          40         60              0,00                      
1           212        40             0          40         0          80              0,00                      
5           212        40             0          40         0          80              0,00                      
10          212        40             0          40         0          80              0,00                      
20          212        40             0          40         0          80              0,00                      
50          212        40             0          40         0          80              0,00                      
75          212        40             0          40         0          80              0,00                      
100         212        40             0          40         0          80              0,00                      
1           213        40             40         0          0          80             -------------------- 100,00
5           213        40             40         0          0          80             -------------------- 100,00
10          213        40             40         0          0          80             -------------------- 100,00
20          213        40             40         0          0          80             -------------------- 100,00
50          213        40             40         0          0          80             -------------------- 100,00
75          213        40             40         0          0          80             -------------------- 100,00
100         213        40             40         0          0          80             -------------------- 100,00
1           214        40             40         0          0          80             -------------------- 100,00
5           214        40             40         0          0          80             -------------------- 100,00
10          214        40             40         0          0          80             -------------------- 100,00
20          214        40             40         0          0          80             -------------------- 100,00
50          214        40             40         0          0          80             -------------------- 100,00
75          214        40             40         0          0          80             -------------------- 100,00
100         214        40             40         0          0          80             -------------------- 100,00
1           215        40             0          0          40         60              0,00                      
5           215        40             0          0          40         60              0,00                      
10          215        40             0          0          40         60              0,00                      
20          215        40             0          0          40         60              0,00                      
50          215        40             0          0          40         60              0,00                      
75          215        40             0          0          40         60              0,00                      
100         215        40             0          0          40         60              0,00                      
1           216        40             40         0          0          80             -------------------- 100,00
5           216        40             40         0          0          80             -------------------- 100,00
10          216        40             40         0          0          80             -------------------- 100,00
20          216        40             40         0          0          80             -------------------- 100,00
50          216        40             40         0          0          80             -------------------- 100,00
75          216        40             40         0          0          80             -------------------- 100,00
100         216        40             40         0          0          80             -------------------- 100,00
1           218        40             0          40         0          80              0,00                      
5           218        40             0          40         0          80              0,00                      
10          218        40             0          40         0          80              0,00                      
20          218        40             0          40         0          80              0,00                      
50          218        40             0          40         0          80              0,00                      
75          218        40             0          40         0          80              0,00                      
100         218        40             0          40         0          80              0,00                      
1           220        20             0          20         0          20              0,00                      
5           220        20             0          20         0          20              0,00                      
10          220        20             0          20         0          20              0,00                      
20          220        20             0          20         0          20              0,00                      
50          220        20             0          20         0          20              0,00                      
75          220        20             0          20         0          20              0,00                      
100         220        20             0          20         0          20              0,00                      
1           221        20             0          20         0          20              0,00                      
5           221        20             0          20         0          20              0,00                      
10          221        20             0          20         0          20              0,00                      
20          221        20             0          20         0          20              0,00                      
50          221        20             0          20         0          20              0,00                      
75          221        20             0          20         0          20              0,00                      
100         221        20             0          20         0          20              0,00                      
1           222        20             0          20         0          20              0,00                      
5           222        20             0          20         0          20              0,00                      
10          222        20             0          20         0          20              0,00                      
20          222        20             0          20         0          20              0,00                      
50          222        20             0          20         0          20              0,00                      
75          222        20             0          20         0          20              0,00                      
100         222        20             0          20         0          20              0,00                      
1           223        20             0          20         0          20              0,00                      
5           223        20             0          20         0          20              0,00                      
10          223        20             0          20         0          20              0,00                      
20          223        20             0          20         0          20              0,00                      
50          223        20             0          20         0          20              0,00                      
75          223        20             0          20         0          20              0,00                      
100         223        20             0          20         0          20              0,00                      
1           224        20             0          20         0          20              0,00                      
5           224        20             0          20         0          20              0,00                      
10          224        20             0          20         0          20              0,00                      
20          224        20             0          20         0          20              0,00                      
50          224        20             0          20         0          20              0,00                      
75          224        20             0          20         0          20              0,00                      
100         224        20             0          20         0          20              0,00                      
1           225        20             0          20         0          20              0,00                      
5           225        20             0          20         0          20              0,00                      
10          225        20             0          20         0          20              0,00                      
20          225        20             0          20         0          20              0,00                      
50          225        20             0          20         0          20              0,00                      
75          225        20             0          20         0          20              0,00                      
100         225        20             0          20         0          20              0,00                      
1           226        20             0          20         0          20              0,00                      
5           226        20             0          20         0          20              0,00                      
10          226        20             0          20         0          20              0,00                      
20          226        20             0          20         0          20              0,00                      
50          226        20             0          20         0          20              0,00                      
75          226        20             0          20         0          20              0,00                      
100         226        20             0          20         0          20              0,00                      
1           227        20             0          20         0          20              0,00                      
5           227        20             0          20         0          20              0,00                      
10          227        20             0          20         0          20              0,00                      
20          227        20             0          20         0          20              0,00                      
50          227        20             0          20         0          20              0,00                      
75          227        20             0          20         0          20              0,00                      
100         227        20             0          20         0          20              0,00                      
1           228        20             0          20         0          20              0,00                      
5           228        20             0          20         0          20              0,00                      
10          228        20             0          20         0          20              0,00                      
20          228        20             0          20         0          20              0,00                      
50          228        20             0          20         0          20              0,00                      
75          228        20             0          20         0          20              0,00                      
100         228        20             0          20         0          20              0,00                      
1           229        20             0          20         0          20              0,00                      
5           229        20             0          20         0          20              0,00                      
10          229        20             0          20         0          20              0,00                      
20          229        20             0          20         0          20              0,00                      
50          229        20             0          20         0          20              0,00                      
75          229        20             0          20         0          20              0,00                      
100         229        20             0          20         0          20              0,00                      
1           230        20             0          20         0          20              0,00                      
5           230        20             0          20         0          20              0,00                      
10          230        20             0          20         0          20              0,00                      
20          230        20             0          20         0          20              0,00                      
50          230        20             0          20         0          20              0,00                      
75          230        20             0          20         0          20              0,00                      
100         230        20             0          20         0          20              0,00                      
1           231        20             0          20         0          20              0,00                      
5           231        20             0          20         0          20              0,00                      
10          231        20             0          20         0          20              0,00                      
20          231        20             0          20         0          20              0,00                      
50          231        20             0          20         0          20              0,00                      
75          231        20             0          20         0          20              0,00                      
100         231        20             0          20         0          20              0,00                      
1           232        20             0          20         0          20              0,00                      
5           232        20             0          20         0          20              0,00                      
10          232        20             0          20         0          20              0,00                      
20          232        20             0          20         0          20              0,00                      
50          232        20             0          20         0          20              0,00                      
75          232        20             0          20         0          20              0,00                      
100         232        20             0          20         0          20              0,00                      
1           233        20             0          20         0          20              0,00                      
5           233        20             0          20         0          20              0,00                      
10          233        20             0          20         0          20              0,00                      
20          233        20             0          20         0          20              0,00                      
50          233        20             0          20         0          20              0,00                      
75          233        20             0          20         0          20              0,00                      
100         233        20             0          20         0          20              0,00                      
1           234        20             0          20         0          20              0,00                      
5           234        20             0          20         0          20              0,00                      
10          234        20             0          20         0          20              0,00                      
20          234        20             0          20         0          20              0,00                      
50          234        20             0          20         0          20              0,00                      
75          234        20             0          20         0          20              0,00                      
100         234        20             0          20         0          20              0,00                      
1           235        20             0          20         0          20              0,00                      
5           235        20             0          20         0          20              0,00                      
10          235        20             0          20         0          20              0,00                      
20          235        20             0          20         0          20              0,00                      
50          235        20             0          20         0          20              0,00                      
75          235        20             0          20         0          20              0,00                      
100         235        20             0          20         0          20              0,00                      
1           236        20             0          20         0          20              0,00                      
5           236        20             0          20         0          20              0,00                      
10          236        20             0          20         0          20              0,00                      
20          236        20             0          20         0          20              0,00                      
50          236        20             0          20         0          20              0,00                      
75          236        20             0          20         0          20              0,00                      
100         236        20             0          20         0          20              0,00                      
1           237        20             0          20         0          20              0,00                      
5           237        20             0          20         0          20              0,00                      
10          237        20             0          20         0          20              0,00                      
20          237        20             0          20         0          20              0,00                      
50          237        20             0          20         0          20              0,00                      
75          237        20             0          20         0          20              0,00                      
100         237        20             0          20         0          20              0,00                      
1           238        20             0          20         0          20              0,00                      
5           238        20             0          20         0          20              0,00                      
10          238        20             0          20         0          20              0,00                      
20          238        20             0          20         0          20              0,00                      
50          238        20             0          20         0          20              0,00                      
75          238        20             0          20         0          20              0,00                      
100         238        20             0          20         0          20              0,00                      
1           239        20             0          20         0          20              0,00                      
5           239        20             0          20         0          20              0,00                      
10          239        20             0          20         0          20              0,00                      
20          239        20             0          20         0          20              0,00                      
50          239        20             0          20         0          20              0,00                      
75          239        20             0          20         0          20              0,00                      
100         239        20             0          20         0          20              0,00                      
1           240        20             0          20         0          20              0,00                      
5           240        20             0          20         0          20              0,00                      
10          240        20             0          20         0          20              0,00                      
20          240        20             0          20         0          20              0,00                      
50          240        20             0          20         0          20              0,00                      
75          240        20             0          20         0          20              0,00                      
100         240        20             0          20         0          20              0,00                      
1           241        20             0          20         0          20              0,00                      
5           241        20             0          20         0          20              0,00                      
10          241        20             0          20         0          20              0,00                      
20          241        20             0          20         0          20              0,00                      
50          241        20             0          20         0          20              0,00                      
75          241        20             0          20         0          20              0,00                      
100         241        20             0          20         0          20              0,00                      
1           242        20             0          20         0          20              0,00                      
5           242        20             0          20         0          20              0,00                      
10          242        20             0          20         0          20              0,00                      
20          242        20             0          20         0          20              0,00                      
50          242        20             0          20         0          20              0,00                      
75          242        20             0          20         0          20              0,00                      
100         242        20             0          20         0          20              0,00                      
1           243        20             0          20         0          20              0,00                      
5           243        20             0          20         0          20              0,00                      
10          243        20             0          20         0          20              0,00                      
20          243        20             0          20         0          20              0,00                      
50          243        20             0          20         0          20              0,00                      
75          243        20             0          20         0          20              0,00                      
100         243        20             0          20         0          20              0,00                      
1           244        20             0          20         0          20              0,00                      
5           244        20             0          20         0          20              0,00                      
10          244        20             0          20         0          20              0,00                      
20          244        20             0          20         0          20              0,00                      
50          244        20             0          20         0          20              0,00                      
75          244        20             0          20         0          20              0,00                      
100         244        20             0          20         0          20              0,00                      
1           245        20             0          20         0          20              0,00                      
5           245        20             0          20         0          20              0,00                      
10          245        20             0          20         0          20              0,00                      
20          245        20             0          20         0          20              0,00                      
50          245        20             0          20         0          20              0,00                      
75          245        20             0          20         0          20              0,00                      
100         245        20             0          20         0          20              0,00                      
1           246        20             0          20         0          20              0,00                      
5           246        20             0          20         0          20              0,00                      
10          246        20             0          20         0          20              0,00                      
20          246        20             0          20         0          20              0,00                      
50          246        20             0          20         0          20              0,00                      
75          246        20             0          20         0          20              0,00                      
100         246        20             0          20         0          20              0,00                      
1           247        20             0          20         0          20              0,00                      
5           247        20             0          20         0          20              0,00                      
10          247        20             0          20         0          20              0,00                      
20          247        20             0          20         0          20              0,00                      
50          247        20             0          20         0          20              0,00                      
75          247        20             0          20         0          20              0,00                      
100         247        20             0          20         0          20              0,00                      
1           248        20             0          20         0          20              0,00                      
5           248        20             0          20         0          20              0,00                      
10          248        20             0          20         0          20              0,00                      
20          248        20             0          20         0          20              0,00                      
50          248        20             0          20         0          20              0,00                      
75          248        20             0          20         0          20              0,00                      
100         248        20             0          20         0          20              0,00                      
1           249        20             0          20         0          20              0,00                      
5           249        20             0          20         0          20              0,00                      
10          249        20             0          20         0          20              0,00                      
20          249        20             0          20         0          20              0,00                      
50          249        20             0          20         0          20              0,00                      
75          249        20             0          20         0          20              0,00                      
100         249        20             0          20         0          20              0,00                      
1           250        20             0          20         0          20              0,00                      
5           250        20             0          20         0          20              0,00                      
10          250        20             0          20         0          20              0,00                      
20          250        20             0          20         0          20              0,00                      
50          250        20             0          20         0          20              0,00                      
75          250        20             0          20         0          20              0,00                      
100         250        20             0          20         0          20              0,00                      
1           251        20             0          20         0          20              0,00                      
5           251        20             0          20         0          20              0,00                      
10          251        20             0          20         0          20              0,00                      
20          251        20             0          20         0          20              0,00                      
50          251        20             0          20         0          20              0,00                      
75          251        20             0          20         0          20              0,00                      
100         251        20             0          20         0          20              0,00                      
1           252        20             0          20         0          20              0,00                      
5           252        20             0          20         0          20              0,00                      
10          252        20             0          20         0          20              0,00                      
20          252        20             0          20         0          20              0,00                      
50          252        20             0          20         0          20              0,00                      
75          252        20             0          20         0          20              0,00                      
100         252        20             0          20         0          20              0,00                      
1           253        20             0          20         0          20              0,00                      
5           253        20             0          20         0          20              0,00                      
10          253        20             0          20         0          20              0,00                      
20          253        20             0          20         0          20              0,00                      
50          253        20             0          20         0          20              0,00                      
75          253        20             0          20         0          20              0,00                      
100         253        20             0          20         0          20              0,00                      
1           254        20             0          20         0          20              0,00                      
5           254        20             0          20         0          20              0,00                      
10          254        20             0          20         0          20              0,00                      
20          254        20             0          20         0          20              0,00                      
50          254        20             0          20         0          20              0,00                      
75          254        20             0          20         0          20              0,00                      
100         254        20             0          20         0          20              0,00                      
1           255        20             0          20         0          20              0,00                      
5           255        20             0          20         0          20              0,00                      
10          255        20             0          20         0          20              0,00                      
20          255        20             0          20         0          20              0,00                      
50          255        20             0          20         0          20              0,00                      
75          255        20             0          20         0          20              0,00                      
100         255        20             0          20         0          20              0,00                      
1           256        20             0          20         0          20              0,00                      
5           256        20             0          20         0          20              0,00                      
10          256        20             0          20         0          20              0,00                      
20          256        20             0          20         0          20              0,00                      
50          256        20             0          20         0          20              0,00                      
75          256        20             0          20         0          20              0,00                      
100         256        20             0          20         0          20              0,00                      
