aggregate data per location for random rate = 0.2 and with Perturbator = 1
Exploration Plus One
PONE : plus one perturbator
100 string of 64 bytes
Generated with 23 as seed
117 perturbations points
IndexLoc   #Success   #Failure   #Exception #CallAllExecs      AvgCallPerExec     #Perturbations AvgPerturbationPerExec   #Execs     #Tasks     %Success                   
122        500        0          0          2000               4,00               406            0,81                     500        100        -------------------- 100,00
123        500        0          0          2000               4,00               406            0,81                     500        100        -------------------- 100,00
125        500        0          0          1000               2,00               215            0,43                     500        100        -------------------- 100,00
126        500        0          0          1000               2,00               215            0,43                     500        100        -------------------- 100,00
127        500        0          0          1000               2,00               215            0,43                     500        100        -------------------- 100,00
128        500        0          0          1000               2,00               215            0,43                     500        100        -------------------- 100,00
129        500        0          0          1000               2,00               215            0,43                     500        100        -------------------- 100,00
130        500        0          0          1000               2,00               215            0,43                     500        100        -------------------- 100,00
131        500        0          0          1000               2,00               215            0,43                     500        100        -------------------- 100,00
132        500        0          0          1000               2,00               215            0,43                     500        100        -------------------- 100,00
133        500        0          0          1000               2,00               215            0,43                     500        100        -------------------- 100,00
134        500        0          0          1000               2,00               215            0,43                     500        100        -------------------- 100,00
135        402        0          98         902                1,80               198            0,40                     500        100        ----------------- 80,40    
136        500        0          0          1000               2,00               215            0,43                     500        100        -------------------- 100,00
137        500        0          0          500                1,00               119            0,24                     500        100        -------------------- 100,00
138        448        0          52         615                1,23               137            0,27                     500        100        ------------------ 89,60   
140        448        0          52         615                1,23               137            0,27                     500        100        ------------------ 89,60   
141        448        0          52         615                1,23               137            0,27                     500        100        ------------------ 89,60   
142        448        0          52         615                1,23               137            0,27                     500        100        ------------------ 89,60   
143        500        0          0          500                1,00               119            0,24                     500        100        -------------------- 100,00
144        448        0          52         615                1,23               137            0,27                     500        100        ------------------ 89,60   
145        500        0          0          0                  0,00               0              0,00                     500        100        NaN                        
146        500        0          0          0                  0,00               0              0,00                     500        100        NaN                        
147        500        0          0          0                  0,00               0              0,00                     500        100        NaN                        
148        500        0          0          0                  0,00               0              0,00                     500        100        NaN                        
149        500        0          0          0                  0,00               0              0,00                     500        100        NaN                        
150        500        0          0          0                  0,00               0              0,00                     500        100        NaN                        
151        500        0          0          0                  0,00               0              0,00                     500        100        NaN                        
152        308        192        0          1000               2,00               215            0,43                     500        100        ------------- 61,60        
154        465        0          35         500                1,00               119            0,24                     500        100        ------------------- 93,00  
155        465        0          35         500                1,00               119            0,24                     500        100        ------------------- 93,00  
156        465        0          35         500                1,00               119            0,24                     500        100        ------------------- 93,00  
158        500        0          0          160                0,32               37             0,07                     500        100        -------------------- 100,00
159        463        0          37         160                0,32               37             0,07                     500        100        ------------------- 92,60  
162        463        0          37         160                0,32               37             0,07                     500        100        ------------------- 92,60  
163        463        37         0          160                0,32               37             0,07                     500        100        ------------------- 92,60  
164        463        0          37         160                0,32               37             0,07                     500        100        ------------------- 92,60  
165        463        0          37         160                0,32               37             0,07                     500        100        ------------------- 92,60  
166        463        0          37         160                0,32               37             0,07                     500        100        ------------------- 92,60  
167        463        0          37         160                0,32               37             0,07                     500        100        ------------------- 92,60  
168        500        0          0          340                0,68               73             0,15                     500        100        -------------------- 100,00
169        500        0          0          340                0,68               73             0,15                     500        100        -------------------- 100,00
171        500        0          0          0                  0,00               0              0,00                     500        100        NaN                        
172        500        0          0          0                  0,00               0              0,00                     500        100        NaN                        
173        500        0          0          0                  0,00               0              0,00                     500        100        NaN                        
174        500        0          0          0                  0,00               0              0,00                     500        100        NaN                        
175        500        0          0          0                  0,00               0              0,00                     500        100        NaN                        
176        500        0          0          0                  0,00               0              0,00                     500        100        NaN                        
177        443        57         0          500                1,00               119            0,24                     500        100        ------------------ 88,60   
178        443        57         0          500                1,00               119            0,24                     500        100        ------------------ 88,60   
179        442        58         0          500                1,00               119            0,24                     500        100        ------------------ 88,40   
181        454        0          46         220                0,44               46             0,09                     500        100        ------------------- 90,80  
182        454        46         0          220                0,44               46             0,09                     500        100        ------------------- 90,80  
183        454        0          46         220                0,44               46             0,09                     500        100        ------------------- 90,80  
184        454        0          46         220                0,44               46             0,09                     500        100        ------------------- 90,80  
185        454        0          46         220                0,44               46             0,09                     500        100        ------------------- 90,80  
186        454        0          46         220                0,44               46             0,09                     500        100        ------------------- 90,80  
187        500        0          0          1000               2,00               215            0,43                     500        100        -------------------- 100,00
188        500        0          0          1000               2,00               215            0,43                     500        100        -------------------- 100,00
189        500        0          0          1000               2,00               215            0,43                     500        100        -------------------- 100,00
190        500        0          0          1000               2,00               215            0,43                     500        100        -------------------- 100,00
192        391        0          109        1000               2,00               215            0,43                     500        100        ---------------- 78,20     
193        500        0          0          1000               2,00               215            0,43                     500        100        -------------------- 100,00
194        500        0          0          1000               2,00               215            0,43                     500        100        -------------------- 100,00
195        500        0          0          1000               2,00               215            0,43                     500        100        -------------------- 100,00
200        500        0          0          1000               2,00               215            0,43                     500        100        -------------------- 100,00
201        500        0          0          1000               2,00               215            0,43                     500        100        -------------------- 100,00
203        500        0          0          1000               2,00               215            0,43                     500        100        -------------------- 100,00
204        500        0          0          1000               2,00               215            0,43                     500        100        -------------------- 100,00
207        500        0          0          0                  0,00               0              0,00                     500        100        NaN                        
208        500        0          0          0                  0,00               0              0,00                     500        100        NaN                        
209        500        0          0          0                  0,00               0              0,00                     500        100        NaN                        
210        500        0          0          0                  0,00               0              0,00                     500        100        NaN                        
211        302        0          198        902                1,80               198            0,40                     500        100        ------------- 60,40        
212        308        192        0          1000               2,00               215            0,43                     500        100        ------------- 61,60        
213        500        0          0          1000               2,00               215            0,43                     500        100        -------------------- 100,00
214        500        0          0          1000               2,00               215            0,43                     500        100        -------------------- 100,00
215        302        0          198        902                1,80               198            0,40                     500        100        ------------- 60,40        
216        500        0          0          1000               2,00               215            0,43                     500        100        -------------------- 100,00
218        308        192        0          1000               2,00               215            0,43                     500        100        ------------- 61,60        
220        381        119        0          500                1,00               119            0,24                     500        100        ---------------- 76,20     
221        381        119        0          500                1,00               119            0,24                     500        100        ---------------- 76,20     
222        381        119        0          500                1,00               119            0,24                     500        100        ---------------- 76,20     
223        381        119        0          500                1,00               119            0,24                     500        100        ---------------- 76,20     
224        381        119        0          500                1,00               119            0,24                     500        100        ---------------- 76,20     
225        381        119        0          500                1,00               119            0,24                     500        100        ---------------- 76,20     
226        381        119        0          500                1,00               119            0,24                     500        100        ---------------- 76,20     
227        381        119        0          500                1,00               119            0,24                     500        100        ---------------- 76,20     
228        381        119        0          500                1,00               119            0,24                     500        100        ---------------- 76,20     
229        381        119        0          500                1,00               119            0,24                     500        100        ---------------- 76,20     
230        381        119        0          500                1,00               119            0,24                     500        100        ---------------- 76,20     
231        381        119        0          500                1,00               119            0,24                     500        100        ---------------- 76,20     
232        381        119        0          500                1,00               119            0,24                     500        100        ---------------- 76,20     
233        381        119        0          500                1,00               119            0,24                     500        100        ---------------- 76,20     
234        381        119        0          500                1,00               119            0,24                     500        100        ---------------- 76,20     
235        381        119        0          500                1,00               119            0,24                     500        100        ---------------- 76,20     
236        381        119        0          500                1,00               119            0,24                     500        100        ---------------- 76,20     
237        381        119        0          500                1,00               119            0,24                     500        100        ---------------- 76,20     
238        381        119        0          500                1,00               119            0,24                     500        100        ---------------- 76,20     
239        381        119        0          500                1,00               119            0,24                     500        100        ---------------- 76,20     
240        381        119        0          500                1,00               119            0,24                     500        100        ---------------- 76,20     
241        381        119        0          500                1,00               119            0,24                     500        100        ---------------- 76,20     
242        381        119        0          500                1,00               119            0,24                     500        100        ---------------- 76,20     
243        381        119        0          500                1,00               119            0,24                     500        100        ---------------- 76,20     
244        381        119        0          500                1,00               119            0,24                     500        100        ---------------- 76,20     
245        381        119        0          500                1,00               119            0,24                     500        100        ---------------- 76,20     
246        381        119        0          500                1,00               119            0,24                     500        100        ---------------- 76,20     
247        381        119        0          500                1,00               119            0,24                     500        100        ---------------- 76,20     
248        381        119        0          500                1,00               119            0,24                     500        100        ---------------- 76,20     
249        381        119        0          500                1,00               119            0,24                     500        100        ---------------- 76,20     
250        381        119        0          500                1,00               119            0,24                     500        100        ---------------- 76,20     
251        381        119        0          500                1,00               119            0,24                     500        100        ---------------- 76,20     
252        381        119        0          500                1,00               119            0,24                     500        100        ---------------- 76,20     
253        381        119        0          500                1,00               119            0,24                     500        100        ---------------- 76,20     
254        381        119        0          500                1,00               119            0,24                     500        100        ---------------- 76,20     
255        381        119        0          500                1,00               119            0,24                     500        100        ---------------- 76,20     
256        381        119        0          500                1,00               119            0,24                     500        100        ---------------- 76,20     
