aggregate data per location for random rate = 0.03 and with Perturbator = 1
Exploration Plus One
73 perturbation point
PONE : plus one perturbator
100 string of 64 bytes
Generated with 23 as seed
IndexLoc   #Success   #Failure   #Exception #CallAllExecs      AvgCallPerExec     #Perturbations AvgPerturbationPerExec   #Execs     #Tasks     %Success                   
0          495        5          0          2000               4,00               66             0,13                     500        100        -------------------- 99,00 
2          495        5          0          1000               2,00               37             0,07                     500        100        -------------------- 99,00 
3          495        5          0          1000               2,00               37             0,07                     500        100        -------------------- 99,00 
4          495        5          0          1000               2,00               37             0,07                     500        100        -------------------- 99,00 
5          495        5          0          1000               2,00               37             0,07                     500        100        -------------------- 99,00 
6          495        5          0          1000               2,00               37             0,07                     500        100        -------------------- 99,00 
7          495        5          0          1000               2,00               37             0,07                     500        100        -------------------- 99,00 
8          495        5          0          1000               2,00               37             0,07                     500        100        -------------------- 99,00 
9          495        5          0          1000               2,00               37             0,07                     500        100        -------------------- 99,00 
10         495        5          0          1000               2,00               37             0,07                     500        100        -------------------- 99,00 
11         495        5          0          1000               2,00               37             0,07                     500        100        -------------------- 99,00 
12         479        5          16         984                1,97               37             0,07                     500        100        -------------------- 95,80 
13         495        5          0          1000               2,00               37             0,07                     500        100        -------------------- 99,00 
14         490        5          5          521                1,04               20             0,04                     500        100        -------------------- 98,00 
16         491        5          4          523                1,05               20             0,04                     500        100        -------------------- 98,20 
17         485        5          10         522                1,04               20             0,04                     500        100        -------------------- 97,00 
18         488        5          7          525                1,05               20             0,04                     500        100        -------------------- 97,60 
19         495        5          0          502                1,00               20             0,04                     500        100        -------------------- 99,00 
20         488        5          7          522                1,04               20             0,04                     500        100        -------------------- 97,60 
21         495        5          0          0                  0,00               0              0,00                     500        100        NaN                        
22         495        5          0          0                  0,00               0              0,00                     500        100        NaN                        
23         495        5          0          0                  0,00               0              0,00                     500        100        NaN                        
24         495        5          0          0                  0,00               0              0,00                     500        100        NaN                        
25         495        5          0          0                  0,00               0              0,00                     500        100        NaN                        
26         495        5          0          0                  0,00               0              0,00                     500        100        NaN                        
27         495        5          0          0                  0,00               0              0,00                     500        100        NaN                        
29         489        5          6          500                1,00               20             0,04                     500        100        -------------------- 97,80 
30         489        5          6          500                1,00               20             0,04                     500        100        -------------------- 97,80 
31         489        5          6          500                1,00               20             0,04                     500        100        -------------------- 97,80 
33         495        5          0          152                0,30               8              0,02                     500        100        -------------------- 99,00 
34         488        4          8          155                0,31               8              0,02                     500        100        -------------------- 97,60 
37         487        5          8          148                0,30               8              0,02                     500        100        -------------------- 97,40 
38         487        13         0          138                0,28               8              0,02                     500        100        -------------------- 97,40 
39         487        5          8          141                0,28               8              0,02                     500        100        -------------------- 97,40 
40         487        5          8          153                0,31               8              0,02                     500        100        -------------------- 97,40 
41         487        5          8          162                0,32               8              0,02                     500        100        -------------------- 97,40 
42         488        5          7          133                0,27               7              0,01                     500        100        -------------------- 97,60 
43         495        5          0          355                0,71               15             0,03                     500        100        -------------------- 99,00 
44         495        5          0          341                0,68               14             0,03                     500        100        -------------------- 99,00 
46         495        5          0          0                  0,00               0              0,00                     500        100        NaN                        
47         495        5          0          1                  0,00               0              0,00                     500        100        NaN                        
48         495        5          0          0                  0,00               0              0,00                     500        100        NaN                        
49         495        5          0          1                  0,00               0              0,00                     500        100        NaN                        
50         495        5          0          2                  0,00               0              0,00                     500        100        NaN                        
51         495        5          0          0                  0,00               0              0,00                     500        100        NaN                        
52         487        13         0          500                1,00               20             0,04                     500        100        -------------------- 97,40 
53         487        13         0          500                1,00               20             0,04                     500        100        -------------------- 97,40 
54         487        13         0          500                1,00               20             0,04                     500        100        -------------------- 97,40 
56         484        5          11         285                0,57               11             0,02                     500        100        -------------------- 96,80 
57         484        16         0          285                0,57               11             0,02                     500        100        -------------------- 96,80 
58         484        5          11         285                0,57               11             0,02                     500        100        -------------------- 96,80 
59         484        5          11         285                0,57               11             0,02                     500        100        -------------------- 96,80 
60         484        5          11         285                0,57               11             0,02                     500        100        -------------------- 96,80 
61         484        5          11         285                0,57               11             0,02                     500        100        -------------------- 96,80 
62         495        5          0          1000               2,00               37             0,07                     500        100        -------------------- 99,00 
63         495        5          0          1000               2,00               37             0,07                     500        100        -------------------- 99,00 
64         495        5          0          1000               2,00               37             0,07                     500        100        -------------------- 99,00 
65         495        5          0          1000               2,00               37             0,07                     500        100        -------------------- 99,00 
67         476        5          19         1000               2,00               37             0,07                     500        100        -------------------- 95,20 
68         495        5          0          1000               2,00               37             0,07                     500        100        -------------------- 99,00 
69         495        5          0          1000               2,00               37             0,07                     500        100        -------------------- 99,00 
70         495        5          0          1000               2,00               37             0,07                     500        100        -------------------- 99,00 
74         495        5          0          1000               2,00               37             0,07                     500        100        -------------------- 99,00 
75         495        5          0          1000               2,00               37             0,07                     500        100        -------------------- 99,00 
77         495        5          0          1000               2,00               37             0,07                     500        100        -------------------- 99,00 
78         495        5          0          1000               2,00               37             0,07                     500        100        -------------------- 99,00 
81         495        5          0          0                  0,00               0              0,00                     500        100        NaN                        
82         495        5          0          0                  0,00               0              0,00                     500        100        NaN                        
83         495        5          0          0                  0,00               0              0,00                     500        100        NaN                        
84         495        5          0          0                  0,00               0              0,00                     500        100        NaN                        
85         458        5          37         984                1,97               37             0,07                     500        100        ------------------- 91,60  
86         458        5          37         984                1,97               37             0,07                     500        100        ------------------- 91,60  
87         495        5          0          1000               2,00               37             0,07                     500        100        -------------------- 99,00 
