aggregate data per location for Perturbator = 1
Exploration Plus One
PONE : plus one perturbator
100 string of 128 bytes
Generated with 23 as seed
117 perturbations points
IndexLoc   #Success   #Failure   #Exception #CallAllExecs      AvgCallPerExec     #Perturbations AvgPerturbationPerExec   #Execs     #ExecsRef  AvgCallRefPerTask #Tasks     %Success                   
122        304        0          48         1312               3,73               352            1,00                     352        352        3.52              100        ------------------ 86,36   
123        304        0          48         1312               3,73               352            1,00                     352        352        3.52              100        ------------------ 86,36   
125        152        0          48         400                2,00               200            1,00                     200        200        2.0               100        ---------------- 76,00     
126        152        0          48         400                2,00               200            1,00                     200        200        2.0               100        ---------------- 76,00     
127        152        0          48         400                2,00               200            1,00                     200        200        2.0               100        ---------------- 76,00     
128        76         0          124        300                1,50               200            1,00                     200        200        2.0               100        -------- 38,00             
129        152        0          48         400                2,00               200            1,00                     200        200        2.0               100        ---------------- 76,00     
130        76         0          124        300                1,50               200            1,00                     200        200        2.0               100        -------- 38,00             
131        152        0          48         400                2,00               200            1,00                     200        200        2.0               100        ---------------- 76,00     
132        152        0          0          304                2,00               152            1,00                     152        152        1.52              100        -------------------- 100,00
133        152        0          0          304                2,00               152            1,00                     152        152        1.52              100        -------------------- 100,00
134        152        0          0          304                2,00               152            1,00                     152        152        1.52              100        -------------------- 100,00
135        76         0          76         228                1,50               152            1,00                     152        152        1.52              100        ---------- 50,00           
136        152        0          0          304                2,00               152            1,00                     152        152        1.52              100        -------------------- 100,00
137        77         0          0          79                 1,03               77             1,00                     77         77         0.77              100        -------------------- 100,00
138        56         0          21         155                2,01               77             1,00                     77         77         0.77              100        --------------- 72,73      
140        56         0          21         155                2,01               77             1,00                     77         77         0.77              100        --------------- 72,73      
141        56         0          21         155                2,01               77             1,00                     77         77         0.77              100        --------------- 72,73      
142        56         0          21         155                2,01               77             1,00                     77         77         0.77              100        --------------- 72,73      
143        77         0          0          78                 1,01               77             1,00                     77         77         0.77              100        -------------------- 100,00
144        56         0          21         155                2,01               77             1,00                     77         77         0.77              100        --------------- 72,73      
145        0          0          0          0                  NaN                0              NaN                      0          0          0.0               100        NaN                        
146        0          0          0          0                  NaN                0              NaN                      0          0          0.0               100        NaN                        
147        0          0          0          0                  NaN                0              NaN                      0          0          0.0               100        NaN                        
148        0          0          0          0                  NaN                0              NaN                      0          0          0.0               100        NaN                        
149        0          0          0          0                  NaN                0              NaN                      0          0          0.0               100        NaN                        
150        0          0          0          0                  NaN                0              NaN                      0          0          0.0               100        NaN                        
151        0          0          0          0                  NaN                0              NaN                      0          0          0.0               100        NaN                        
152        0          152        0          304                2,00               152            1,00                     152        152        1.52              100         0,00                      
154        55         0          21         76                 1,00               76             1,00                     76         76         0.76              100        --------------- 72,37      
155        55         0          21         76                 1,00               76             1,00                     76         76         0.76              100        --------------- 72,37      
156        55         0          21         76                 1,00               76             1,00                     76         76         0.76              100        --------------- 72,37      
158        22         0          0          22                 1,00               22             1,00                     22         22         0.22              100        -------------------- 100,00
159        1          0          21         22                 1,00               22             1,00                     22         22         0.22              100        - 4,55                     
162        0          0          21         21                 1,00               21             1,00                     21         21         0.21              100         0,00                      
163        0          21         0          21                 1,00               21             1,00                     21         21         0.21              100         0,00                      
164        0          0          21         21                 1,00               21             1,00                     21         21         0.21              100         0,00                      
165        0          0          21         21                 1,00               21             1,00                     21         21         0.21              100         0,00                      
166        0          0          21         21                 1,00               21             1,00                     21         21         0.21              100         0,00                      
167        0          0          21         21                 1,00               21             1,00                     21         21         0.21              100         0,00                      
168        55         0          0          55                 1,00               55             1,00                     55         55         0.55              100        -------------------- 100,00
169        55         0          0          55                 1,00               55             1,00                     55         55         0.55              100        -------------------- 100,00
171        0          0          0          0                  NaN                0              NaN                      0          0          0.0               100        NaN                        
172        0          0          0          0                  NaN                0              NaN                      0          0          0.0               100        NaN                        
173        0          0          0          0                  NaN                0              NaN                      0          0          0.0               100        NaN                        
174        0          0          0          0                  NaN                0              NaN                      0          0          0.0               100        NaN                        
175        0          0          0          0                  NaN                0              NaN                      0          0          0.0               100        NaN                        
176        0          0          0          0                  NaN                0              NaN                      0          0          0.0               100        NaN                        
177        52         24         0          76                 1,00               76             1,00                     76         76         0.76              100        -------------- 68,42       
178        52         24         0          76                 1,00               76             1,00                     76         76         0.76              100        -------------- 68,42       
179        52         24         0          76                 1,00               76             1,00                     76         76         0.76              100        -------------- 68,42       
181        0          0          24         24                 1,00               24             1,00                     24         24         0.24              100         0,00                      
182        0          24         0          24                 1,00               24             1,00                     24         24         0.24              100         0,00                      
183        0          0          24         24                 1,00               24             1,00                     24         24         0.24              100         0,00                      
184        0          0          24         24                 1,00               24             1,00                     24         24         0.24              100         0,00                      
185        0          0          24         24                 1,00               24             1,00                     24         24         0.24              100         0,00                      
186        0          0          24         24                 1,00               24             1,00                     24         24         0.24              100         0,00                      
187        76         0          100        252                1,43               176            1,00                     176        176        1.76              100        --------- 43,18            
188        152        0          24         328                1,86               176            1,00                     176        176        1.76              100        ------------------ 86,36   
189        152        0          24         328                1,86               176            1,00                     176        176        1.76              100        ------------------ 86,36   
190        152        0          24         328                1,86               176            1,00                     176        176        1.76              100        ------------------ 86,36   
192        76         0          100        328                1,86               176            1,00                     176        176        1.76              100        --------- 43,18            
193        152        0          24         328                1,86               176            1,00                     176        176        1.76              100        ------------------ 86,36   
194        152        0          24         328                1,86               176            1,00                     176        176        1.76              100        ------------------ 86,36   
195        152        0          24         328                1,86               176            1,00                     176        176        1.76              100        ------------------ 86,36   
200        152        0          24         328                1,86               176            1,00                     176        176        1.76              100        ------------------ 86,36   
201        152        0          24         328                1,86               176            1,00                     176        176        1.76              100        ------------------ 86,36   
203        152        0          24         328                1,86               176            1,00                     176        176        1.76              100        ------------------ 86,36   
204        152        0          24         328                1,86               176            1,00                     176        176        1.76              100        ------------------ 86,36   
207        0          0          0          0                  NaN                0              NaN                      0          0          0.0               100        NaN                        
208        0          0          0          0                  NaN                0              NaN                      0          0          0.0               100        NaN                        
209        0          0          0          0                  NaN                0              NaN                      0          0          0.0               100        NaN                        
210        0          0          0          0                  NaN                0              NaN                      0          0          0.0               100        NaN                        
211        0          0          176        252                1,43               176            1,00                     176        176        1.76              100         0,00                      
212        0          152        24         328                1,86               176            1,00                     176        176        1.76              100         0,00                      
213        152        0          24         328                1,86               176            1,00                     176        176        1.76              100        ------------------ 86,36   
214        152        0          24         328                1,86               176            1,00                     176        176        1.76              100        ------------------ 86,36   
215        0          0          176        252                1,43               176            1,00                     176        176        1.76              100         0,00                      
216        152        0          24         328                1,86               176            1,00                     176        176        1.76              100        ------------------ 86,36   
218        0          152        0          304                2,00               152            1,00                     152        152        1.52              100         0,00                      
220        0          76         0          76                 1,00               76             1,00                     76         76         0.76              100         0,00                      
221        0          76         0          76                 1,00               76             1,00                     76         76         0.76              100         0,00                      
222        0          76         0          76                 1,00               76             1,00                     76         76         0.76              100         0,00                      
223        0          76         0          76                 1,00               76             1,00                     76         76         0.76              100         0,00                      
224        0          76         0          76                 1,00               76             1,00                     76         76         0.76              100         0,00                      
225        0          76         0          76                 1,00               76             1,00                     76         76         0.76              100         0,00                      
226        0          76         0          76                 1,00               76             1,00                     76         76         0.76              100         0,00                      
227        0          76         0          76                 1,00               76             1,00                     76         76         0.76              100         0,00                      
228        0          76         0          76                 1,00               76             1,00                     76         76         0.76              100         0,00                      
229        0          76         0          76                 1,00               76             1,00                     76         76         0.76              100         0,00                      
230        0          76         0          76                 1,00               76             1,00                     76         76         0.76              100         0,00                      
231        0          76         0          76                 1,00               76             1,00                     76         76         0.76              100         0,00                      
232        0          76         0          76                 1,00               76             1,00                     76         76         0.76              100         0,00                      
233        0          76         0          76                 1,00               76             1,00                     76         76         0.76              100         0,00                      
234        0          76         0          76                 1,00               76             1,00                     76         76         0.76              100         0,00                      
235        0          76         0          76                 1,00               76             1,00                     76         76         0.76              100         0,00                      
236        0          76         0          76                 1,00               76             1,00                     76         76         0.76              100         0,00                      
237        0          76         0          76                 1,00               76             1,00                     76         76         0.76              100         0,00                      
238        0          76         0          76                 1,00               76             1,00                     76         76         0.76              100         0,00                      
239        0          76         0          76                 1,00               76             1,00                     76         76         0.76              100         0,00                      
240        0          76         0          76                 1,00               76             1,00                     76         76         0.76              100         0,00                      
241        0          76         0          76                 1,00               76             1,00                     76         76         0.76              100         0,00                      
242        0          76         0          76                 1,00               76             1,00                     76         76         0.76              100         0,00                      
243        0          76         0          76                 1,00               76             1,00                     76         76         0.76              100         0,00                      
244        0          76         0          76                 1,00               76             1,00                     76         76         0.76              100         0,00                      
245        0          76         0          76                 1,00               76             1,00                     76         76         0.76              100         0,00                      
246        0          76         0          76                 1,00               76             1,00                     76         76         0.76              100         0,00                      
247        0          76         0          76                 1,00               76             1,00                     76         76         0.76              100         0,00                      
248        0          76         0          76                 1,00               76             1,00                     76         76         0.76              100         0,00                      
249        0          76         0          76                 1,00               76             1,00                     76         76         0.76              100         0,00                      
250        0          76         0          76                 1,00               76             1,00                     76         76         0.76              100         0,00                      
251        0          76         0          76                 1,00               76             1,00                     76         76         0.76              100         0,00                      
252        0          76         0          76                 1,00               76             1,00                     76         76         0.76              100         0,00                      
253        0          76         0          76                 1,00               76             1,00                     76         76         0.76              100         0,00                      
254        0          76         0          76                 1,00               76             1,00                     76         76         0.76              100         0,00                      
255        0          76         0          76                 1,00               76             1,00                     76         76         0.76              100         0,00                      
256        0          76         0          76                 1,00               76             1,00                     76         76         0.76              100         0,00                      
