aggregate data per location for random rate = 0.005 and with Perturbator = 1
Exploration Plus One
PONE : plus one perturbator
100 string of 64 bytes
Generated with 23 as seed
117 perturbations points
IndexLoc   #Success   #Failure   #Exception #CallAllExecs      AvgCallPerExec     #Perturbations AvgPerturbationPerExec   #Execs     #Tasks     %Success                   
122        500        0          0          2000               4,00               9              0,02                     500        100        -------------------- 100,00
123        500        0          0          2000               4,00               9              0,02                     500        100        -------------------- 100,00
125        500        0          0          1000               2,00               2              0,00                     500        100        -------------------- 100,00
126        500        0          0          1000               2,00               2              0,00                     500        100        -------------------- 100,00
127        500        0          0          1000               2,00               2              0,00                     500        100        -------------------- 100,00
128        500        0          0          1000               2,00               2              0,00                     500        100        -------------------- 100,00
129        500        0          0          1000               2,00               2              0,00                     500        100        -------------------- 100,00
130        500        0          0          1000               2,00               2              0,00                     500        100        -------------------- 100,00
131        500        0          0          1000               2,00               2              0,00                     500        100        -------------------- 100,00
132        500        0          0          1000               2,00               2              0,00                     500        100        -------------------- 100,00
133        500        0          0          1000               2,00               2              0,00                     500        100        -------------------- 100,00
134        500        0          0          1000               2,00               2              0,00                     500        100        -------------------- 100,00
135        500        0          0          1000               2,00               2              0,00                     500        100        -------------------- 100,00
136        500        0          0          1000               2,00               2              0,00                     500        100        -------------------- 100,00
137        500        0          0          500                1,00               1              0,00                     500        100        -------------------- 100,00
138        500        0          0          501                1,00               1              0,00                     500        100        -------------------- 100,00
140        500        0          0          501                1,00               1              0,00                     500        100        -------------------- 100,00
141        500        0          0          501                1,00               1              0,00                     500        100        -------------------- 100,00
142        500        0          0          501                1,00               1              0,00                     500        100        -------------------- 100,00
143        500        0          0          500                1,00               1              0,00                     500        100        -------------------- 100,00
144        500        0          0          501                1,00               1              0,00                     500        100        -------------------- 100,00
145        500        0          0          0                  0,00               0              0,00                     500        100        NaN                        
146        500        0          0          0                  0,00               0              0,00                     500        100        NaN                        
147        500        0          0          0                  0,00               0              0,00                     500        100        NaN                        
148        500        0          0          0                  0,00               0              0,00                     500        100        NaN                        
149        500        0          0          0                  0,00               0              0,00                     500        100        NaN                        
150        500        0          0          0                  0,00               0              0,00                     500        100        NaN                        
151        500        0          0          0                  0,00               0              0,00                     500        100        NaN                        
152        498        2          0          1000               2,00               2              0,00                     500        100        -------------------- 99,60 
154        500        0          0          500                1,00               1              0,00                     500        100        -------------------- 100,00
155        500        0          0          500                1,00               1              0,00                     500        100        -------------------- 100,00
156        500        0          0          500                1,00               1              0,00                     500        100        -------------------- 100,00
158        500        0          0          160                0,32               1              0,00                     500        100        -------------------- 100,00
159        499        0          1          160                0,32               1              0,00                     500        100        -------------------- 99,80 
162        499        0          1          160                0,32               1              0,00                     500        100        -------------------- 99,80 
163        499        1          0          160                0,32               1              0,00                     500        100        -------------------- 99,80 
164        499        0          1          160                0,32               1              0,00                     500        100        -------------------- 99,80 
165        499        0          1          160                0,32               1              0,00                     500        100        -------------------- 99,80 
166        499        0          1          160                0,32               1              0,00                     500        100        -------------------- 99,80 
167        499        0          1          160                0,32               1              0,00                     500        100        -------------------- 99,80 
168        500        0          0          340                0,68               1              0,00                     500        100        -------------------- 100,00
169        500        0          0          340                0,68               1              0,00                     500        100        -------------------- 100,00
171        500        0          0          0                  0,00               0              0,00                     500        100        NaN                        
172        500        0          0          0                  0,00               0              0,00                     500        100        NaN                        
173        500        0          0          0                  0,00               0              0,00                     500        100        NaN                        
174        500        0          0          0                  0,00               0              0,00                     500        100        NaN                        
175        500        0          0          0                  0,00               0              0,00                     500        100        NaN                        
176        500        0          0          0                  0,00               0              0,00                     500        100        NaN                        
177        500        0          0          500                1,00               1              0,00                     500        100        -------------------- 100,00
178        500        0          0          500                1,00               1              0,00                     500        100        -------------------- 100,00
179        500        0          0          500                1,00               1              0,00                     500        100        -------------------- 100,00
181        499        0          1          220                0,44               1              0,00                     500        100        -------------------- 99,80 
182        499        1          0          220                0,44               1              0,00                     500        100        -------------------- 99,80 
183        499        0          1          220                0,44               1              0,00                     500        100        -------------------- 99,80 
184        499        0          1          220                0,44               1              0,00                     500        100        -------------------- 99,80 
185        499        0          1          220                0,44               1              0,00                     500        100        -------------------- 99,80 
186        499        0          1          220                0,44               1              0,00                     500        100        -------------------- 99,80 
187        500        0          0          1000               2,00               2              0,00                     500        100        -------------------- 100,00
188        500        0          0          1000               2,00               2              0,00                     500        100        -------------------- 100,00
189        500        0          0          1000               2,00               2              0,00                     500        100        -------------------- 100,00
190        500        0          0          1000               2,00               2              0,00                     500        100        -------------------- 100,00
192        498        0          2          1000               2,00               2              0,00                     500        100        -------------------- 99,60 
193        500        0          0          1000               2,00               2              0,00                     500        100        -------------------- 100,00
194        500        0          0          1000               2,00               2              0,00                     500        100        -------------------- 100,00
195        500        0          0          1000               2,00               2              0,00                     500        100        -------------------- 100,00
200        500        0          0          1000               2,00               2              0,00                     500        100        -------------------- 100,00
201        500        0          0          1000               2,00               2              0,00                     500        100        -------------------- 100,00
203        500        0          0          1000               2,00               2              0,00                     500        100        -------------------- 100,00
204        500        0          0          1000               2,00               2              0,00                     500        100        -------------------- 100,00
207        500        0          0          0                  0,00               0              0,00                     500        100        NaN                        
208        500        0          0          0                  0,00               0              0,00                     500        100        NaN                        
209        500        0          0          0                  0,00               0              0,00                     500        100        NaN                        
210        500        0          0          0                  0,00               0              0,00                     500        100        NaN                        
211        498        0          2          1000               2,00               2              0,00                     500        100        -------------------- 99,60 
212        498        2          0          1000               2,00               2              0,00                     500        100        -------------------- 99,60 
213        500        0          0          1000               2,00               2              0,00                     500        100        -------------------- 100,00
214        500        0          0          1000               2,00               2              0,00                     500        100        -------------------- 100,00
215        498        0          2          1000               2,00               2              0,00                     500        100        -------------------- 99,60 
216        500        0          0          1000               2,00               2              0,00                     500        100        -------------------- 100,00
218        498        2          0          1000               2,00               2              0,00                     500        100        -------------------- 99,60 
220        499        1          0          500                1,00               1              0,00                     500        100        -------------------- 99,80 
221        499        1          0          500                1,00               1              0,00                     500        100        -------------------- 99,80 
222        499        1          0          500                1,00               1              0,00                     500        100        -------------------- 99,80 
223        499        1          0          500                1,00               1              0,00                     500        100        -------------------- 99,80 
224        499        1          0          500                1,00               1              0,00                     500        100        -------------------- 99,80 
225        499        1          0          500                1,00               1              0,00                     500        100        -------------------- 99,80 
226        499        1          0          500                1,00               1              0,00                     500        100        -------------------- 99,80 
227        499        1          0          500                1,00               1              0,00                     500        100        -------------------- 99,80 
228        499        1          0          500                1,00               1              0,00                     500        100        -------------------- 99,80 
229        499        1          0          500                1,00               1              0,00                     500        100        -------------------- 99,80 
230        499        1          0          500                1,00               1              0,00                     500        100        -------------------- 99,80 
231        499        1          0          500                1,00               1              0,00                     500        100        -------------------- 99,80 
232        499        1          0          500                1,00               1              0,00                     500        100        -------------------- 99,80 
233        499        1          0          500                1,00               1              0,00                     500        100        -------------------- 99,80 
234        499        1          0          500                1,00               1              0,00                     500        100        -------------------- 99,80 
235        499        1          0          500                1,00               1              0,00                     500        100        -------------------- 99,80 
236        499        1          0          500                1,00               1              0,00                     500        100        -------------------- 99,80 
237        499        1          0          500                1,00               1              0,00                     500        100        -------------------- 99,80 
238        499        1          0          500                1,00               1              0,00                     500        100        -------------------- 99,80 
239        499        1          0          500                1,00               1              0,00                     500        100        -------------------- 99,80 
240        499        1          0          500                1,00               1              0,00                     500        100        -------------------- 99,80 
241        499        1          0          500                1,00               1              0,00                     500        100        -------------------- 99,80 
242        499        1          0          500                1,00               1              0,00                     500        100        -------------------- 99,80 
243        499        1          0          500                1,00               1              0,00                     500        100        -------------------- 99,80 
244        499        1          0          500                1,00               1              0,00                     500        100        -------------------- 99,80 
245        499        1          0          500                1,00               1              0,00                     500        100        -------------------- 99,80 
246        499        1          0          500                1,00               1              0,00                     500        100        -------------------- 99,80 
247        499        1          0          500                1,00               1              0,00                     500        100        -------------------- 99,80 
248        499        1          0          500                1,00               1              0,00                     500        100        -------------------- 99,80 
249        499        1          0          500                1,00               1              0,00                     500        100        -------------------- 99,80 
250        499        1          0          500                1,00               1              0,00                     500        100        -------------------- 99,80 
251        499        1          0          500                1,00               1              0,00                     500        100        -------------------- 99,80 
252        499        1          0          500                1,00               1              0,00                     500        100        -------------------- 99,80 
253        499        1          0          500                1,00               1              0,00                     500        100        -------------------- 99,80 
254        499        1          0          500                1,00               1              0,00                     500        100        -------------------- 99,80 
255        499        1          0          500                1,00               1              0,00                     500        100        -------------------- 99,80 
256        499        1          0          500                1,00               1              0,00                     500        100        -------------------- 99,80 
