aggregate data per location for random rate = 0.1 and with Perturbator = 1
Exploration Plus One
PONE : plus one perturbator
100 string of 64 bytes
Generated with 23 as seed
117 perturbations points
IndexLoc   #Success   #Failure   #Exception #CallAllExecs      AvgCallPerExec     #Perturbations AvgPerturbationPerExec   #Execs     #Tasks     %Success                   
122        500        0          0          2000               4,00               206            0,41                     500        100        -------------------- 100,00
123        500        0          0          2000               4,00               206            0,41                     500        100        -------------------- 100,00
125        500        0          0          1000               2,00               114            0,23                     500        100        -------------------- 100,00
126        500        0          0          1000               2,00               114            0,23                     500        100        -------------------- 100,00
127        500        0          0          1000               2,00               114            0,23                     500        100        -------------------- 100,00
128        500        0          0          1000               2,00               114            0,23                     500        100        -------------------- 100,00
129        500        0          0          1000               2,00               114            0,23                     500        100        -------------------- 100,00
130        500        0          0          1000               2,00               114            0,23                     500        100        -------------------- 100,00
131        500        0          0          1000               2,00               114            0,23                     500        100        -------------------- 100,00
132        500        0          0          1000               2,00               114            0,23                     500        100        -------------------- 100,00
133        500        0          0          1000               2,00               114            0,23                     500        100        -------------------- 100,00
134        500        0          0          1000               2,00               114            0,23                     500        100        -------------------- 100,00
135        446        0          54         946                1,89               110            0,22                     500        100        ------------------ 89,20   
136        500        0          0          1000               2,00               114            0,23                     500        100        -------------------- 100,00
137        500        0          0          500                1,00               57             0,11                     500        100        -------------------- 100,00
138        479        0          21         555                1,11               61             0,12                     500        100        -------------------- 95,80 
140        479        0          21         555                1,11               61             0,12                     500        100        -------------------- 95,80 
141        479        0          21         555                1,11               61             0,12                     500        100        -------------------- 95,80 
142        479        0          21         555                1,11               61             0,12                     500        100        -------------------- 95,80 
143        500        0          0          500                1,00               57             0,11                     500        100        -------------------- 100,00
144        479        0          21         555                1,11               61             0,12                     500        100        -------------------- 95,80 
145        500        0          0          0                  0,00               0              0,00                     500        100        NaN                        
146        500        0          0          0                  0,00               0              0,00                     500        100        NaN                        
147        500        0          0          0                  0,00               0              0,00                     500        100        NaN                        
148        500        0          0          0                  0,00               0              0,00                     500        100        NaN                        
149        500        0          0          0                  0,00               0              0,00                     500        100        NaN                        
150        500        0          0          0                  0,00               0              0,00                     500        100        NaN                        
151        500        0          0          0                  0,00               0              0,00                     500        100        NaN                        
152        392        108        0          1000               2,00               114            0,23                     500        100        ---------------- 78,40     
154        488        0          12         500                1,00               57             0,11                     500        100        -------------------- 97,60 
155        488        0          12         500                1,00               57             0,11                     500        100        -------------------- 97,60 
156        488        0          12         500                1,00               57             0,11                     500        100        -------------------- 97,60 
158        500        0          0          160                0,32               21             0,04                     500        100        -------------------- 100,00
159        479        0          21         160                0,32               21             0,04                     500        100        -------------------- 95,80 
162        479        0          21         160                0,32               21             0,04                     500        100        -------------------- 95,80 
163        479        21         0          160                0,32               21             0,04                     500        100        -------------------- 95,80 
164        479        0          21         160                0,32               21             0,04                     500        100        -------------------- 95,80 
165        479        0          21         160                0,32               21             0,04                     500        100        -------------------- 95,80 
166        479        0          21         160                0,32               21             0,04                     500        100        -------------------- 95,80 
167        479        0          21         160                0,32               21             0,04                     500        100        -------------------- 95,80 
168        500        0          0          340                0,68               40             0,08                     500        100        -------------------- 100,00
169        500        0          0          340                0,68               40             0,08                     500        100        -------------------- 100,00
171        500        0          0          0                  0,00               0              0,00                     500        100        NaN                        
172        500        0          0          0                  0,00               0              0,00                     500        100        NaN                        
173        500        0          0          0                  0,00               0              0,00                     500        100        NaN                        
174        500        0          0          0                  0,00               0              0,00                     500        100        NaN                        
175        500        0          0          0                  0,00               0              0,00                     500        100        NaN                        
176        500        0          0          0                  0,00               0              0,00                     500        100        NaN                        
177        474        26         0          500                1,00               57             0,11                     500        100        ------------------- 94,80  
178        474        26         0          500                1,00               57             0,11                     500        100        ------------------- 94,80  
179        474        26         0          500                1,00               57             0,11                     500        100        ------------------- 94,80  
181        476        0          24         220                0,44               24             0,05                     500        100        -------------------- 95,20 
182        476        24         0          220                0,44               24             0,05                     500        100        -------------------- 95,20 
183        476        0          24         220                0,44               24             0,05                     500        100        -------------------- 95,20 
184        476        0          24         220                0,44               24             0,05                     500        100        -------------------- 95,20 
185        476        0          24         220                0,44               24             0,05                     500        100        -------------------- 95,20 
186        476        0          24         220                0,44               24             0,05                     500        100        -------------------- 95,20 
187        500        0          0          1000               2,00               114            0,23                     500        100        -------------------- 100,00
188        500        0          0          1000               2,00               114            0,23                     500        100        -------------------- 100,00
189        500        0          0          1000               2,00               114            0,23                     500        100        -------------------- 100,00
190        500        0          0          1000               2,00               114            0,23                     500        100        -------------------- 100,00
192        446        0          54         1000               2,00               114            0,23                     500        100        ------------------ 89,20   
193        500        0          0          1000               2,00               114            0,23                     500        100        -------------------- 100,00
194        500        0          0          1000               2,00               114            0,23                     500        100        -------------------- 100,00
195        500        0          0          1000               2,00               114            0,23                     500        100        -------------------- 100,00
200        500        0          0          1000               2,00               114            0,23                     500        100        -------------------- 100,00
201        500        0          0          1000               2,00               114            0,23                     500        100        -------------------- 100,00
203        500        0          0          1000               2,00               114            0,23                     500        100        -------------------- 100,00
204        500        0          0          1000               2,00               114            0,23                     500        100        -------------------- 100,00
207        500        0          0          0                  0,00               0              0,00                     500        100        NaN                        
208        500        0          0          0                  0,00               0              0,00                     500        100        NaN                        
209        500        0          0          0                  0,00               0              0,00                     500        100        NaN                        
210        500        0          0          0                  0,00               0              0,00                     500        100        NaN                        
211        390        0          110        946                1,89               110            0,22                     500        100        ---------------- 78,00     
212        392        108        0          1000               2,00               114            0,23                     500        100        ---------------- 78,40     
213        500        0          0          1000               2,00               114            0,23                     500        100        -------------------- 100,00
214        500        0          0          1000               2,00               114            0,23                     500        100        -------------------- 100,00
215        390        0          110        946                1,89               110            0,22                     500        100        ---------------- 78,00     
216        500        0          0          1000               2,00               114            0,23                     500        100        -------------------- 100,00
218        392        108        0          1000               2,00               114            0,23                     500        100        ---------------- 78,40     
220        443        57         0          500                1,00               57             0,11                     500        100        ------------------ 88,60   
221        443        57         0          500                1,00               57             0,11                     500        100        ------------------ 88,60   
222        443        57         0          500                1,00               57             0,11                     500        100        ------------------ 88,60   
223        443        57         0          500                1,00               57             0,11                     500        100        ------------------ 88,60   
224        443        57         0          500                1,00               57             0,11                     500        100        ------------------ 88,60   
225        443        57         0          500                1,00               57             0,11                     500        100        ------------------ 88,60   
226        443        57         0          500                1,00               57             0,11                     500        100        ------------------ 88,60   
227        443        57         0          500                1,00               57             0,11                     500        100        ------------------ 88,60   
228        443        57         0          500                1,00               57             0,11                     500        100        ------------------ 88,60   
229        443        57         0          500                1,00               57             0,11                     500        100        ------------------ 88,60   
230        443        57         0          500                1,00               57             0,11                     500        100        ------------------ 88,60   
231        443        57         0          500                1,00               57             0,11                     500        100        ------------------ 88,60   
232        443        57         0          500                1,00               57             0,11                     500        100        ------------------ 88,60   
233        443        57         0          500                1,00               57             0,11                     500        100        ------------------ 88,60   
234        443        57         0          500                1,00               57             0,11                     500        100        ------------------ 88,60   
235        443        57         0          500                1,00               57             0,11                     500        100        ------------------ 88,60   
236        443        57         0          500                1,00               57             0,11                     500        100        ------------------ 88,60   
237        443        57         0          500                1,00               57             0,11                     500        100        ------------------ 88,60   
238        443        57         0          500                1,00               57             0,11                     500        100        ------------------ 88,60   
239        443        57         0          500                1,00               57             0,11                     500        100        ------------------ 88,60   
240        443        57         0          500                1,00               57             0,11                     500        100        ------------------ 88,60   
241        443        57         0          500                1,00               57             0,11                     500        100        ------------------ 88,60   
242        443        57         0          500                1,00               57             0,11                     500        100        ------------------ 88,60   
243        443        57         0          500                1,00               57             0,11                     500        100        ------------------ 88,60   
244        443        57         0          500                1,00               57             0,11                     500        100        ------------------ 88,60   
245        443        57         0          500                1,00               57             0,11                     500        100        ------------------ 88,60   
246        443        57         0          500                1,00               57             0,11                     500        100        ------------------ 88,60   
247        443        57         0          500                1,00               57             0,11                     500        100        ------------------ 88,60   
248        443        57         0          500                1,00               57             0,11                     500        100        ------------------ 88,60   
249        443        57         0          500                1,00               57             0,11                     500        100        ------------------ 88,60   
250        443        57         0          500                1,00               57             0,11                     500        100        ------------------ 88,60   
251        443        57         0          500                1,00               57             0,11                     500        100        ------------------ 88,60   
252        443        57         0          500                1,00               57             0,11                     500        100        ------------------ 88,60   
253        443        57         0          500                1,00               57             0,11                     500        100        ------------------ 88,60   
254        443        57         0          500                1,00               57             0,11                     500        100        ------------------ 88,60   
255        443        57         0          500                1,00               57             0,11                     500        100        ------------------ 88,60   
256        443        57         0          500                1,00               57             0,11                     500        100        ------------------ 88,60   
