aggregate data per location for random rate = 0.001 and with Perturbator = 1
Exploration Plus One
PONE : plus one perturbator
100 string of 64 bytes
Generated with 23 as seed
117 perturbations points
IndexLoc   #Success   #Failure   #Exception #CallAllExecs      AvgCallPerExec     #Perturbations AvgPerturbationPerExec   #Execs     #Tasks     %Success                   
122        500        0          0          2000               20,00              1              0,01                     100        100        -------------------- 100,00
123        500        0          0          2000               20,00              1              0,01                     100        100        -------------------- 100,00
125        500        0          0          1000               10,00              0              0,00                     100        100        NaN                        
126        500        0          0          1000               10,00              0              0,00                     100        100        NaN                        
127        500        0          0          1000               10,00              0              0,00                     100        100        NaN                        
128        500        0          0          1000               10,00              0              0,00                     100        100        NaN                        
129        500        0          0          1000               10,00              0              0,00                     100        100        NaN                        
130        500        0          0          1000               10,00              0              0,00                     100        100        NaN                        
131        500        0          0          1000               10,00              0              0,00                     100        100        NaN                        
132        500        0          0          1000               10,00              0              0,00                     100        100        NaN                        
133        500        0          0          1000               10,00              0              0,00                     100        100        NaN                        
134        500        0          0          1000               10,00              0              0,00                     100        100        NaN                        
135        500        0          0          1000               10,00              0              0,00                     100        100        NaN                        
136        500        0          0          1000               10,00              0              0,00                     100        100        NaN                        
137        500        0          0          500                5,00               0              0,00                     100        100        NaN                        
138        500        0          0          500                5,00               0              0,00                     100        100        NaN                        
140        500        0          0          500                5,00               0              0,00                     100        100        NaN                        
141        500        0          0          500                5,00               0              0,00                     100        100        NaN                        
142        500        0          0          500                5,00               0              0,00                     100        100        NaN                        
143        500        0          0          500                5,00               0              0,00                     100        100        NaN                        
144        500        0          0          500                5,00               0              0,00                     100        100        NaN                        
145        500        0          0          0                  0,00               0              0,00                     100        100        NaN                        
146        500        0          0          0                  0,00               0              0,00                     100        100        NaN                        
147        500        0          0          0                  0,00               0              0,00                     100        100        NaN                        
148        500        0          0          0                  0,00               0              0,00                     100        100        NaN                        
149        500        0          0          0                  0,00               0              0,00                     100        100        NaN                        
150        500        0          0          0                  0,00               0              0,00                     100        100        NaN                        
151        500        0          0          0                  0,00               0              0,00                     100        100        NaN                        
152        500        0          0          1000               10,00              0              0,00                     100        100        NaN                        
154        500        0          0          500                5,00               0              0,00                     100        100        NaN                        
155        500        0          0          500                5,00               0              0,00                     100        100        NaN                        
156        500        0          0          500                5,00               0              0,00                     100        100        NaN                        
158        500        0          0          160                1,60               0              0,00                     100        100        NaN                        
159        500        0          0          160                1,60               0              0,00                     100        100        NaN                        
162        500        0          0          160                1,60               0              0,00                     100        100        NaN                        
163        500        0          0          160                1,60               0              0,00                     100        100        NaN                        
164        500        0          0          160                1,60               0              0,00                     100        100        NaN                        
165        500        0          0          160                1,60               0              0,00                     100        100        NaN                        
166        500        0          0          160                1,60               0              0,00                     100        100        NaN                        
167        500        0          0          160                1,60               0              0,00                     100        100        NaN                        
168        500        0          0          340                3,40               0              0,00                     100        100        NaN                        
169        500        0          0          340                3,40               0              0,00                     100        100        NaN                        
171        500        0          0          0                  0,00               0              0,00                     100        100        NaN                        
172        500        0          0          0                  0,00               0              0,00                     100        100        NaN                        
173        500        0          0          0                  0,00               0              0,00                     100        100        NaN                        
174        500        0          0          0                  0,00               0              0,00                     100        100        NaN                        
175        500        0          0          0                  0,00               0              0,00                     100        100        NaN                        
176        500        0          0          0                  0,00               0              0,00                     100        100        NaN                        
177        500        0          0          500                5,00               0              0,00                     100        100        NaN                        
178        500        0          0          500                5,00               0              0,00                     100        100        NaN                        
179        500        0          0          500                5,00               0              0,00                     100        100        NaN                        
181        500        0          0          220                2,20               0              0,00                     100        100        NaN                        
182        500        0          0          220                2,20               0              0,00                     100        100        NaN                        
183        500        0          0          220                2,20               0              0,00                     100        100        NaN                        
184        500        0          0          220                2,20               0              0,00                     100        100        NaN                        
185        500        0          0          220                2,20               0              0,00                     100        100        NaN                        
186        500        0          0          220                2,20               0              0,00                     100        100        NaN                        
187        500        0          0          1000               10,00              0              0,00                     100        100        NaN                        
188        500        0          0          1000               10,00              0              0,00                     100        100        NaN                        
189        500        0          0          1000               10,00              0              0,00                     100        100        NaN                        
190        500        0          0          1000               10,00              0              0,00                     100        100        NaN                        
192        500        0          0          1000               10,00              0              0,00                     100        100        NaN                        
193        500        0          0          1000               10,00              0              0,00                     100        100        NaN                        
194        500        0          0          1000               10,00              0              0,00                     100        100        NaN                        
195        500        0          0          1000               10,00              0              0,00                     100        100        NaN                        
200        500        0          0          1000               10,00              0              0,00                     100        100        NaN                        
201        500        0          0          1000               10,00              0              0,00                     100        100        NaN                        
203        500        0          0          1000               10,00              0              0,00                     100        100        NaN                        
204        500        0          0          1000               10,00              0              0,00                     100        100        NaN                        
207        500        0          0          0                  0,00               0              0,00                     100        100        NaN                        
208        500        0          0          0                  0,00               0              0,00                     100        100        NaN                        
209        500        0          0          0                  0,00               0              0,00                     100        100        NaN                        
210        500        0          0          0                  0,00               0              0,00                     100        100        NaN                        
211        500        0          0          1000               10,00              0              0,00                     100        100        NaN                        
212        500        0          0          1000               10,00              0              0,00                     100        100        NaN                        
213        500        0          0          1000               10,00              0              0,00                     100        100        NaN                        
214        500        0          0          1000               10,00              0              0,00                     100        100        NaN                        
215        500        0          0          1000               10,00              0              0,00                     100        100        NaN                        
216        500        0          0          1000               10,00              0              0,00                     100        100        NaN                        
218        500        0          0          1000               10,00              0              0,00                     100        100        NaN                        
220        500        0          0          500                5,00               0              0,00                     100        100        NaN                        
221        500        0          0          500                5,00               0              0,00                     100        100        NaN                        
222        500        0          0          500                5,00               0              0,00                     100        100        NaN                        
223        500        0          0          500                5,00               0              0,00                     100        100        NaN                        
224        500        0          0          500                5,00               0              0,00                     100        100        NaN                        
225        500        0          0          500                5,00               0              0,00                     100        100        NaN                        
226        500        0          0          500                5,00               0              0,00                     100        100        NaN                        
227        500        0          0          500                5,00               0              0,00                     100        100        NaN                        
228        500        0          0          500                5,00               0              0,00                     100        100        NaN                        
229        500        0          0          500                5,00               0              0,00                     100        100        NaN                        
230        500        0          0          500                5,00               0              0,00                     100        100        NaN                        
231        500        0          0          500                5,00               0              0,00                     100        100        NaN                        
232        500        0          0          500                5,00               0              0,00                     100        100        NaN                        
233        500        0          0          500                5,00               0              0,00                     100        100        NaN                        
234        500        0          0          500                5,00               0              0,00                     100        100        NaN                        
235        500        0          0          500                5,00               0              0,00                     100        100        NaN                        
236        500        0          0          500                5,00               0              0,00                     100        100        NaN                        
237        500        0          0          500                5,00               0              0,00                     100        100        NaN                        
238        500        0          0          500                5,00               0              0,00                     100        100        NaN                        
239        500        0          0          500                5,00               0              0,00                     100        100        NaN                        
240        500        0          0          500                5,00               0              0,00                     100        100        NaN                        
241        500        0          0          500                5,00               0              0,00                     100        100        NaN                        
242        500        0          0          500                5,00               0              0,00                     100        100        NaN                        
243        500        0          0          500                5,00               0              0,00                     100        100        NaN                        
244        500        0          0          500                5,00               0              0,00                     100        100        NaN                        
245        500        0          0          500                5,00               0              0,00                     100        100        NaN                        
246        500        0          0          500                5,00               0              0,00                     100        100        NaN                        
247        500        0          0          500                5,00               0              0,00                     100        100        NaN                        
248        500        0          0          500                5,00               0              0,00                     100        100        NaN                        
249        500        0          0          500                5,00               0              0,00                     100        100        NaN                        
250        500        0          0          500                5,00               0              0,00                     100        100        NaN                        
251        500        0          0          500                5,00               0              0,00                     100        100        NaN                        
252        500        0          0          500                5,00               0              0,00                     100        100        NaN                        
253        500        0          0          500                5,00               0              0,00                     100        100        NaN                        
254        500        0          0          500                5,00               0              0,00                     100        100        NaN                        
255        500        0          0          500                5,00               0              0,00                     100        100        NaN                        
256        500        0          0          500                5,00               0              0,00                     100        100        NaN                        
