aggregate data per location for Perturbator = NEGB
Exploration Boolean Negation
NEGB : negation of boolean value.
10 dataset of 10 dimensions, 100 points per datasets -10 <= x  <=10 with 2.5 noise
Random integer generated with 23 as seed
15 perturbations points
IndexLoc   #Success   #Failure   #Exception #CallAllExecs      AvgCallPerExec     #Perturbations AvgPerturbationPerExec   #Execs     #ExecsRef  AvgCallRefPerTask #Tasks     %Success                   
4          0          0          10         10                 1,00               10             1,00                     10         10         1.0               10          0,00                      
7          10         0          0          10                 1,00               10             1,00                     10         10         1.0               10         -------------------- 100,00
8          10         0          0          20                 2,00               10             1,00                     10         10         1.0               10         -------------------- 100,00
9          10         0          0          20                 2,00               10             1,00                     10         10         1.0               10         -------------------- 100,00
13         100        0          10         660                6,00               110            1,00                     110        110        11.0              10         ------------------- 90,91  
22         12         98         0          770                7,00               110            1,00                     110        110        11.0              10         --- 10,91                  
27         10         0          0          20                 2,00               10             1,00                     10         10         1.0               10         -------------------- 100,00
29         0          0          0          0                  NaN                0              NaN                      0          0          0.0               10         NaN                        
37         0          100        10         660                6,00               110            1,00                     110        110        11.0              10          0,00                      
42         1803       8197       100        9650550            955,50             10100          1,00                     10100      10100      1010.0            10         ---- 17,85                 
51         2080       7920       100        9650550            955,50             10100          1,00                     10100      10100      1010.0            10         ----- 20,59                
57         54994      6          10000      398062500          6124,04            65000          1,00                     65000      65000      6500.0            10         ----------------- 84,61    
67         335        115        100        26950              49,00              550            1,00                     550        550        55.0              10         ------------- 60,91        
77         72         928        10         51510              51,00              1010           1,00                     1010       1010       101.0             10         -- 7,13                    
84         9954       46         1000       11500500           1045,50            11000          1,00                     11000      11000      1100.0            10         ------------------- 90,49  
