aggregate data per location for Perturbator = -1
Exploration Minus One
MONE : minus one perturbator
10 dataset of 10 dimensions, 100 points per datasets -10 <= x  <=10 with 2.5 noise
Random integer generated with 23 as seed
75 perturbations points
IndexLoc   #Success   #Failure   #Exception #CallAllExecs      AvgCallPerExec     #Perturbations AvgPerturbationPerExec   #Execs     #ExecsRef  AvgCallRefPerTask #Tasks     %Success                   
0          0          0          0          0                  NaN                0              NaN                      0          0          0.0               10         NaN                        
1          0          0          0          0                  NaN                0              NaN                      0          0          0.0               10         NaN                        
2          10         0          0          10                 1,00               10             1,00                     10         10         1.0               10         -------------------- 100,00
3          0          0          10         10                 1,00               10             1,00                     10         10         1.0               10          0,00                      
5          0          0          10         10                 1,00               10             1,00                     10         10         1.0               10          0,00                      
6          0          0          10         10                 1,00               10             1,00                     10         10         1.0               10          0,00                      
10         3083       0          0          3093               1,00               10             0,00                     3083       3083       308.3             10         -------------------- 100,00
11         100        0          10         1210               11,00              110            1,00                     110        110        11.0              10         ------------------- 90,91  
12         110        0          0          1200               10,91              110            1,00                     110        110        11.0              10         -------------------- 100,00
14         100        0          0          1000               10,00              100            1,00                     100        100        10.0              10         -------------------- 100,00
15         7          83         10         910                9,10               100            1,00                     100        100        10.0              10         -- 7,00                    
16         8          82         10         910                9,10               100            1,00                     100        100        10.0              10         -- 8,00                    
17         1          89         10         910                9,10               100            1,00                     100        100        10.0              10         - 1,00                     
18         1          89         10         910                9,10               100            1,00                     100        100        10.0              10         - 1,00                     
19         10         0          0          20                 2,00               10             1,00                     10         10         1.0               10         -------------------- 100,00
20         110        0          0          1320               12,00              110            1,00                     110        110        11.0              10         -------------------- 100,00
21         102        8          0          1200               10,91              110            1,00                     110        110        11.0              10         ------------------- 92,73  
23         100        0          0          1000               10,00              100            1,00                     100        100        10.0              10         -------------------- 100,00
24         11         89         0          1010               10,10              100            1,00                     100        100        10.0              10         --- 11,00                  
25         19         81         0          1010               10,10              100            1,00                     100        100        10.0              10         ---- 19,00                 
26         100        0          0          1550               15,50              100            1,00                     100        100        10.0              10         -------------------- 100,00
28         0          0          0          0                  NaN                0              NaN                      0          0          0.0               10         NaN                        
30         0          0          10         10                 1,00               10             1,00                     10         10         1.0               10          0,00                      
31         0          0          10         10                 1,00               10             1,00                     10         10         1.0               10          0,00                      
32         0          0          10         10                 1,00               10             1,00                     10         10         1.0               10          0,00                      
33         10         0          0          10                 1,00               10             1,00                     10         10         1.0               10         -------------------- 100,00
34         0          0          10         10                 1,00               10             1,00                     10         10         1.0               10          0,00                      
35         100        0          10         1210               11,00              110            1,00                     110        110        11.0              10         ------------------- 90,91  
36         100        10         0          1200               10,91              110            1,00                     110        110        11.0              10         ------------------- 90,91  
38         100        0          0          1000               10,00              100            1,00                     100        100        10.0              10         -------------------- 100,00
39         0          0          100        550                5,50               100            1,00                     100        100        10.0              10          0,00                      
40         10000      0          100        10155550           1005,50            10100          1,00                     10100      10100      1010.0            10         -------------------- 99,01 
41         10100      0          0          10200900           1009,99            10100          1,00                     10100      10100      1010.0            10         -------------------- 100,00
43         10000      0          0          10000000           1000,00            10000          1,00                     10000      10000      1000.0            10         -------------------- 100,00
44         9711       189        100        9945100            994,51             10000          1,00                     10000      10000      1000.0            10         -------------------- 97,11 
45         9852       48         100        9945100            994,51             10000          1,00                     10000      10000      1000.0            10         -------------------- 98,52 
46         8957       43         1000       9050500            905,05             10000          1,00                     10000      10000      1000.0            10         ------------------ 89,57   
47         0          90         10         910                9,10               100            1,00                     100        100        10.0              10          0,00                      
48         0          0          100        550                5,50               100            1,00                     100        100        10.0              10          0,00                      
49         10000      0          100        10155550           1005,50            10100          1,00                     10100      10100      1010.0            10         -------------------- 99,01 
50         10100      0          0          10200900           1009,99            10100          1,00                     10100      10100      1010.0            10         -------------------- 100,00
52         10000      0          0          10000000           1000,00            10000          1,00                     10000      10000      1000.0            10         -------------------- 100,00
53         9867       33         100        9945100            994,51             10000          1,00                     10000      10000      1000.0            10         -------------------- 98,67 
54         9000       0          1000       9050500            905,05             10000          1,00                     10000      10000      1000.0            10         ------------------ 90,00   
55         55000      0          10000      398282500          6127,42            65000          1,00                     65000      65000      6500.0            10         ----------------- 84,62    
56         65000      0          0          422490000          6499,85            65000          1,00                     65000      65000      6500.0            10         -------------------- 100,00
58         55000      0          0          302500000          5500,00            55000          1,00                     55000      55000      5500.0            10         -------------------- 100,00
59         54000      0          1000       297496000          5409,02            55000          1,00                     55000      55000      5500.0            10         -------------------- 98,18 
60         54450      0          550        300797200          5469,04            55000          1,00                     55000      55000      5500.0            10         -------------------- 99,00 
61         54000      0          1000       297496000          5409,02            55000          1,00                     55000      55000      5500.0            10         -------------------- 98,18 
62         100        0          0          1000               10,00              100            1,00                     100        100        10.0              10         -------------------- 100,00
63         100        0          0          1000               10,00              100            1,00                     100        100        10.0              10         -------------------- 100,00
64         100        0          0          1000               10,00              100            1,00                     100        100        10.0              10         -------------------- 100,00
65         450        0          100        28600              52,00              550            1,00                     550        550        55.0              10         ----------------- 81,82    
66         539        11         0          30160              54,84              550            1,00                     550        550        55.0              10         -------------------- 98,00 
68         450        0          0          20250              45,00              450            1,00                     450        450        45.0              10         -------------------- 100,00
69         278        172        0          20250              45,00              450            1,00                     450        450        45.0              10         ------------- 61,78        
70         272        88         90         16650              37,00              450            1,00                     450        450        45.0              10         ------------- 60,44        
71         292        158        0          20250              45,00              450            1,00                     450        450        45.0              10         ------------- 64,89        
72         0          0          10         10                 1,00               10             1,00                     10         10         1.0               10          0,00                      
73         0          0          10         10                 1,00               10             1,00                     10         10         1.0               10          0,00                      
74         0          0          10         10                 1,00               10             1,00                     10         10         1.0               10          0,00                      
75         1000       0          10         102010             101,00             1010           1,00                     1010       1010       101.0             10         -------------------- 99,01 
76         1010       0          0          102000             100,99             1010           1,00                     1010       1010       101.0             10         -------------------- 100,00
78         1000       0          0          100000             100,00             1000           1,00                     1000       1000       100.0             10         -------------------- 100,00
79         937        53         10         99010              99,01              1000           1,00                     1000       1000       100.0             10         ------------------- 93,70  
80         951        39         10         99010              99,01              1000           1,00                     1000       1000       100.0             10         -------------------- 95,10 
81         0          0          1000       50500              50,50              1000           1,00                     1000       1000       100.0             10          0,00                      
82         10000      0          1000       11555500           1050,50            11000          1,00                     11000      11000      1100.0            10         ------------------- 90,91  
83         11000      0          0          12099000           1099,91            11000          1,00                     11000      11000      1100.0            10         -------------------- 100,00
85         10000      0          0          10000000           1000,00            10000          1,00                     10000      10000      1000.0            10         -------------------- 100,00
86         8988       12         1000       9496000            949,60             10000          1,00                     10000      10000      1000.0            10         ------------------ 89,88   
87         0          0          10000      5005000            500,50             10000          1,00                     10000      10000      1000.0            10          0,00                      
88         8883       117        1000       9496000            949,60             10000          1,00                     10000      10000      1000.0            10         ------------------ 88,83   
89         0          0          10000      5005000            500,50             10000          1,00                     10000      10000      1000.0            10          0,00                      
