aggregate data per location for Perturbator = 1
Exploration Plus One
PONE : plus one perturbator
10 dataset of 10 dimensions, 100 points per datasets -10 <= x  <=10 with 2.5 noise
Random integer generated with 23 as seed
75 perturbations points
IndexLoc   #Success   #Failure   #Exception #CallAllExecs      AvgCallPerExec     #Perturbations AvgPerturbationPerExec   #Execs     #ExecsRef  AvgCallRefPerTask #Tasks     %Success                   
0          0          0          0          0                  NaN                0              NaN                      0          0          0.0               10         NaN                        
1          0          0          0          0                  NaN                0              NaN                      0          0          0.0               10         NaN                        
2          0          0          10         10                 1,00               10             1,00                     10         10         1.0               10          0,00                      
3          10         0          0          10                 1,00               10             1,00                     10         10         1.0               10         -------------------- 100,00
4          0          0          10         10                 1,00               10             1,00                     10         10         1.0               10          0,00                      
5          10         0          0          10                 1,00               10             1,00                     10         10         1.0               10         -------------------- 100,00
6          15840      0          0          3894443            245,86             3147           0,20                     15840      15840      1584.0            10         -------------------- 100,00
7          110        0          0          1200               10,91              110            1,00                     110        110        11.0              10         -------------------- 100,00
8          100        0          10         1210               11,00              110            1,00                     110        110        11.0              10         ------------------- 90,91  
9          100        0          0          1000               10,00              100            1,00                     100        100        10.0              10         -------------------- 100,00
10         7          83         10         1000               10,00              100            1,00                     100        100        10.0              10         -- 7,00                    
11         7          83         10         1000               10,00              100            1,00                     100        100        10.0              10         -- 7,00                    
12         1          89         10         1000               10,00              100            1,00                     100        100        10.0              10         - 1,00                     
13         1          89         10         1000               10,00              100            1,00                     100        100        10.0              10         - 1,00                     
14         2          8          0          10                 1,00               10             1,00                     10         10         1.0               10         ---- 20,00                 
15         102        8          0          1200               10,91              110            1,00                     110        110        11.0              10         ------------------- 92,73  
16         110        0          0          1320               12,00              110            1,00                     110        110        11.0              10         -------------------- 100,00
17         100        0          0          1000               10,00              100            1,00                     100        100        10.0              10         -------------------- 100,00
18         19         81         0          1100               11,00              100            1,00                     100        100        10.0              10         ---- 19,00                 
19         19         81         0          1100               11,00              100            1,00                     100        100        10.0              10         ---- 19,00                 
20         100        0          0          1550               15,50              100            1,00                     100        100        10.0              10         -------------------- 100,00
21         0          0          0          0                  NaN                0              NaN                      0          0          0.0               10         NaN                        
22         0          0          10         10                 1,00               10             1,00                     10         10         1.0               10          0,00                      
23         0          0          10         10                 1,00               10             1,00                     10         10         1.0               10          0,00                      
24         0          0          10         10                 1,00               10             1,00                     10         10         1.0               10          0,00                      
25         0          0          10         10                 1,00               10             1,00                     10         10         1.0               10          0,00                      
26         0          10         0          10                 1,00               10             1,00                     10         10         1.0               10          0,00                      
27         100        10         0          1200               10,91              110            1,00                     110        110        11.0              10         ------------------- 90,91  
28         100        0          10         1210               11,00              110            1,00                     110        110        11.0              10         ------------------- 90,91  
29         100        0          0          1000               10,00              100            1,00                     100        100        10.0              10         -------------------- 100,00
30         99         1          0          1000               10,00              100            1,00                     100        100        10.0              10         -------------------- 99,00 
31         10100      0          0          10200900           1009,99            10100          1,00                     10100      10100      1010.0            10         -------------------- 100,00
32         10000      0          100        10155550           1005,50            10100          1,00                     10100      10100      1010.0            10         -------------------- 99,01 
33         10000      0          0          10000000           1000,00            10000          1,00                     10000      10000      1000.0            10         -------------------- 100,00
34         9854       46         100        9955000            995,50             10000          1,00                     10000      10000      1000.0            10         -------------------- 98,54 
35         9848       52         100        9955000            995,50             10000          1,00                     10000      10000      1000.0            10         -------------------- 98,48 
36         8939       61         1000       9950500            995,05             10000          1,00                     10000      10000      1000.0            10         ------------------ 89,39   
37         0          90         10         1000               10,00              100            1,00                     100        100        10.0              10          0,00                      
38         100        0          0          1000               10,00              100            1,00                     100        100        10.0              10         -------------------- 100,00
39         10100      0          0          10200900           1009,99            10100          1,00                     10100      10100      1010.0            10         -------------------- 100,00
40         10000      0          100        10155550           1005,50            10100          1,00                     10100      10100      1010.0            10         -------------------- 99,01 
41         10000      0          0          10000000           1000,00            10000          1,00                     10000      10000      1000.0            10         -------------------- 100,00
42         9866       34         100        9955000            995,50             10000          1,00                     10000      10000      1000.0            10         -------------------- 98,66 
43         10000      0          0          10000000           1000,00            10000          1,00                     10000      10000      1000.0            10         -------------------- 100,00
44         65000      0          0          422490000          6499,85            65000          1,00                     65000      65000      6500.0            10         -------------------- 100,00
45         55000      0          10000      398282500          6127,42            65000          1,00                     65000      65000      6500.0            10         ----------------- 84,62    
46         55000      0          0          302500000          5500,00            55000          1,00                     55000      55000      5500.0            10         -------------------- 100,00
47         45000      0          10000      283277500          5150,50            55000          1,00                     55000      55000      5500.0            10         ----------------- 81,82    
48         54450      0          550        301178350          5475,97            55000          1,00                     55000      55000      5500.0            10         -------------------- 99,00 
49         45000      0          10000      283277500          5150,50            55000          1,00                     55000      55000      5500.0            10         ----------------- 81,82    
50         92         8          0          1000               10,00              100            1,00                     100        100        10.0              10         ------------------- 92,00  
51         92         8          0          1000               10,00              100            1,00                     100        100        10.0              10         ------------------- 92,00  
52         92         8          0          1000               10,00              100            1,00                     100        100        10.0              10         ------------------- 92,00  
53         539        11         0          30160              54,84              550            1,00                     550        550        55.0              10         -------------------- 98,00 
54         450        0          100        28600              52,00              550            1,00                     550        550        55.0              10         ----------------- 81,82    
55         450        0          0          20250              45,00              450            1,00                     450        450        45.0              10         -------------------- 100,00
56         321        39         90         19050              42,33              450            1,00                     450        450        45.0              10         --------------- 71,33      
57         391        59         0          20250              45,00              450            1,00                     450        450        45.0              10         ------------------ 86,89   
58         290        70         90         19050              42,33              450            1,00                     450        450        45.0              10         ------------- 64,44        
59         0          0          10         10                 1,00               10             1,00                     10         10         1.0               10          0,00                      
60         10         0          0          10                 1,00               10             1,00                     10         10         1.0               10         -------------------- 100,00
61         10         0          0          10                 1,00               10             1,00                     10         10         1.0               10         -------------------- 100,00
62         1010       0          0          102000             100,99             1010           1,00                     1010       1010       101.0             10         -------------------- 100,00
63         1000       0          10         102010             101,00             1010           1,00                     1010       1010       101.0             10         -------------------- 99,01 
64         1000       0          0          100000             100,00             1000           1,00                     1000       1000       100.0             10         -------------------- 100,00
65         938        52         10         100000             100,00             1000           1,00                     1000       1000       100.0             10         ------------------- 93,80  
66         950        40         10         100000             100,00             1000           1,00                     1000       1000       100.0             10         ------------------- 95,00  
67         998        2          0          100000             100,00             1000           1,00                     1000       1000       100.0             10         -------------------- 99,80 
68         11000      0          0          12099000           1099,91            11000          1,00                     11000      11000      1100.0            10         -------------------- 100,00
69         10000      0          1000       11555500           1050,50            11000          1,00                     11000      11000      1100.0            10         ------------------- 90,91  
70         10000      0          0          10000000           1000,00            10000          1,00                     10000      10000      1000.0            10         -------------------- 100,00
71         8981       19         1000       9505000            950,50             10000          1,00                     10000      10000      1000.0            10         ------------------ 89,81   
72         0          0          10000      5005000            500,50             10000          1,00                     10000      10000      1000.0            10          0,00                      
73         8885       115        1000       9505000            950,50             10000          1,00                     10000      10000      1000.0            10         ------------------ 88,85   
74         0          0          10000      5005000            500,50             10000          1,00                     10000      10000      1000.0            10          0,00                      
