detail per task and per Perturbator.
Exploration Boolean Negation
NEGB : negation of boolean value.
5 image of 28x28 pixels
Images are handwritten digit from dataset nist
79 perturbations points
Task Perturbator  IndexLoc   #Success   #Failure   #Exception #Call      #Perturbations %Success                   
0    NEGB         0          0          0          0          0          0              NaN                        
0    NEGB         9          1          6          1          36         8              --- 12,50                  
0    NEGB         12         2          6          0          50         8              ----- 25,00                
0    NEGB         15         0          1          0          2          1               0,00                      
0    NEGB         16         0          7          1          37         8               0,00                      
0    NEGB         42         1          16         0          154        17             -- 5,88                    
0    NEGB         47         114        142        16         69768      272            --------- 41,91            
0    NEGB         58         1561       199        32         3177552    1792           ------------------ 87,11   
0    NEGB         84         1          16         0          154        17             -- 5,88                    
0    NEGB         89         108        164        0          71824      272            -------- 39,71             
0    NEGB         97         1637       155        0          3206144    1792           ------------------- 91,35  
0    NEGB         112        0          15         0          121        15              0,00                      
0    NEGB         117        89         135        14         53193      238            -------- 37,39             
0    NEGB         126        1374       166        28         2432262    1568           ------------------ 87,63   
0    NEGB         152        0          15         0          121        15              0,00                      
0    NEGB         157        76         134        0          42644      210            -------- 36,19             
0    NEGB         204        186        10         0          38416      196            ------------------- 94,90  
0    NEGB         205        80         6          0          7396       86             ------------------- 93,02  
0    NEGB         206        14         9          0          529        23             ------------- 60,87        
0    NEGB         207        0          11         0          121        11              0,00                      
0    NEGB         208        6          17         0          529        23             ------ 26,09               
0    NEGB         209        25         38         0          3969       63             -------- 39,68             
0    NEGB         210        0          24         0          576        24              0,00                      
0    NEGB         211        12         51         0          3969       63             ---- 19,05                 
0    NEGB         212        18         68         0          7396       86             ----- 20,93                
0    NEGB         213        103        7          0          12100      110            ------------------- 93,64  
0    NEGB         214        42         50         0          8464       92             ---------- 45,65           
0    NEGB         215        1          38         0          1521       39             - 2,56                     
0    NEGB         216        20         72         0          8464       92             ----- 21,74                
0    NEGB         217        13         5          0          324        18             --------------- 72,22      
0    NEGB         218        0          13         0          169        13              0,00                      
0    NEGB         219        2          16         0          324        18             --- 11,11                  
0    NEGB         220        22         88         0          12100      110            ---- 20,00                 
0    NEGB         221        40         156        0          38416      196            ----- 20,41                
0    NEGB         223        44         0          0          1936       44             -------------------- 100,00
0    NEGB         230        44         0          0          1936       44             -------------------- 100,00
0    NEGB         240        44         0          0          1936       44             -------------------- 100,00
0    NEGB         248        44         0          0          1936       44             -------------------- 100,00
0    NEGB         258        44         0          0          1936       44             -------------------- 100,00
0    NEGB         270        111        0          0          12195      111            -------------------- 100,00
0    NEGB         275        362        0          0          130603     362            -------------------- 100,00
0    NEGB         284        295        0          0          87035      295            -------------------- 100,00
0    NEGB         287        103        0          0          10608      103            -------------------- 100,00
0    NEGB         288        295        0          0          87051      295            -------------------- 100,00
0    NEGB         292        259        0          0          67246      259            -------------------- 100,00
0    NEGB         293        295        0          0          87367      295            -------------------- 100,00
0    NEGB         297        220        0          0          48918      220            -------------------- 100,00
0    NEGB         298        295        0          0          88187      295            -------------------- 100,00
0    NEGB         303        0          0          1          1          1               0,00                      
0    NEGB         306        0          0          0          0          0              NaN                        
0    NEGB         307        0          0          1          1          1               0,00                      
0    NEGB         318        0          0          0          0          0              NaN                        
0    NEGB         329        0          0          0          0          0              NaN                        
0    NEGB         343        0          0          0          0          0              NaN                        
0    NEGB         351        0          0          0          0          0              NaN                        
0    NEGB         362        10         18         1          435        29             ------- 34,48              
0    NEGB         367        784        0          28         647976     812            -------------------- 96,55 
0    NEGB         372        780        4          0          614656     784            -------------------- 99,49 
0    NEGB         376        743        4          0          557992     747            -------------------- 99,46 
0    NEGB         377        780        4          0          614656     784            -------------------- 99,49 
0    NEGB         388        0          1          0          1          1               0,00                      
0    NEGB         397        0          0          1          1          1               0,00                      
0    NEGB         400        0          0          0          0          0              NaN                        
0    NEGB         401        0          0          1          1          1               0,00                      
0    NEGB         409        157        627        1          308505     785            ---- 20,00                 
0    NEGB         433        0          0          0          0          0              NaN                        
0    NEGB         441        0          0          0          0          0              NaN                        
0    NEGB         450        0          0          0          0          0              NaN                        
0    NEGB         458        0          0          0          0          0              NaN                        
0    NEGB         469        0          0          0          0          0              NaN                        
0    NEGB         478        0          0          0          0          0              NaN                        
0    NEGB         497        0          0          0          0          0              NaN                        
0    NEGB         498        0          0          0          0          0              NaN                        
0    NEGB         501        0          0          0          0          0              NaN                        
0    NEGB         503        0          0          0          0          0              NaN                        
0    NEGB         504        0          0          0          0          0              NaN                        
0    NEGB         508        0          784        1          308505     785             0,00                      
0    NEGB         514        0          784        0          614656     784             0,00                      
0    NEGB         519        0          0          1          1          1               0,00                      
1    NEGB         0          0          0          0          0          0              NaN                        
1    NEGB         9          1          6          1          36         8              --- 12,50                  
1    NEGB         12         2          6          0          50         8              ----- 25,00                
1    NEGB         15         0          1          0          2          1               0,00                      
1    NEGB         16         0          7          1          37         8               0,00                      
1    NEGB         42         1          16         0          154        17             -- 5,88                    
1    NEGB         47         35         221        16         69768      272            --- 12,87                  
1    NEGB         58         1393       367        32         3177552    1792           ---------------- 77,73     
1    NEGB         84         2          15         0          154        17             --- 11,76                  
1    NEGB         89         125        147        0          71824      272            ---------- 45,96           
1    NEGB         97         1528       264        0          3206144    1792           ------------------ 85,27   
1    NEGB         112        0          15         0          121        15              0,00                      
1    NEGB         117        57         167        14         53193      238            ----- 23,95                
1    NEGB         126        1372       168        28         2432262    1568           ------------------ 87,50   
1    NEGB         152        0          15         0          121        15              0,00                      
1    NEGB         157        46         164        0          42644      210            ----- 21,90                
1    NEGB         204        177        19         0          38416      196            ------------------- 90,31  
1    NEGB         205        74         6          0          6400       80             ------------------- 92,50  
1    NEGB         206        16         27         0          1849       43             -------- 37,21             
1    NEGB         207        1          23         0          576        24             - 4,17                     
1    NEGB         208        2          41         0          1849       43             - 4,65                     
1    NEGB         209        20         17         0          1369       37             ----------- 54,05          
1    NEGB         210        3          20         0          529        23             --- 13,04                  
1    NEGB         211        5          32         0          1369       37             --- 13,51                  
1    NEGB         212        7          73         0          6400       80             -- 8,75                    
1    NEGB         213        111        5          0          13456      116            -------------------- 95,69 
1    NEGB         214        53         54         0          11449      107            ---------- 49,53           
1    NEGB         215        9          60         0          4761       69             --- 13,04                  
1    NEGB         216        12         95         0          11449      107            --- 11,21                  
1    NEGB         217        5          4          0          81         9              ------------ 55,56         
1    NEGB         218        0          3          0          9          3               0,00                      
1    NEGB         219        2          7          0          81         9              ----- 22,22                
1    NEGB         220        14         102        0          13456      116            --- 12,07                  
1    NEGB         221        21         175        0          38416      196            --- 10,71                  
1    NEGB         223        49         0          0          2401       49             -------------------- 100,00
1    NEGB         230        49         0          0          2401       49             -------------------- 100,00
1    NEGB         240        49         0          0          2401       49             -------------------- 100,00
1    NEGB         248        49         0          0          2401       49             -------------------- 100,00
1    NEGB         258        49         0          0          2401       49             -------------------- 100,00
1    NEGB         270        117        0          0          13546      117            -------------------- 100,00
1    NEGB         275        379        0          0          143036     379            -------------------- 100,00
1    NEGB         284        311        0          0          96708      311            -------------------- 100,00
1    NEGB         287        107        0          0          11448      107            -------------------- 100,00
1    NEGB         288        311        0          0          96722      311            -------------------- 100,00
1    NEGB         292        273        0          0          74704      273            -------------------- 100,00
1    NEGB         293        311        0          0          97082      311            -------------------- 100,00
1    NEGB         297        224        0          0          50733      224            -------------------- 100,00
1    NEGB         298        311        0          0          97937      311            -------------------- 100,00
1    NEGB         303        0          0          1          1          1               0,00                      
1    NEGB         306        0          0          0          0          0              NaN                        
1    NEGB         307        0          0          1          1          1               0,00                      
1    NEGB         318        0          0          0          0          0              NaN                        
1    NEGB         329        0          0          0          0          0              NaN                        
1    NEGB         343        0          0          0          0          0              NaN                        
1    NEGB         351        0          0          0          0          0              NaN                        
1    NEGB         362        12         16         1          435        29             --------- 41,38            
1    NEGB         367        784        0          28         647976     812            -------------------- 96,55 
1    NEGB         372        778        6          0          614656     784            -------------------- 99,23 
1    NEGB         376        739        6          0          555002     745            -------------------- 99,19 
1    NEGB         377        778        6          0          614656     784            -------------------- 99,23 
1    NEGB         388        0          1          0          1          1               0,00                      
1    NEGB         397        0          0          1          1          1               0,00                      
1    NEGB         400        0          0          0          0          0              NaN                        
1    NEGB         401        0          0          1          1          1               0,00                      
1    NEGB         409        151        633        1          308505     785            ---- 19,24                 
1    NEGB         433        0          0          0          0          0              NaN                        
1    NEGB         441        0          0          0          0          0              NaN                        
1    NEGB         450        0          0          0          0          0              NaN                        
1    NEGB         458        0          0          0          0          0              NaN                        
1    NEGB         469        0          0          0          0          0              NaN                        
1    NEGB         478        0          0          0          0          0              NaN                        
1    NEGB         497        0          0          0          0          0              NaN                        
1    NEGB         498        0          0          0          0          0              NaN                        
1    NEGB         501        0          0          0          0          0              NaN                        
1    NEGB         503        0          0          0          0          0              NaN                        
1    NEGB         504        0          0          0          0          0              NaN                        
1    NEGB         508        0          784        1          308505     785             0,00                      
1    NEGB         514        0          784        0          614656     784             0,00                      
1    NEGB         519        0          0          1          1          1               0,00                      
2    NEGB         0          0          0          0          0          0              NaN                        
2    NEGB         9          1          6          1          36         8              --- 12,50                  
2    NEGB         12         2          6          0          50         8              ----- 25,00                
2    NEGB         15         0          1          0          2          1               0,00                      
2    NEGB         16         0          7          1          37         8               0,00                      
2    NEGB         42         5          12         0          154        17             ------ 29,41               
2    NEGB         47         150        106        16         69768      272            ------------ 55,15         
2    NEGB         58         1620       140        32         3177552    1792           ------------------- 90,40  
2    NEGB         84         4          13         0          154        17             ----- 23,53                
2    NEGB         89         140        132        0          71824      272            ----------- 51,47          
2    NEGB         97         1607       185        0          3206144    1792           ------------------ 89,68   
2    NEGB         112        6          9          0          121        15             -------- 40,00             
2    NEGB         117        158        66         14         53193      238            -------------- 66,39       
2    NEGB         126        1485       55         28         2432262    1568           ------------------- 94,71  
2    NEGB         152        3          12         0          121        15             ---- 20,00                 
2    NEGB         157        115        95         0          42644      210            ----------- 54,76          
2    NEGB         204        194        2          0          38416      196            -------------------- 98,98 
2    NEGB         205        17         1          0          324        18             ------------------- 94,44  
2    NEGB         206        7          9          0          256        16             --------- 43,75            
2    NEGB         207        0          8          0          64         8               0,00                      
2    NEGB         208        1          15         0          256        16             -- 6,25                    
2    NEGB         209        1          1          0          4          2              ---------- 50,00           
2    NEGB         210        0          1          0          1          1               0,00                      
2    NEGB         211        0          2          0          4          2               0,00                      
2    NEGB         212        1          17         0          324        18             -- 5,56                    
2    NEGB         213        169        9          0          31684      178            ------------------- 94,94  
2    NEGB         214        107        67         0          30276      174            ------------- 61,49        
2    NEGB         215        19         69         0          7744       88             ----- 21,59                
2    NEGB         216        63         111        0          30276      174            -------- 36,21             
2    NEGB         217        3          1          0          16         4              --------------- 75,00      
2    NEGB         218        0          1          0          1          1               0,00                      
2    NEGB         219        1          3          0          16         4              ----- 25,00                
2    NEGB         220        64         114        0          31684      178            -------- 35,96             
2    NEGB         221        65         131        0          38416      196            ------- 33,16              
2    NEGB         223        32         0          0          1024       32             -------------------- 100,00
2    NEGB         230        32         0          0          1024       32             -------------------- 100,00
2    NEGB         240        32         0          0          1024       32             -------------------- 100,00
2    NEGB         248        32         0          0          1024       32             -------------------- 100,00
2    NEGB         258        32         0          0          1024       32             -------------------- 100,00
2    NEGB         270        67         0          0          4425       67             -------------------- 100,00
2    NEGB         275        220        0          0          48273      220            -------------------- 100,00
2    NEGB         284        185        0          0          34252      185            -------------------- 100,00
2    NEGB         287        62         0          0          3844       62             -------------------- 100,00
2    NEGB         288        185        0          0          34262      185            -------------------- 100,00
2    NEGB         292        161        0          0          26056      161            -------------------- 100,00
2    NEGB         293        185        0          0          34482      185            -------------------- 100,00
2    NEGB         297        139        0          0          19752      139            -------------------- 100,00
2    NEGB         298        185        0          0          35058      185            -------------------- 100,00
2    NEGB         303        0          0          1          1          1               0,00                      
2    NEGB         306        0          0          0          0          0              NaN                        
2    NEGB         307        0          0          1          1          1               0,00                      
2    NEGB         318        0          0          0          0          0              NaN                        
2    NEGB         329        0          0          0          0          0              NaN                        
2    NEGB         343        0          0          0          0          0              NaN                        
2    NEGB         351        0          0          0          0          0              NaN                        
2    NEGB         362        12         16         1          435        29             --------- 41,38            
2    NEGB         367        784        0          28         647976     812            -------------------- 96,55 
2    NEGB         372        780        4          0          614656     784            -------------------- 99,49 
2    NEGB         376        753        4          0          573038     757            -------------------- 99,47 
2    NEGB         377        780        4          0          614656     784            -------------------- 99,49 
2    NEGB         388        0          1          0          1          1               0,00                      
2    NEGB         397        0          0          1          1          1               0,00                      
2    NEGB         400        0          0          0          0          0              NaN                        
2    NEGB         401        0          0          1          1          1               0,00                      
2    NEGB         409        156        628        1          308505     785            ---- 19,87                 
2    NEGB         433        0          0          0          0          0              NaN                        
2    NEGB         441        0          0          0          0          0              NaN                        
2    NEGB         450        0          0          0          0          0              NaN                        
2    NEGB         458        0          0          0          0          0              NaN                        
2    NEGB         469        0          0          0          0          0              NaN                        
2    NEGB         478        0          0          0          0          0              NaN                        
2    NEGB         497        0          0          0          0          0              NaN                        
2    NEGB         498        0          0          0          0          0              NaN                        
2    NEGB         501        0          0          0          0          0              NaN                        
2    NEGB         503        0          0          0          0          0              NaN                        
2    NEGB         504        0          0          0          0          0              NaN                        
2    NEGB         508        0          784        1          308505     785             0,00                      
2    NEGB         514        0          784        0          614656     784             0,00                      
2    NEGB         519        0          0          1          1          1               0,00                      
3    NEGB         0          0          0          0          0          0              NaN                        
3    NEGB         9          1          6          1          36         8              --- 12,50                  
3    NEGB         12         2          6          0          50         8              ----- 25,00                
3    NEGB         15         0          1          0          2          1               0,00                      
3    NEGB         16         0          7          1          37         8               0,00                      
3    NEGB         42         1          16         0          154        17             -- 5,88                    
3    NEGB         47         23         233        16         69768      272            -- 8,46                    
3    NEGB         58         1460       300        32         3177552    1792           ----------------- 81,47    
3    NEGB         84         1          16         0          154        17             -- 5,88                    
3    NEGB         89         95         177        0          71824      272            ------- 34,93              
3    NEGB         97         1563       229        0          3206144    1792           ------------------ 87,22   
3    NEGB         112        0          15         0          121        15              0,00                      
3    NEGB         117        67         157        14         53193      238            ------ 28,15               
3    NEGB         126        1361       179        28         2432262    1568           ------------------ 86,80   
3    NEGB         152        0          15         0          121        15              0,00                      
3    NEGB         157        58         152        0          42644      210            ------ 27,62               
3    NEGB         204        184        12         0          38416      196            ------------------- 93,88  
3    NEGB         205        66         6          0          5184       72             ------------------- 91,67  
3    NEGB         206        18         25         0          1849       43             --------- 41,86            
3    NEGB         207        0          22         0          484        22              0,00                      
3    NEGB         208        2          41         0          1849       43             - 4,65                     
3    NEGB         209        17         12         0          841        29             ------------ 58,62         
3    NEGB         210        0          10         0          100        10              0,00                      
3    NEGB         211        5          24         0          841        29             ---- 17,24                 
3    NEGB         212        7          65         0          5184       72             -- 9,72                    
3    NEGB         213        118        6          0          15376      124            -------------------- 95,16 
3    NEGB         214        31         39         0          4900       70             --------- 44,29            
3    NEGB         215        0          39         0          1521       39              0,00                      
3    NEGB         216        3          67         0          4900       70             - 4,29                     
3    NEGB         217        22         32         0          2916       54             --------- 40,74            
3    NEGB         218        0          25         0          625        25              0,00                      
3    NEGB         219        1          53         0          2916       54             - 1,85                     
3    NEGB         220        4          120        0          15376      124            - 3,23                     
3    NEGB         221        11         185        0          38416      196            -- 5,61                    
3    NEGB         223        48         0          0          2304       48             -------------------- 100,00
3    NEGB         230        48         0          0          2304       48             -------------------- 100,00
3    NEGB         240        48         0          0          2304       48             -------------------- 100,00
3    NEGB         248        48         0          0          2304       48             -------------------- 100,00
3    NEGB         258        48         0          0          2304       48             -------------------- 100,00
3    NEGB         270        108        0          0          11576      108            -------------------- 100,00
3    NEGB         275        339        0          0          114931     339            -------------------- 100,00
3    NEGB         284        279        0          0          77946      279            -------------------- 100,00
3    NEGB         287        92         0          0          8471       92             -------------------- 100,00
3    NEGB         288        279        0          0          78038      279            -------------------- 100,00
3    NEGB         292        248        0          0          61946      248            -------------------- 100,00
3    NEGB         293        279        0          0          78521      279            -------------------- 100,00
3    NEGB         297        200        0          0          40724      200            -------------------- 100,00
3    NEGB         298        279        0          0          79488      279            -------------------- 100,00
3    NEGB         303        0          0          1          1          1               0,00                      
3    NEGB         306        0          0          0          0          0              NaN                        
3    NEGB         307        0          0          1          1          1               0,00                      
3    NEGB         318        0          0          0          0          0              NaN                        
3    NEGB         329        0          0          0          0          0              NaN                        
3    NEGB         343        0          0          0          0          0              NaN                        
3    NEGB         351        0          0          0          0          0              NaN                        
3    NEGB         362        8          20         1          435        29             ------ 27,59               
3    NEGB         367        784        0          28         647976     812            -------------------- 96,55 
3    NEGB         372        782        2          0          614656     784            -------------------- 99,74 
3    NEGB         376        741        2          0          552033     743            -------------------- 99,73 
3    NEGB         377        782        2          0          614656     784            -------------------- 99,74 
3    NEGB         388        0          1          0          1          1               0,00                      
3    NEGB         397        0          0          1          1          1               0,00                      
3    NEGB         400        0          0          0          0          0              NaN                        
3    NEGB         401        0          0          1          1          1               0,00                      
3    NEGB         409        175        609        1          308505     785            ----- 22,29                
3    NEGB         433        0          0          0          0          0              NaN                        
3    NEGB         441        0          0          0          0          0              NaN                        
3    NEGB         450        0          0          0          0          0              NaN                        
3    NEGB         458        0          0          0          0          0              NaN                        
3    NEGB         469        0          0          0          0          0              NaN                        
3    NEGB         478        0          0          0          0          0              NaN                        
3    NEGB         497        0          0          0          0          0              NaN                        
3    NEGB         498        0          0          0          0          0              NaN                        
3    NEGB         501        0          0          0          0          0              NaN                        
3    NEGB         503        0          0          0          0          0              NaN                        
3    NEGB         504        0          0          0          0          0              NaN                        
3    NEGB         508        0          784        1          308505     785             0,00                      
3    NEGB         514        0          784        0          614656     784             0,00                      
3    NEGB         519        0          0          1          1          1               0,00                      
4    NEGB         0          0          0          0          0          0              NaN                        
4    NEGB         9          1          6          1          36         8              --- 12,50                  
4    NEGB         12         2          6          0          50         8              ----- 25,00                
4    NEGB         15         0          1          0          2          1               0,00                      
4    NEGB         16         0          7          1          37         8               0,00                      
4    NEGB         42         1          16         0          154        17             -- 5,88                    
4    NEGB         47         52         204        16         69768      272            ---- 19,12                 
4    NEGB         58         1452       308        32         3177552    1792           ----------------- 81,03    
4    NEGB         84         1          16         0          154        17             -- 5,88                    
4    NEGB         89         106        166        0          71824      272            -------- 38,97             
4    NEGB         97         1561       231        0          3206144    1792           ------------------ 87,11   
4    NEGB         112        0          15         0          121        15              0,00                      
4    NEGB         117        65         159        14         53193      238            ------ 27,31               
4    NEGB         126        1380       160        28         2432262    1568           ------------------ 88,01   
4    NEGB         152        0          15         0          121        15              0,00                      
4    NEGB         157        48         162        0          42644      210            ----- 22,86                
4    NEGB         204        184        12         0          38416      196            ------------------- 93,88  
4    NEGB         205        76         4          0          6400       80             ------------------- 95,00  
4    NEGB         206        17         23         0          1600       40             --------- 42,50            
4    NEGB         207        0          20         0          400        20              0,00                      
4    NEGB         208        3          37         0          1600       40             -- 7,50                    
4    NEGB         209        16         24         0          1600       40             -------- 40,00             
4    NEGB         210        0          22         0          484        22              0,00                      
4    NEGB         211        4          36         0          1600       40             -- 10,00                   
4    NEGB         212        7          73         0          6400       80             -- 8,75                    
4    NEGB         213        104        12         0          13456      116            ------------------ 89,66   
4    NEGB         214        31         56         0          7569       87             -------- 35,63             
4    NEGB         215        1          53         0          2916       54             - 1,85                     
4    NEGB         216        6          81         0          7569       87             -- 6,90                    
4    NEGB         217        17         12         0          841        29             ------------ 58,62         
4    NEGB         218        0          14         0          196        14              0,00                      
4    NEGB         219        5          24         0          841        29             ---- 17,24                 
4    NEGB         220        11         105        0          13456      116            -- 9,48                    
4    NEGB         221        18         178        0          38416      196            -- 9,18                    
4    NEGB         223        54         0          0          2916       54             -------------------- 100,00
4    NEGB         230        54         0          0          2916       54             -------------------- 100,00
4    NEGB         240        54         0          0          2916       54             -------------------- 100,00
4    NEGB         248        54         0          0          2916       54             -------------------- 100,00
4    NEGB         258        54         0          0          2916       54             -------------------- 100,00
4    NEGB         270        138        0          0          18606      138            -------------------- 100,00
4    NEGB         275        442        0          0          194142     442            -------------------- 100,00
4    NEGB         284        358        0          0          128086     358            -------------------- 100,00
4    NEGB         287        121        0          0          14636      121            -------------------- 100,00
4    NEGB         288        358        0          0          128029     358            -------------------- 100,00
4    NEGB         292        313        0          0          97982      313            -------------------- 100,00
4    NEGB         293        358        0          0          128376     358            -------------------- 100,00
4    NEGB         297        256        0          0          65931      256            -------------------- 100,00
4    NEGB         298        358        0          0          128993     358            -------------------- 100,00
4    NEGB         303        0          0          1          1          1               0,00                      
4    NEGB         306        0          0          0          0          0              NaN                        
4    NEGB         307        0          0          1          1          1               0,00                      
4    NEGB         318        0          0          0          0          0              NaN                        
4    NEGB         329        0          0          0          0          0              NaN                        
4    NEGB         343        0          0          0          0          0              NaN                        
4    NEGB         351        0          0          0          0          0              NaN                        
4    NEGB         362        10         18         1          435        29             ------- 34,48              
4    NEGB         367        784        0          28         647976     812            -------------------- 96,55 
4    NEGB         372        780        4          0          614656     784            -------------------- 99,49 
4    NEGB         376        734        4          0          544636     738            -------------------- 99,46 
4    NEGB         377        780        4          0          614656     784            -------------------- 99,49 
4    NEGB         388        0          1          0          1          1               0,00                      
4    NEGB         397        0          0          1          1          1               0,00                      
4    NEGB         400        0          0          0          0          0              NaN                        
4    NEGB         401        0          0          1          1          1               0,00                      
4    NEGB         409        150        634        1          308505     785            ---- 19,11                 
4    NEGB         433        0          0          0          0          0              NaN                        
4    NEGB         441        0          0          0          0          0              NaN                        
4    NEGB         450        0          0          0          0          0              NaN                        
4    NEGB         458        0          0          0          0          0              NaN                        
4    NEGB         469        0          0          0          0          0              NaN                        
4    NEGB         478        0          0          0          0          0              NaN                        
4    NEGB         497        0          0          0          0          0              NaN                        
4    NEGB         498        0          0          0          0          0              NaN                        
4    NEGB         501        0          0          0          0          0              NaN                        
4    NEGB         503        0          0          0          0          0              NaN                        
4    NEGB         504        0          0          0          0          0              NaN                        
4    NEGB         508        0          784        1          308505     785             0,00                      
4    NEGB         514        0          784        0          614656     784             0,00                      
4    NEGB         519        0          0          1          1          1               0,00                      
