Number of Execution of the reference run per location and per task 
With the aggregation by task for each location, and the total of the execution ref
IndexLoc   IndexTask  #ExecRef  
1          0          22        
1          1          22        
1          2          22        
1          3          22        
1          4          22        
1          TotalExcRef 110       
2          0          0         
2          1          0         
2          2          0         
2          3          0         
2          4          0         
2          TotalExcRef 0         
3          0          784       
3          1          784       
3          2          784       
3          3          784       
3          4          784       
3          TotalExcRef 3920      
4          0          1         
4          1          1         
4          2          1         
4          3          1         
4          4          1         
4          TotalExcRef 5         
5          0          1         
5          1          1         
5          2          1         
5          3          1         
5          4          1         
5          TotalExcRef 5         
6          0          1         
6          1          1         
6          2          1         
6          3          1         
6          4          1         
6          TotalExcRef 5         
7          0          8         
7          1          8         
7          2          8         
7          3          8         
7          4          8         
7          TotalExcRef 40        
8          0          8         
8          1          8         
8          2          8         
8          3          8         
8          4          8         
8          TotalExcRef 40        
10         0          7         
10         1          7         
10         2          7         
10         3          7         
10         4          7         
10         TotalExcRef 35        
11         0          8         
11         1          8         
11         2          8         
11         3          8         
11         4          8         
11         TotalExcRef 40        
13         0          1         
13         1          1         
13         2          1         
13         3          1         
13         4          1         
13         TotalExcRef 5         
14         0          1         
14         1          1         
14         2          1         
14         3          1         
14         4          1         
14         TotalExcRef 5         
17         0          7         
17         1          7         
17         2          7         
17         3          7         
17         4          7         
17         TotalExcRef 35        
18         0          7         
18         1          7         
18         2          7         
18         3          7         
18         4          7         
18         TotalExcRef 35        
19         0          1         
19         1          1         
19         2          1         
19         3          1         
19         4          1         
19         TotalExcRef 5         
20         0          1         
20         1          1         
20         2          1         
20         3          1         
20         4          1         
20         TotalExcRef 5         
21         0          1         
21         1          1         
21         2          1         
21         3          1         
21         4          1         
21         TotalExcRef 5         
22         0          1         
22         1          1         
22         2          1         
22         3          1         
22         4          1         
22         TotalExcRef 5         
23         0          1         
23         1          1         
23         2          1         
23         3          1         
23         4          1         
23         TotalExcRef 5         
24         0          1         
24         1          1         
24         2          1         
24         3          1         
24         4          1         
24         TotalExcRef 5         
25         0          1         
25         1          1         
25         2          1         
25         3          1         
25         4          1         
25         TotalExcRef 5         
26         0          1         
26         1          1         
26         2          1         
26         3          1         
26         4          1         
26         TotalExcRef 5         
27         0          1         
27         1          1         
27         2          1         
27         3          1         
27         4          1         
27         TotalExcRef 5         
28         0          1         
28         1          1         
28         2          1         
28         3          1         
28         4          1         
28         TotalExcRef 5         
29         0          1         
29         1          1         
29         2          1         
29         3          1         
29         4          1         
29         TotalExcRef 5         
30         0          1         
30         1          1         
30         2          1         
30         3          1         
30         4          1         
30         TotalExcRef 5         
31         0          1         
31         1          1         
31         2          1         
31         3          1         
31         4          1         
31         TotalExcRef 5         
32         0          1         
32         1          1         
32         2          1         
32         3          1         
32         4          1         
32         TotalExcRef 5         
33         0          1         
33         1          1         
33         2          1         
33         3          1         
33         4          1         
33         TotalExcRef 5         
34         0          1         
34         1          1         
34         2          1         
34         3          1         
34         4          1         
34         TotalExcRef 5         
35         0          1         
35         1          1         
35         2          1         
35         3          1         
35         4          1         
35         TotalExcRef 5         
36         0          1         
36         1          1         
36         2          1         
36         3          1         
36         4          1         
36         TotalExcRef 5         
37         0          1         
37         1          1         
37         2          1         
37         3          1         
37         4          1         
37         TotalExcRef 5         
38         0          1         
38         1          1         
38         2          1         
38         3          1         
38         4          1         
38         TotalExcRef 5         
39         0          1         
39         1          1         
39         2          1         
39         3          1         
39         4          1         
39         TotalExcRef 5         
40         0          17        
40         1          17        
40         2          17        
40         3          17        
40         4          17        
40         TotalExcRef 85        
41         0          17        
41         1          17        
41         2          17        
41         3          17        
41         4          17        
41         TotalExcRef 85        
43         0          16        
43         1          16        
43         2          16        
43         3          16        
43         4          16        
43         TotalExcRef 80        
44         0          16        
44         1          16        
44         2          16        
44         3          16        
44         4          16        
44         TotalExcRef 80        
45         0          272       
45         1          272       
45         2          272       
45         3          272       
45         4          272       
45         TotalExcRef 1360      
46         0          272       
46         1          272       
46         2          272       
46         3          272       
46         4          272       
46         TotalExcRef 1360      
48         0          256       
48         1          256       
48         2          256       
48         3          256       
48         4          256       
48         TotalExcRef 1280      
49         0          256       
49         1          256       
49         2          256       
49         3          256       
49         4          256       
49         TotalExcRef 1280      
50         0          256       
50         1          256       
50         2          256       
50         3          256       
50         4          256       
50         TotalExcRef 1280      
51         0          256       
51         1          256       
51         2          256       
51         3          256       
51         4          256       
51         TotalExcRef 1280      
52         0          256       
52         1          256       
52         2          256       
52         3          256       
52         4          256       
52         TotalExcRef 1280      
53         0          256       
53         1          256       
53         2          256       
53         3          256       
53         4          256       
53         TotalExcRef 1280      
54         0          256       
54         1          256       
54         2          256       
54         3          256       
54         4          256       
54         TotalExcRef 1280      
55         0          256       
55         1          256       
55         2          256       
55         3          256       
55         4          256       
55         TotalExcRef 1280      
56         0          1792      
56         1          1792      
56         2          1792      
56         3          1792      
56         4          1792      
56         TotalExcRef 8960      
57         0          1792      
57         1          1792      
57         2          1792      
57         3          1792      
57         4          1792      
57         TotalExcRef 8960      
59         0          1536      
59         1          1536      
59         2          1536      
59         3          1536      
59         4          1536      
59         TotalExcRef 7680      
60         0          1536      
60         1          1536      
60         2          1536      
60         3          1536      
60         4          1536      
60         TotalExcRef 7680      
61         0          1536      
61         1          1536      
61         2          1536      
61         3          1536      
61         4          1536      
61         TotalExcRef 7680      
62         0          1536      
62         1          1536      
62         2          1536      
62         3          1536      
62         4          1536      
62         TotalExcRef 7680      
63         0          1536      
63         1          1536      
63         2          1536      
63         3          1536      
63         4          1536      
63         TotalExcRef 7680      
64         0          1536      
64         1          1536      
64         2          1536      
64         3          1536      
64         4          1536      
64         TotalExcRef 7680      
65         0          1536      
65         1          1536      
65         2          1536      
65         3          1536      
65         4          1536      
65         TotalExcRef 7680      
66         0          1536      
66         1          1536      
66         2          1536      
66         3          1536      
66         4          1536      
66         TotalExcRef 7680      
67         0          1536      
67         1          1536      
67         2          1536      
67         3          1536      
67         4          1536      
67         TotalExcRef 7680      
68         0          1536      
68         1          1536      
68         2          1536      
68         3          1536      
68         4          1536      
68         TotalExcRef 7680      
69         0          1536      
69         1          1536      
69         2          1536      
69         3          1536      
69         4          1536      
69         TotalExcRef 7680      
70         0          1536      
70         1          1536      
70         2          1536      
70         3          1536      
70         4          1536      
70         TotalExcRef 7680      
71         0          1536      
71         1          1536      
71         2          1536      
71         3          1536      
71         4          1536      
71         TotalExcRef 7680      
72         0          1536      
72         1          1536      
72         2          1536      
72         3          1536      
72         4          1536      
72         TotalExcRef 7680      
73         0          1536      
73         1          1536      
73         2          1536      
73         3          1536      
73         4          1536      
73         TotalExcRef 7680      
74         0          1536      
74         1          1536      
74         2          1536      
74         3          1536      
74         4          1536      
74         TotalExcRef 7680      
75         0          1536      
75         1          1536      
75         2          1536      
75         3          1536      
75         4          1536      
75         TotalExcRef 7680      
76         0          1536      
76         1          1536      
76         2          1536      
76         3          1536      
76         4          1536      
76         TotalExcRef 7680      
77         0          1536      
77         1          1536      
77         2          1536      
77         3          1536      
77         4          1536      
77         TotalExcRef 7680      
78         0          1536      
78         1          1536      
78         2          1536      
78         3          1536      
78         4          1536      
78         TotalExcRef 7680      
79         0          256       
79         1          256       
79         2          256       
79         3          256       
79         4          256       
79         TotalExcRef 1280      
80         0          256       
80         1          256       
80         2          256       
80         3          256       
80         4          256       
80         TotalExcRef 1280      
81         0          1         
81         1          1         
81         2          1         
81         3          1         
81         4          1         
81         TotalExcRef 5         
82         0          17        
82         1          17        
82         2          17        
82         3          17        
82         4          17        
82         TotalExcRef 85        
83         0          17        
83         1          17        
83         2          17        
83         3          17        
83         4          17        
83         TotalExcRef 85        
85         0          16        
85         1          16        
85         2          16        
85         3          16        
85         4          16        
85         TotalExcRef 80        
86         0          16        
86         1          16        
86         2          16        
86         3          16        
86         4          16        
86         TotalExcRef 80        
87         0          272       
87         1          272       
87         2          272       
87         3          272       
87         4          272       
87         TotalExcRef 1360      
88         0          272       
88         1          272       
88         2          272       
88         3          272       
88         4          272       
88         TotalExcRef 1360      
90         0          256       
90         1          256       
90         2          256       
90         3          256       
90         4          256       
90         TotalExcRef 1280      
91         0          256       
91         1          256       
91         2          256       
91         3          256       
91         4          256       
91         TotalExcRef 1280      
92         0          256       
92         1          256       
92         2          256       
92         3          256       
92         4          256       
92         TotalExcRef 1280      
93         0          256       
93         1          256       
93         2          256       
93         3          256       
93         4          256       
93         TotalExcRef 1280      
94         0          256       
94         1          256       
94         2          256       
94         3          256       
94         4          256       
94         TotalExcRef 1280      
95         0          1792      
95         1          1792      
95         2          1792      
95         3          1792      
95         4          1792      
95         TotalExcRef 8960      
96         0          1792      
96         1          1792      
96         2          1792      
96         3          1792      
96         4          1792      
96         TotalExcRef 8960      
98         0          1536      
98         1          1536      
98         2          1536      
98         3          1536      
98         4          1536      
98         TotalExcRef 7680      
99         0          1536      
99         1          1536      
99         2          1536      
99         3          1536      
99         4          1536      
99         TotalExcRef 7680      
100        0          1536      
100        1          1536      
100        2          1536      
100        3          1536      
100        4          1536      
100        TotalExcRef 7680      
101        0          1536      
101        1          1536      
101        2          1536      
101        3          1536      
101        4          1536      
101        TotalExcRef 7680      
102        0          1536      
102        1          1536      
102        2          1536      
102        3          1536      
102        4          1536      
102        TotalExcRef 7680      
103        0          1536      
103        1          1536      
103        2          1536      
103        3          1536      
103        4          1536      
103        TotalExcRef 7680      
104        0          1536      
104        1          1536      
104        2          1536      
104        3          1536      
104        4          1536      
104        TotalExcRef 7680      
105        0          1536      
105        1          1536      
105        2          1536      
105        3          1536      
105        4          1536      
105        TotalExcRef 7680      
106        0          256       
106        1          256       
106        2          256       
106        3          256       
106        4          256       
106        TotalExcRef 1280      
107        0          1         
107        1          1         
107        2          1         
107        3          1         
107        4          1         
107        TotalExcRef 5         
108        0          15        
108        1          15        
108        2          15        
108        3          15        
108        4          15        
108        TotalExcRef 75        
109        0          15        
109        1          15        
109        2          15        
109        3          15        
109        4          15        
109        TotalExcRef 75        
110        0          15        
110        1          15        
110        2          15        
110        3          15        
110        4          15        
110        TotalExcRef 75        
111        0          15        
111        1          15        
111        2          15        
111        3          15        
111        4          15        
111        TotalExcRef 75        
113        0          14        
113        1          14        
113        2          14        
113        3          14        
113        4          14        
113        TotalExcRef 70        
114        0          14        
114        1          14        
114        2          14        
114        3          14        
114        4          14        
114        TotalExcRef 70        
115        0          238       
115        1          238       
115        2          238       
115        3          238       
115        4          238       
115        TotalExcRef 1190      
116        0          238       
116        1          238       
116        2          238       
116        3          238       
116        4          238       
116        TotalExcRef 1190      
118        0          224       
118        1          224       
118        2          224       
118        3          224       
118        4          224       
118        TotalExcRef 1120      
119        0          224       
119        1          224       
119        2          224       
119        3          224       
119        4          224       
119        TotalExcRef 1120      
120        0          224       
120        1          224       
120        2          224       
120        3          224       
120        4          224       
120        TotalExcRef 1120      
121        0          224       
121        1          224       
121        2          224       
121        3          224       
121        4          224       
121        TotalExcRef 1120      
122        0          224       
122        1          224       
122        2          224       
122        3          224       
122        4          224       
122        TotalExcRef 1120      
123        0          224       
123        1          224       
123        2          224       
123        3          224       
123        4          224       
123        TotalExcRef 1120      
124        0          1568      
124        1          1568      
124        2          1568      
124        3          1568      
124        4          1568      
124        TotalExcRef 7840      
125        0          1568      
125        1          1568      
125        2          1568      
125        3          1568      
125        4          1568      
125        TotalExcRef 7840      
127        0          1344      
127        1          1344      
127        2          1344      
127        3          1344      
127        4          1344      
127        TotalExcRef 6720      
128        0          1344      
128        1          1344      
128        2          1344      
128        3          1344      
128        4          1344      
128        TotalExcRef 6720      
129        0          1344      
129        1          1344      
129        2          1344      
129        3          1344      
129        4          1344      
129        TotalExcRef 6720      
130        0          1344      
130        1          1344      
130        2          1344      
130        3          1344      
130        4          1344      
130        TotalExcRef 6720      
131        0          1344      
131        1          1344      
131        2          1344      
131        3          1344      
131        4          1344      
131        TotalExcRef 6720      
132        0          1344      
132        1          1344      
132        2          1344      
132        3          1344      
132        4          1344      
132        TotalExcRef 6720      
133        0          1344      
133        1          1344      
133        2          1344      
133        3          1344      
133        4          1344      
133        TotalExcRef 6720      
134        0          1344      
134        1          1344      
134        2          1344      
134        3          1344      
134        4          1344      
134        TotalExcRef 6720      
135        0          1344      
135        1          1344      
135        2          1344      
135        3          1344      
135        4          1344      
135        TotalExcRef 6720      
136        0          224       
136        1          224       
136        2          224       
136        3          224       
136        4          224       
136        TotalExcRef 1120      
137        0          1         
137        1          1         
137        2          1         
137        3          1         
137        4          1         
137        TotalExcRef 5         
138        0          1         
138        1          1         
138        2          1         
138        3          1         
138        4          1         
138        TotalExcRef 5         
139        0          1         
139        1          1         
139        2          1         
139        3          1         
139        4          1         
139        TotalExcRef 5         
140        0          1         
140        1          1         
140        2          1         
140        3          1         
140        4          1         
140        TotalExcRef 5         
141        0          1         
141        1          1         
141        2          1         
141        3          1         
141        4          1         
141        TotalExcRef 5         
142        0          1         
142        1          1         
142        2          1         
142        3          1         
142        4          1         
142        TotalExcRef 5         
143        0          1         
143        1          1         
143        2          1         
143        3          1         
143        4          1         
143        TotalExcRef 5         
144        0          1         
144        1          1         
144        2          1         
144        3          1         
144        4          1         
144        TotalExcRef 5         
145        0          1         
145        1          1         
145        2          1         
145        3          1         
145        4          1         
145        TotalExcRef 5         
146        0          1         
146        1          1         
146        2          1         
146        3          1         
146        4          1         
146        TotalExcRef 5         
147        0          1         
147        1          1         
147        2          1         
147        3          1         
147        4          1         
147        TotalExcRef 5         
148        0          1         
148        1          1         
148        2          1         
148        3          1         
148        4          1         
148        TotalExcRef 5         
149        0          1         
149        1          1         
149        2          1         
149        3          1         
149        4          1         
149        TotalExcRef 5         
150        0          15        
150        1          15        
150        2          15        
150        3          15        
150        4          15        
150        TotalExcRef 75        
151        0          15        
151        1          15        
151        2          15        
151        3          15        
151        4          15        
151        TotalExcRef 75        
153        0          14        
153        1          14        
153        2          14        
153        3          14        
153        4          14        
153        TotalExcRef 70        
154        0          14        
154        1          14        
154        2          14        
154        3          14        
154        4          14        
154        TotalExcRef 70        
155        0          210       
155        1          210       
155        2          210       
155        3          210       
155        4          210       
155        TotalExcRef 1050      
156        0          210       
156        1          210       
156        2          210       
156        3          210       
156        4          210       
156        TotalExcRef 1050      
158        0          196       
158        1          196       
158        2          196       
158        3          196       
158        4          196       
158        TotalExcRef 980       
159        0          196       
159        1          196       
159        2          196       
159        3          196       
159        4          196       
159        TotalExcRef 980       
160        0          196       
160        1          196       
160        2          196       
160        3          196       
160        4          196       
160        TotalExcRef 980       
161        0          196       
161        1          196       
161        2          196       
161        3          196       
161        4          196       
161        TotalExcRef 980       
162        0          196       
162        1          196       
162        2          196       
162        3          196       
162        4          196       
162        TotalExcRef 980       
163        0          196       
163        1          196       
163        2          196       
163        3          196       
163        4          196       
163        TotalExcRef 980       
164        0          196       
164        1          196       
164        2          196       
164        3          196       
164        4          196       
164        TotalExcRef 980       
165        0          196       
165        1          196       
165        2          196       
165        3          196       
165        4          196       
165        TotalExcRef 980       
166        0          196       
166        1          196       
166        2          196       
166        3          196       
166        4          196       
166        TotalExcRef 980       
167        0          196       
167        1          196       
167        2          196       
167        3          196       
167        4          196       
167        TotalExcRef 980       
168        0          196       
168        1          196       
168        2          196       
168        3          196       
168        4          196       
168        TotalExcRef 980       
169        0          196       
169        1          196       
169        2          196       
169        3          196       
169        4          196       
169        TotalExcRef 980       
170        0          196       
170        1          196       
170        2          196       
170        3          196       
170        4          196       
170        TotalExcRef 980       
171        0          196       
171        1          196       
171        2          196       
171        3          196       
171        4          196       
171        TotalExcRef 980       
172        0          196       
172        1          196       
172        2          196       
172        3          196       
172        4          196       
172        TotalExcRef 980       
173        0          196       
173        1          196       
173        2          196       
173        3          196       
173        4          196       
173        TotalExcRef 980       
174        0          196       
174        1          196       
174        2          196       
174        3          196       
174        4          196       
174        TotalExcRef 980       
175        0          196       
175        1          196       
175        2          196       
175        3          196       
175        4          196       
175        TotalExcRef 980       
176        0          196       
176        1          196       
176        2          196       
176        3          196       
176        4          196       
176        TotalExcRef 980       
177        0          196       
177        1          196       
177        2          196       
177        3          196       
177        4          196       
177        TotalExcRef 980       
178        0          196       
178        1          196       
178        2          196       
178        3          196       
178        4          196       
178        TotalExcRef 980       
179        0          196       
179        1          196       
179        2          196       
179        3          196       
179        4          196       
179        TotalExcRef 980       
180        0          196       
180        1          196       
180        2          196       
180        3          196       
180        4          196       
180        TotalExcRef 980       
181        0          196       
181        1          196       
181        2          196       
181        3          196       
181        4          196       
181        TotalExcRef 980       
182        0          196       
182        1          196       
182        2          196       
182        3          196       
182        4          196       
182        TotalExcRef 980       
183        0          196       
183        1          196       
183        2          196       
183        3          196       
183        4          196       
183        TotalExcRef 980       
184        0          196       
184        1          196       
184        2          196       
184        3          196       
184        4          196       
184        TotalExcRef 980       
185        0          196       
185        1          196       
185        2          196       
185        3          196       
185        4          196       
185        TotalExcRef 980       
186        0          196       
186        1          196       
186        2          196       
186        3          196       
186        4          196       
186        TotalExcRef 980       
187        0          196       
187        1          196       
187        2          196       
187        3          196       
187        4          196       
187        TotalExcRef 980       
188        0          196       
188        1          196       
188        2          196       
188        3          196       
188        4          196       
188        TotalExcRef 980       
189        0          196       
189        1          196       
189        2          196       
189        3          196       
189        4          196       
189        TotalExcRef 980       
190        0          196       
190        1          196       
190        2          196       
190        3          196       
190        4          196       
190        TotalExcRef 980       
191        0          196       
191        1          196       
191        2          196       
191        3          196       
191        4          196       
191        TotalExcRef 980       
192        0          196       
192        1          196       
192        2          196       
192        3          196       
192        4          196       
192        TotalExcRef 980       
193        0          196       
193        1          196       
193        2          196       
193        3          196       
193        4          196       
193        TotalExcRef 980       
194        0          196       
194        1          196       
194        2          196       
194        3          196       
194        4          196       
194        TotalExcRef 980       
195        0          196       
195        1          196       
195        2          196       
195        3          196       
195        4          196       
195        TotalExcRef 980       
196        0          196       
196        1          196       
196        2          196       
196        3          196       
196        4          196       
196        TotalExcRef 980       
197        0          196       
197        1          196       
197        2          196       
197        3          196       
197        4          196       
197        TotalExcRef 980       
198        0          196       
198        1          196       
198        2          196       
198        3          196       
198        4          196       
198        TotalExcRef 980       
199        0          196       
199        1          196       
199        2          196       
199        3          196       
199        4          196       
199        TotalExcRef 980       
200        0          196       
200        1          196       
200        2          196       
200        3          196       
200        4          196       
200        TotalExcRef 980       
201        0          196       
201        1          196       
201        2          196       
201        3          196       
201        4          196       
201        TotalExcRef 980       
202        0          196       
202        1          196       
202        2          196       
202        3          196       
202        4          196       
202        TotalExcRef 980       
203        0          196       
203        1          196       
203        2          196       
203        3          196       
203        4          196       
203        TotalExcRef 980       
222        0          44        
222        1          49        
222        2          32        
222        3          48        
222        4          54        
222        TotalExcRef 227       
224        0          0         
224        1          0         
224        2          0         
224        3          0         
224        4          0         
224        TotalExcRef 0         
225        0          44        
225        1          49        
225        2          32        
225        3          48        
225        4          54        
225        TotalExcRef 227       
226        0          152       
226        1          147       
226        2          164       
226        3          148       
226        4          142       
226        TotalExcRef 753       
227        0          152       
227        1          147       
227        2          164       
227        3          148       
227        4          142       
227        TotalExcRef 753       
228        0          44        
228        1          49        
228        2          32        
228        3          48        
228        4          54        
228        TotalExcRef 227       
229        0          44        
229        1          49        
229        2          32        
229        3          48        
229        4          54        
229        TotalExcRef 227       
231        0          0         
231        1          0         
231        2          0         
231        3          0         
231        4          0         
231        TotalExcRef 0         
232        0          44        
232        1          49        
232        2          32        
232        3          48        
232        4          54        
232        TotalExcRef 227       
233        0          44        
233        1          49        
233        2          32        
233        3          48        
233        4          54        
233        TotalExcRef 227       
234        0          44        
234        1          49        
234        2          32        
234        3          48        
234        4          54        
234        TotalExcRef 227       
235        0          44        
235        1          49        
235        2          32        
235        3          48        
235        4          54        
235        TotalExcRef 227       
236        0          44        
236        1          49        
236        2          32        
236        3          48        
236        4          54        
236        TotalExcRef 227       
237        0          44        
237        1          49        
237        2          32        
237        3          48        
237        4          54        
237        TotalExcRef 227       
238        0          44        
238        1          49        
238        2          32        
238        3          48        
238        4          54        
238        TotalExcRef 227       
239        0          44        
239        1          49        
239        2          32        
239        3          48        
239        4          54        
239        TotalExcRef 227       
241        0          0         
241        1          0         
241        2          0         
241        3          0         
241        4          0         
241        TotalExcRef 0         
242        0          44        
242        1          49        
242        2          32        
242        3          48        
242        4          54        
242        TotalExcRef 227       
243        0          44        
243        1          49        
243        2          32        
243        3          48        
243        4          54        
243        TotalExcRef 227       
244        0          44        
244        1          49        
244        2          32        
244        3          48        
244        4          54        
244        TotalExcRef 227       
245        0          44        
245        1          49        
245        2          32        
245        3          48        
245        4          54        
245        TotalExcRef 227       
246        0          44        
246        1          49        
246        2          32        
246        3          48        
246        4          54        
246        TotalExcRef 227       
247        0          44        
247        1          49        
247        2          32        
247        3          48        
247        4          54        
247        TotalExcRef 227       
249        0          0         
249        1          0         
249        2          0         
249        3          0         
249        4          0         
249        TotalExcRef 0         
250        0          44        
250        1          49        
250        2          32        
250        3          48        
250        4          54        
250        TotalExcRef 227       
251        0          44        
251        1          49        
251        2          32        
251        3          48        
251        4          54        
251        TotalExcRef 227       
252        0          44        
252        1          49        
252        2          32        
252        3          48        
252        4          54        
252        TotalExcRef 227       
253        0          44        
253        1          49        
253        2          32        
253        3          48        
253        4          54        
253        TotalExcRef 227       
254        0          44        
254        1          49        
254        2          32        
254        3          48        
254        4          54        
254        TotalExcRef 227       
255        0          44        
255        1          49        
255        2          32        
255        3          48        
255        4          54        
255        TotalExcRef 227       
256        0          44        
256        1          49        
256        2          32        
256        3          48        
256        4          54        
256        TotalExcRef 227       
257        0          44        
257        1          49        
257        2          32        
257        3          48        
257        4          54        
257        TotalExcRef 227       
259        0          0         
259        1          0         
259        2          0         
259        3          0         
259        4          0         
259        TotalExcRef 0         
260        0          44        
260        1          49        
260        2          32        
260        3          48        
260        4          54        
260        TotalExcRef 227       
261        0          44        
261        1          49        
261        2          32        
261        3          48        
261        4          54        
261        TotalExcRef 227       
262        0          44        
262        1          49        
262        2          32        
262        3          48        
262        4          54        
262        TotalExcRef 227       
263        0          44        
263        1          49        
263        2          32        
263        3          48        
263        4          54        
263        TotalExcRef 227       
264        0          44        
264        1          49        
264        2          32        
264        3          48        
264        4          54        
264        TotalExcRef 227       
265        0          44        
265        1          49        
265        2          32        
265        3          48        
265        4          54        
265        TotalExcRef 227       
266        0          44        
266        1          49        
266        2          32        
266        3          48        
266        4          54        
266        TotalExcRef 227       
267        0          44        
267        1          49        
267        2          32        
267        3          48        
267        4          54        
267        TotalExcRef 227       
268        0          111       
268        1          117       
268        2          67        
268        3          108       
268        4          138       
268        TotalExcRef 541       
269        0          111       
269        1          117       
269        2          67        
269        3          108       
269        4          138       
269        TotalExcRef 541       
271        0          67        
271        1          68        
271        2          35        
271        3          60        
271        4          84        
271        TotalExcRef 314       
272        0          104       
272        1          107       
272        2          62        
272        3          101       
272        4          130       
272        TotalExcRef 504       
273        0          362       
273        1          379       
273        2          220       
273        3          339       
273        4          442       
273        TotalExcRef 1742      
274        0          362       
274        1          379       
274        2          220       
274        3          339       
274        4          442       
274        TotalExcRef 1742      
276        0          258       
276        1          272       
276        2          158       
276        3          238       
276        4          312       
276        TotalExcRef 1238      
277        0          295       
277        1          311       
277        2          185       
277        3          279       
277        4          358       
277        TotalExcRef 1428      
278        0          295       
278        1          311       
278        2          185       
278        3          279       
278        4          358       
278        TotalExcRef 1428      
279        0          295       
279        1          311       
279        2          185       
279        3          279       
279        4          358       
279        TotalExcRef 1428      
280        0          295       
280        1          311       
280        2          185       
280        3          279       
280        4          358       
280        TotalExcRef 1428      
281        0          295       
281        1          311       
281        2          185       
281        3          279       
281        4          358       
281        TotalExcRef 1428      
282        0          295       
282        1          311       
282        2          185       
282        3          279       
282        4          358       
282        TotalExcRef 1428      
283        0          295       
283        1          311       
283        2          185       
283        3          279       
283        4          358       
283        TotalExcRef 1428      
285        0          103       
285        1          107       
285        2          62        
285        3          92        
285        4          121       
285        TotalExcRef 485       
286        0          103       
286        1          107       
286        2          62        
286        3          92        
286        4          121       
286        TotalExcRef 485       
289        0          259       
289        1          273       
289        2          161       
289        3          248       
289        4          313       
289        TotalExcRef 1254      
290        0          259       
290        1          273       
290        2          161       
290        3          248       
290        4          313       
290        TotalExcRef 1254      
291        0          259       
291        1          273       
291        2          161       
291        3          248       
291        4          313       
291        TotalExcRef 1254      
294        0          220       
294        1          224       
294        2          139       
294        3          200       
294        4          256       
294        TotalExcRef 1039      
295        0          220       
295        1          224       
295        2          139       
295        3          200       
295        4          256       
295        TotalExcRef 1039      
296        0          220       
296        1          224       
296        2          139       
296        3          200       
296        4          256       
296        TotalExcRef 1039      
299        0          37        
299        1          39        
299        2          27        
299        3          41        
299        4          46        
299        TotalExcRef 190       
300        0          37        
300        1          39        
300        2          27        
300        3          41        
300        4          46        
300        TotalExcRef 190       
301        0          37        
301        1          39        
301        2          27        
301        3          41        
301        4          46        
301        TotalExcRef 190       
302        0          37        
302        1          39        
302        2          27        
302        3          41        
302        4          46        
302        TotalExcRef 190       
304        0          0         
304        1          0         
304        2          0         
304        3          0         
304        4          0         
304        TotalExcRef 0         
305        0          0         
305        1          0         
305        2          0         
305        3          0         
305        4          0         
305        TotalExcRef 0         
308        0          1         
308        1          1         
308        2          1         
308        3          1         
308        4          1         
308        TotalExcRef 5         
309        0          1         
309        1          1         
309        2          1         
309        3          1         
309        4          1         
309        TotalExcRef 5         
310        0          1         
310        1          1         
310        2          1         
310        3          1         
310        4          1         
310        TotalExcRef 5         
311        0          1         
311        1          1         
311        2          1         
311        3          1         
311        4          1         
311        TotalExcRef 5         
312        0          1         
312        1          1         
312        2          1         
312        3          1         
312        4          1         
312        TotalExcRef 5         
313        0          1         
313        1          1         
313        2          1         
313        3          1         
313        4          1         
313        TotalExcRef 5         
314        0          0         
314        1          0         
314        2          0         
314        3          0         
314        4          0         
314        TotalExcRef 0         
315        0          0         
315        1          0         
315        2          0         
315        3          0         
315        4          0         
315        TotalExcRef 0         
316        0          0         
316        1          0         
316        2          0         
316        3          0         
316        4          0         
316        TotalExcRef 0         
317        0          0         
317        1          0         
317        2          0         
317        3          0         
317        4          0         
317        TotalExcRef 0         
319        0          0         
319        1          0         
319        2          0         
319        3          0         
319        4          0         
319        TotalExcRef 0         
320        0          0         
320        1          0         
320        2          0         
320        3          0         
320        4          0         
320        TotalExcRef 0         
321        0          0         
321        1          0         
321        2          0         
321        3          0         
321        4          0         
321        TotalExcRef 0         
322        0          0         
322        1          0         
322        2          0         
322        3          0         
322        4          0         
322        TotalExcRef 0         
323        0          0         
323        1          0         
323        2          0         
323        3          0         
323        4          0         
323        TotalExcRef 0         
324        0          0         
324        1          0         
324        2          0         
324        3          0         
324        4          0         
324        TotalExcRef 0         
325        0          0         
325        1          0         
325        2          0         
325        3          0         
325        4          0         
325        TotalExcRef 0         
326        0          0         
326        1          0         
326        2          0         
326        3          0         
326        4          0         
326        TotalExcRef 0         
327        0          0         
327        1          0         
327        2          0         
327        3          0         
327        4          0         
327        TotalExcRef 0         
328        0          0         
328        1          0         
328        2          0         
328        3          0         
328        4          0         
328        TotalExcRef 0         
330        0          0         
330        1          0         
330        2          0         
330        3          0         
330        4          0         
330        TotalExcRef 0         
331        0          0         
331        1          0         
331        2          0         
331        3          0         
331        4          0         
331        TotalExcRef 0         
332        0          0         
332        1          0         
332        2          0         
332        3          0         
332        4          0         
332        TotalExcRef 0         
333        0          0         
333        1          0         
333        2          0         
333        3          0         
333        4          0         
333        TotalExcRef 0         
334        0          0         
334        1          0         
334        2          0         
334        3          0         
334        4          0         
334        TotalExcRef 0         
335        0          0         
335        1          0         
335        2          0         
335        3          0         
335        4          0         
335        TotalExcRef 0         
336        0          0         
336        1          0         
336        2          0         
336        3          0         
336        4          0         
336        TotalExcRef 0         
337        0          0         
337        1          0         
337        2          0         
337        3          0         
337        4          0         
337        TotalExcRef 0         
338        0          0         
338        1          0         
338        2          0         
338        3          0         
338        4          0         
338        TotalExcRef 0         
339        0          0         
339        1          0         
339        2          0         
339        3          0         
339        4          0         
339        TotalExcRef 0         
340        0          0         
340        1          0         
340        2          0         
340        3          0         
340        4          0         
340        TotalExcRef 0         
341        0          0         
341        1          0         
341        2          0         
341        3          0         
341        4          0         
341        TotalExcRef 0         
342        0          0         
342        1          0         
342        2          0         
342        3          0         
342        4          0         
342        TotalExcRef 0         
344        0          0         
344        1          0         
344        2          0         
344        3          0         
344        4          0         
344        TotalExcRef 0         
345        0          0         
345        1          0         
345        2          0         
345        3          0         
345        4          0         
345        TotalExcRef 0         
346        0          0         
346        1          0         
346        2          0         
346        3          0         
346        4          0         
346        TotalExcRef 0         
347        0          0         
347        1          0         
347        2          0         
347        3          0         
347        4          0         
347        TotalExcRef 0         
348        0          0         
348        1          0         
348        2          0         
348        3          0         
348        4          0         
348        TotalExcRef 0         
349        0          0         
349        1          0         
349        2          0         
349        3          0         
349        4          0         
349        TotalExcRef 0         
350        0          0         
350        1          0         
350        2          0         
350        3          0         
350        4          0         
350        TotalExcRef 0         
352        0          0         
352        1          0         
352        2          0         
352        3          0         
352        4          0         
352        TotalExcRef 0         
353        0          0         
353        1          0         
353        2          0         
353        3          0         
353        4          0         
353        TotalExcRef 0         
354        0          0         
354        1          0         
354        2          0         
354        3          0         
354        4          0         
354        TotalExcRef 0         
355        0          0         
355        1          0         
355        2          0         
355        3          0         
355        4          0         
355        TotalExcRef 0         
356        0          0         
356        1          0         
356        2          0         
356        3          0         
356        4          0         
356        TotalExcRef 0         
357        0          1         
357        1          1         
357        2          1         
357        3          1         
357        4          1         
357        TotalExcRef 5         
358        0          1         
358        1          1         
358        2          1         
358        3          1         
358        4          1         
358        TotalExcRef 5         
359        0          1         
359        1          1         
359        2          1         
359        3          1         
359        4          1         
359        TotalExcRef 5         
360        0          29        
360        1          29        
360        2          29        
360        3          29        
360        4          29        
360        TotalExcRef 145       
361        0          29        
361        1          29        
361        2          29        
361        3          29        
361        4          29        
361        TotalExcRef 145       
363        0          28        
363        1          28        
363        2          28        
363        3          28        
363        4          28        
363        TotalExcRef 140       
364        0          28        
364        1          28        
364        2          28        
364        3          28        
364        4          28        
364        TotalExcRef 140       
365        0          812       
365        1          812       
365        2          812       
365        3          812       
365        4          812       
365        TotalExcRef 4060      
366        0          812       
366        1          812       
366        2          812       
366        3          812       
366        4          812       
366        TotalExcRef 4060      
368        0          784       
368        1          784       
368        2          784       
368        3          784       
368        4          784       
368        TotalExcRef 3920      
369        0          784       
369        1          784       
369        2          784       
369        3          784       
369        4          784       
369        TotalExcRef 3920      
370        0          784       
370        1          784       
370        2          784       
370        3          784       
370        4          784       
370        TotalExcRef 3920      
371        0          784       
371        1          784       
371        2          784       
371        3          784       
371        4          784       
371        TotalExcRef 3920      
373        0          747       
373        1          745       
373        2          757       
373        3          743       
373        4          738       
373        TotalExcRef 3730      
374        0          747       
374        1          745       
374        2          757       
374        3          743       
374        4          738       
374        TotalExcRef 3730      
375        0          747       
375        1          745       
375        2          757       
375        3          743       
375        4          738       
375        TotalExcRef 3730      
378        0          7         
378        1          10        
378        2          5         
378        3          7         
378        4          8         
378        TotalExcRef 37        
379        0          7         
379        1          10        
379        2          5         
379        3          7         
379        4          8         
379        TotalExcRef 37        
380        0          7         
380        1          10        
380        2          5         
380        3          7         
380        4          8         
380        TotalExcRef 37        
381        0          7         
381        1          10        
381        2          5         
381        3          7         
381        4          8         
381        TotalExcRef 37        
382        0          784       
382        1          784       
382        2          784       
382        3          784       
382        4          784       
382        TotalExcRef 3920      
383        0          1         
383        1          1         
383        2          1         
383        3          1         
383        4          1         
383        TotalExcRef 5         
384        0          1         
384        1          1         
384        2          1         
384        3          1         
384        4          1         
384        TotalExcRef 5         
385        0          1         
385        1          1         
385        2          1         
385        3          1         
385        4          1         
385        TotalExcRef 5         
386        0          1         
386        1          1         
386        2          1         
386        3          1         
386        4          1         
386        TotalExcRef 5         
387        0          1         
387        1          1         
387        2          1         
387        3          1         
387        4          1         
387        TotalExcRef 5         
389        0          1         
389        1          1         
389        2          1         
389        3          1         
389        4          1         
389        TotalExcRef 5         
390        0          1         
390        1          1         
390        2          1         
390        3          1         
390        4          1         
390        TotalExcRef 5         
391        0          1         
391        1          1         
391        2          1         
391        3          1         
391        4          1         
391        TotalExcRef 5         
392        0          1         
392        1          1         
392        2          1         
392        3          1         
392        4          1         
392        TotalExcRef 5         
393        0          1         
393        1          1         
393        2          1         
393        3          1         
393        4          1         
393        TotalExcRef 5         
394        0          1         
394        1          1         
394        2          1         
394        3          1         
394        4          1         
394        TotalExcRef 5         
395        0          1         
395        1          1         
395        2          1         
395        3          1         
395        4          1         
395        TotalExcRef 5         
396        0          1         
396        1          1         
396        2          1         
396        3          1         
396        4          1         
396        TotalExcRef 5         
398        0          0         
398        1          0         
398        2          0         
398        3          0         
398        4          0         
398        TotalExcRef 0         
399        0          0         
399        1          0         
399        2          0         
399        3          0         
399        4          0         
399        TotalExcRef 0         
402        0          1         
402        1          1         
402        2          1         
402        3          1         
402        4          1         
402        TotalExcRef 5         
403        0          1         
403        1          1         
403        2          1         
403        3          1         
403        4          1         
403        TotalExcRef 5         
404        0          1         
404        1          1         
404        2          1         
404        3          1         
404        4          1         
404        TotalExcRef 5         
405        0          1         
405        1          1         
405        2          1         
405        3          1         
405        4          1         
405        TotalExcRef 5         
406        0          1         
406        1          1         
406        2          1         
406        3          1         
406        4          1         
406        TotalExcRef 5         
407        0          785       
407        1          785       
407        2          785       
407        3          785       
407        4          785       
407        TotalExcRef 3925      
408        0          785       
408        1          785       
408        2          785       
408        3          785       
408        4          785       
408        TotalExcRef 3925      
410        0          784       
410        1          784       
410        2          784       
410        3          784       
410        4          784       
410        TotalExcRef 3920      
411        0          784       
411        1          784       
411        2          784       
411        3          784       
411        4          784       
411        TotalExcRef 3920      
412        0          784       
412        1          784       
412        2          784       
412        3          784       
412        4          784       
412        TotalExcRef 3920      
413        0          784       
413        1          784       
413        2          784       
413        3          784       
413        4          784       
413        TotalExcRef 3920      
414        0          784       
414        1          784       
414        2          784       
414        3          784       
414        4          784       
414        TotalExcRef 3920      
415        0          784       
415        1          784       
415        2          784       
415        3          784       
415        4          784       
415        TotalExcRef 3920      
416        0          784       
416        1          784       
416        2          784       
416        3          784       
416        4          784       
416        TotalExcRef 3920      
417        0          784       
417        1          784       
417        2          784       
417        3          784       
417        4          784       
417        TotalExcRef 3920      
418        0          784       
418        1          784       
418        2          784       
418        3          784       
418        4          784       
418        TotalExcRef 3920      
419        0          784       
419        1          784       
419        2          784       
419        3          784       
419        4          784       
419        TotalExcRef 3920      
420        0          784       
420        1          784       
420        2          784       
420        3          784       
420        4          784       
420        TotalExcRef 3920      
421        0          784       
421        1          784       
421        2          784       
421        3          784       
421        4          784       
421        TotalExcRef 3920      
422        0          784       
422        1          784       
422        2          784       
422        3          784       
422        4          784       
422        TotalExcRef 3920      
423        0          784       
423        1          784       
423        2          784       
423        3          784       
423        4          784       
423        TotalExcRef 3920      
424        0          784       
424        1          784       
424        2          784       
424        3          784       
424        4          784       
424        TotalExcRef 3920      
425        0          784       
425        1          784       
425        2          784       
425        3          784       
425        4          784       
425        TotalExcRef 3920      
426        0          784       
426        1          784       
426        2          784       
426        3          784       
426        4          784       
426        TotalExcRef 3920      
427        0          784       
427        1          784       
427        2          784       
427        3          784       
427        4          784       
427        TotalExcRef 3920      
428        0          784       
428        1          784       
428        2          784       
428        3          784       
428        4          784       
428        TotalExcRef 3920      
429        0          784       
429        1          784       
429        2          784       
429        3          784       
429        4          784       
429        TotalExcRef 3920      
430        0          784       
430        1          784       
430        2          784       
430        3          784       
430        4          784       
430        TotalExcRef 3920      
431        0          0         
431        1          0         
431        2          0         
431        3          0         
431        4          0         
431        TotalExcRef 0         
432        0          0         
432        1          0         
432        2          0         
432        3          0         
432        4          0         
432        TotalExcRef 0         
434        0          0         
434        1          0         
434        2          0         
434        3          0         
434        4          0         
434        TotalExcRef 0         
435        0          0         
435        1          0         
435        2          0         
435        3          0         
435        4          0         
435        TotalExcRef 0         
436        0          0         
436        1          0         
436        2          0         
436        3          0         
436        4          0         
436        TotalExcRef 0         
437        0          0         
437        1          0         
437        2          0         
437        3          0         
437        4          0         
437        TotalExcRef 0         
438        0          0         
438        1          0         
438        2          0         
438        3          0         
438        4          0         
438        TotalExcRef 0         
439        0          0         
439        1          0         
439        2          0         
439        3          0         
439        4          0         
439        TotalExcRef 0         
440        0          0         
440        1          0         
440        2          0         
440        3          0         
440        4          0         
440        TotalExcRef 0         
442        0          0         
442        1          0         
442        2          0         
442        3          0         
442        4          0         
442        TotalExcRef 0         
443        0          0         
443        1          0         
443        2          0         
443        3          0         
443        4          0         
443        TotalExcRef 0         
444        0          0         
444        1          0         
444        2          0         
444        3          0         
444        4          0         
444        TotalExcRef 0         
445        0          0         
445        1          0         
445        2          0         
445        3          0         
445        4          0         
445        TotalExcRef 0         
446        0          0         
446        1          0         
446        2          0         
446        3          0         
446        4          0         
446        TotalExcRef 0         
447        0          0         
447        1          0         
447        2          0         
447        3          0         
447        4          0         
447        TotalExcRef 0         
448        0          0         
448        1          0         
448        2          0         
448        3          0         
448        4          0         
448        TotalExcRef 0         
449        0          0         
449        1          0         
449        2          0         
449        3          0         
449        4          0         
449        TotalExcRef 0         
451        0          0         
451        1          0         
451        2          0         
451        3          0         
451        4          0         
451        TotalExcRef 0         
452        0          0         
452        1          0         
452        2          0         
452        3          0         
452        4          0         
452        TotalExcRef 0         
453        0          0         
453        1          0         
453        2          0         
453        3          0         
453        4          0         
453        TotalExcRef 0         
454        0          0         
454        1          0         
454        2          0         
454        3          0         
454        4          0         
454        TotalExcRef 0         
455        0          0         
455        1          0         
455        2          0         
455        3          0         
455        4          0         
455        TotalExcRef 0         
456        0          0         
456        1          0         
456        2          0         
456        3          0         
456        4          0         
456        TotalExcRef 0         
457        0          0         
457        1          0         
457        2          0         
457        3          0         
457        4          0         
457        TotalExcRef 0         
459        0          0         
459        1          0         
459        2          0         
459        3          0         
459        4          0         
459        TotalExcRef 0         
460        0          0         
460        1          0         
460        2          0         
460        3          0         
460        4          0         
460        TotalExcRef 0         
461        0          0         
461        1          0         
461        2          0         
461        3          0         
461        4          0         
461        TotalExcRef 0         
462        0          0         
462        1          0         
462        2          0         
462        3          0         
462        4          0         
462        TotalExcRef 0         
463        0          0         
463        1          0         
463        2          0         
463        3          0         
463        4          0         
463        TotalExcRef 0         
464        0          0         
464        1          0         
464        2          0         
464        3          0         
464        4          0         
464        TotalExcRef 0         
465        0          0         
465        1          0         
465        2          0         
465        3          0         
465        4          0         
465        TotalExcRef 0         
466        0          0         
466        1          0         
466        2          0         
466        3          0         
466        4          0         
466        TotalExcRef 0         
467        0          0         
467        1          0         
467        2          0         
467        3          0         
467        4          0         
467        TotalExcRef 0         
468        0          0         
468        1          0         
468        2          0         
468        3          0         
468        4          0         
468        TotalExcRef 0         
470        0          0         
470        1          0         
470        2          0         
470        3          0         
470        4          0         
470        TotalExcRef 0         
471        0          0         
471        1          0         
471        2          0         
471        3          0         
471        4          0         
471        TotalExcRef 0         
472        0          0         
472        1          0         
472        2          0         
472        3          0         
472        4          0         
472        TotalExcRef 0         
473        0          0         
473        1          0         
473        2          0         
473        3          0         
473        4          0         
473        TotalExcRef 0         
474        0          0         
474        1          0         
474        2          0         
474        3          0         
474        4          0         
474        TotalExcRef 0         
475        0          0         
475        1          0         
475        2          0         
475        3          0         
475        4          0         
475        TotalExcRef 0         
476        0          0         
476        1          0         
476        2          0         
476        3          0         
476        4          0         
476        TotalExcRef 0         
477        0          0         
477        1          0         
477        2          0         
477        3          0         
477        4          0         
477        TotalExcRef 0         
479        0          0         
479        1          0         
479        2          0         
479        3          0         
479        4          0         
479        TotalExcRef 0         
480        0          0         
480        1          0         
480        2          0         
480        3          0         
480        4          0         
480        TotalExcRef 0         
481        0          0         
481        1          0         
481        2          0         
481        3          0         
481        4          0         
481        TotalExcRef 0         
482        0          0         
482        1          0         
482        2          0         
482        3          0         
482        4          0         
482        TotalExcRef 0         
483        0          0         
483        1          0         
483        2          0         
483        3          0         
483        4          0         
483        TotalExcRef 0         
484        0          0         
484        1          0         
484        2          0         
484        3          0         
484        4          0         
484        TotalExcRef 0         
485        0          0         
485        1          0         
485        2          0         
485        3          0         
485        4          0         
485        TotalExcRef 0         
486        0          0         
486        1          0         
486        2          0         
486        3          0         
486        4          0         
486        TotalExcRef 0         
487        0          0         
487        1          0         
487        2          0         
487        3          0         
487        4          0         
487        TotalExcRef 0         
488        0          0         
488        1          0         
488        2          0         
488        3          0         
488        4          0         
488        TotalExcRef 0         
489        0          0         
489        1          0         
489        2          0         
489        3          0         
489        4          0         
489        TotalExcRef 0         
490        0          0         
490        1          0         
490        2          0         
490        3          0         
490        4          0         
490        TotalExcRef 0         
491        0          0         
491        1          0         
491        2          0         
491        3          0         
491        4          0         
491        TotalExcRef 0         
492        0          0         
492        1          0         
492        2          0         
492        3          0         
492        4          0         
492        TotalExcRef 0         
493        0          0         
493        1          0         
493        2          0         
493        3          0         
493        4          0         
493        TotalExcRef 0         
494        0          0         
494        1          0         
494        2          0         
494        3          0         
494        4          0         
494        TotalExcRef 0         
495        0          0         
495        1          0         
495        2          0         
495        3          0         
495        4          0         
495        TotalExcRef 0         
496        0          0         
496        1          0         
496        2          0         
496        3          0         
496        4          0         
496        TotalExcRef 0         
499        0          0         
499        1          0         
499        2          0         
499        3          0         
499        4          0         
499        TotalExcRef 0         
500        0          0         
500        1          0         
500        2          0         
500        3          0         
500        4          0         
500        TotalExcRef 0         
502        0          0         
502        1          0         
502        2          0         
502        3          0         
502        4          0         
502        TotalExcRef 0         
505        0          1         
505        1          1         
505        2          1         
505        3          1         
505        4          1         
505        TotalExcRef 5         
506        0          785       
506        1          785       
506        2          785       
506        3          785       
506        4          785       
506        TotalExcRef 3925      
507        0          785       
507        1          785       
507        2          785       
507        3          785       
507        4          785       
507        TotalExcRef 3925      
509        0          784       
509        1          784       
509        2          784       
509        3          784       
509        4          784       
509        TotalExcRef 3920      
510        0          784       
510        1          784       
510        2          784       
510        3          784       
510        4          784       
510        TotalExcRef 3920      
511        0          784       
511        1          784       
511        2          784       
511        3          784       
511        4          784       
511        TotalExcRef 3920      
512        0          784       
512        1          784       
512        2          784       
512        3          784       
512        4          784       
512        TotalExcRef 3920      
513        0          784       
513        1          784       
513        2          784       
513        3          784       
513        4          784       
513        TotalExcRef 3920      
515        0          44        
515        1          49        
515        2          32        
515        3          48        
515        4          54        
515        TotalExcRef 227       
516        0          44        
516        1          49        
516        2          32        
516        3          48        
516        4          54        
516        TotalExcRef 227       
517        0          740       
517        1          735       
517        2          752       
517        3          736       
517        4          730       
517        TotalExcRef 3693      
518        0          784       
518        1          784       
518        2          784       
518        3          784       
518        4          784       
518        TotalExcRef 3920      
520        0          1         
520        1          1         
520        2          1         
520        3          1         
520        4          1         
520        TotalExcRef 5         
521        0          1         
521        1          1         
521        2          1         
521        3          1         
521        4          1         
521        TotalExcRef 5         
522        0          1         
522        1          1         
522        2          1         
522        3          1         
522        4          1         
522        TotalExcRef 5         
523        0          1         
523        1          1         
523        2          1         
523        3          1         
523        4          1         
523        TotalExcRef 5         
524        0          1         
524        1          1         
524        2          1         
524        3          1         
524        4          1         
524        TotalExcRef 5         
525        0          1         
525        1          1         
525        2          1         
525        3          1         
525        4          1         
525        TotalExcRef 5         
526        0          1         
526        1          1         
526        2          1         
526        3          1         
526        4          1         
526        TotalExcRef 5         
527        0          1         
527        1          1         
527        2          1         
527        3          1         
527        4          1         
527        TotalExcRef 5         
528        0          1         
528        1          1         
528        2          1         
528        3          1         
528        4          1         
528        TotalExcRef 5         
Total execution ref: 616161
