aggregate data per location for Perturbator = 0
Exploration Zero
ZERO : zero perturbator
20 image of 28x28 pixels
Images are handwritten digit from dataset nist
450 perturbations points
IndexLoc   #Success   #Failure   #Exception #CallAllExecs      AvgCallPerExec     #Perturbations AvgPerturbationPerExec   #Execs     #ExecsRef  AvgCallRefPerTask #Tasks     %Success                   
1          76         364        0          9740               22.14              440            1.00                     440        440        22.0              20         ---- 17.27                 
2          0          0          0          0                  NaN                0              NaN                      0          0          0.0               20         NaN                        
3          14299      1381       0          12293120           784.00             15680          1.00                     15680      15680      784.0             20         ------------------- 91.19  
4          0          0          20         20                 1.00               20             1.00                     20         20         1.0               20          0.00                      
5          0          0          20         20                 1.00               20             1.00                     20         20         1.0               20          0.00                      
6          20         0          0          20                 1.00               20             1.00                     20         20         1.0               20         -------------------- 100.00
7          160        0          0          1280               8.00               160            1.00                     160        160        8.0               20         -------------------- 100.00
8          20         120        20         720                4.50               160            1.00                     160        160        8.0               20         --- 12.50                  
10         140        0          0          980                7.00               140            1.00                     140        140        7.0               20         -------------------- 100.00
11         38         122        0          1300               8.13               160            1.00                     160        160        8.0               20         ----- 23.75                
13         0          20         0          40                 2.00               20             1.00                     20         20         1.0               20          0.00                      
14         20         0          0          20                 1.00               20             1.00                     20         20         1.0               20         -------------------- 100.00
17         21         119        0          980                7.00               140            1.00                     140        140        7.0               20         --- 15.00                  
18         31         109        0          980                7.00               140            1.00                     140        140        7.0               20         ----- 22.14                
19         0          0          20         20                 1.00               20             1.00                     20         20         1.0               20          0.00                      
20         8          12         0          20                 1.00               20             1.00                     20         20         1.0               20         -------- 40.00             
21         17         3          0          20                 1.00               20             1.00                     20         20         1.0               20         ----------------- 85.00    
22         0          20         0          20                 1.00               20             1.00                     20         20         1.0               20          0.00                      
23         0          0          20         20                 1.00               20             1.00                     20         20         1.0               20          0.00                      
24         5          15         0          20                 1.00               20             1.00                     20         20         1.0               20         ----- 25.00                
25         13         7          0          20                 1.00               20             1.00                     20         20         1.0               20         ------------- 65.00        
26         0          20         0          20                 1.00               20             1.00                     20         20         1.0               20          0.00                      
27         0          0          20         20                 1.00               20             1.00                     20         20         1.0               20          0.00                      
28         0          0          20         20                 1.00               20             1.00                     20         20         1.0               20          0.00                      
29         0          20         0          20                 1.00               20             1.00                     20         20         1.0               20          0.00                      
30         0          0          20         20                 1.00               20             1.00                     20         20         1.0               20          0.00                      
31         0          0          20         20                 1.00               20             1.00                     20         20         1.0               20          0.00                      
32         0          20         0          20                 1.00               20             1.00                     20         20         1.0               20          0.00                      
33         0          20         0          20                 1.00               20             1.00                     20         20         1.0               20          0.00                      
34         0          0          20         20                 1.00               20             1.00                     20         20         1.0               20          0.00                      
35         0          20         0          20                 1.00               20             1.00                     20         20         1.0               20          0.00                      
36         0          0          20         20                 1.00               20             1.00                     20         20         1.0               20          0.00                      
37         0          20         0          20                 1.00               20             1.00                     20         20         1.0               20          0.00                      
38         0          20         0          20                 1.00               20             1.00                     20         20         1.0               20          0.00                      
39         17         3          0          20                 1.00               20             1.00                     20         20         1.0               20         ----------------- 85.00    
40         333        7          0          5800               17.06              340            1.00                     340        340        17.0              20         -------------------- 97.94 
41         35         305        0          3060               9.00               340            1.00                     340        340        17.0              20         --- 10.29                  
43         320        0          0          5120               16.00              320            1.00                     320        320        16.0              20         -------------------- 100.00
44         0          0          320        2720               8.50               320            1.00                     320        320        16.0              20          0.00                      
45         5120       0          320        1438880            264.50             5440           1.00                     5440       5440       272.0             20         ------------------- 94.12  
46         1673       3767       0          1436160            264.00             5440           1.00                     5440       5440       272.0             20         ------- 30.75              
48         5120       0          0          1315840            257.00             5120           1.00                     5120       5120       256.0             20         -------------------- 100.00
49         2300       2820       0          1310720            256.00             5120           1.00                     5120       5120       256.0             20         --------- 44.92            
50         0          0          5120       657920             128.50             5120           1.00                     5120       5120       256.0             20          0.00                      
51         0          0          5120       657920             128.50             5120           1.00                     5120       5120       256.0             20          0.00                      
52         4235       885        0          1310720            256.00             5120           1.00                     5120       5120       256.0             20         ----------------- 82.71    
53         5120       0          0          1310720            256.00             5120           1.00                     5120       5120       256.0             20         -------------------- 100.00
54         2921       1559       640        1229120            240.06             5120           1.00                     5120       5120       256.0             20         ------------ 57.05         
55         4401       719        0          1310720            256.00             5120           1.00                     5120       5120       256.0             20         ------------------ 85.96   
56         35200      0          640        63658560           1776.19            35840          1.00                     35840      35840      1792.0            20         -------------------- 98.21 
57         29447      6393       0          64117760           1789.00            35840          1.00                     35840      35840      1792.0            20         ----------------- 82.16    
59         26854      3866       0          47185920           1536.00            30720          1.00                     30720      30720      1536.0            20         ------------------ 87.42   
60         0          0          30720      23608320           768.50             30720          1.00                     30720      30720      1536.0            20          0.00                      
61         29737      983        0          47185920           1536.00            30720          1.00                     30720      30720      1536.0            20         -------------------- 96.80 
62         29501      1219       0          47185920           1536.00            30720          1.00                     30720      30720      1536.0            20         -------------------- 96.03 
63         29501      1219       0          47185920           1536.00            30720          1.00                     30720      30720      1536.0            20         -------------------- 96.03 
64         29368      1352       0          47185920           1536.00            30720          1.00                     30720      30720      1536.0            20         -------------------- 95.60 
65         29778      942        0          47185920           1536.00            30720          1.00                     30720      30720      1536.0            20         -------------------- 96.93 
66         29368      1352       0          47185920           1536.00            30720          1.00                     30720      30720      1536.0            20         -------------------- 95.60 
67         29368      1352       0          47185920           1536.00            30720          1.00                     30720      30720      1536.0            20         -------------------- 95.60 
68         27522      3198       0          47185920           1536.00            30720          1.00                     30720      30720      1536.0            20         ------------------ 89.59   
69         0          0          30720      23608320           768.50             30720          1.00                     30720      30720      1536.0            20          0.00                      
70         29754      966        0          47185920           1536.00            30720          1.00                     30720      30720      1536.0            20         -------------------- 96.86 
71         29662      1058       0          47185920           1536.00            30720          1.00                     30720      30720      1536.0            20         -------------------- 96.56 
72         29662      1058       0          47185920           1536.00            30720          1.00                     30720      30720      1536.0            20         -------------------- 96.56 
73         29533      1187       0          47185920           1536.00            30720          1.00                     30720      30720      1536.0            20         -------------------- 96.14 
74         29667      1053       0          47185920           1536.00            30720          1.00                     30720      30720      1536.0            20         -------------------- 96.57 
75         29533      1187       0          47185920           1536.00            30720          1.00                     30720      30720      1536.0            20         -------------------- 96.14 
76         29533      1187       0          47185920           1536.00            30720          1.00                     30720      30720      1536.0            20         -------------------- 96.14 
77         29871      849        0          47185920           1536.00            30720          1.00                     30720      30720      1536.0            20         -------------------- 97.24 
78         30720      0          0          47185920           1536.00            30720          1.00                     30720      30720      1536.0            20         -------------------- 100.00
79         3106       2014       0          1310720            256.00             5120           1.00                     5120       5120       256.0             20         ------------- 60.66        
80         3242       1878       0          1310720            256.00             5120           1.00                     5120       5120       256.0             20         ------------- 63.32        
81         20         0          0          20                 1.00               20             1.00                     20         20         1.0               20         -------------------- 100.00
82         340        0          0          5800               17.06              340            1.00                     340        340        17.0              20         -------------------- 100.00
83         32         308        0          3060               9.00               340            1.00                     340        340        17.0              20         -- 9.41                    
85         320        0          0          5120               16.00              320            1.00                     320        320        16.0              20         -------------------- 100.00
86         320        0          0          5120               16.00              320            1.00                     320        320        16.0              20         -------------------- 100.00
87         5440       0          0          1480000            272.06             5440           1.00                     5440       5440       272.0             20         -------------------- 100.00
88         2267       3173       0          1436160            264.00             5440           1.00                     5440       5440       272.0             20         --------- 41.67            
90         5120       0          0          1315840            257.00             5120           1.00                     5120       5120       256.0             20         -------------------- 100.00
91         3779       1341       0          1310720            256.00             5120           1.00                     5120       5120       256.0             20         --------------- 73.81      
92         3779       1341       0          1310720            256.00             5120           1.00                     5120       5120       256.0             20         --------------- 73.81      
93         0          0          5120       657920             128.50             5120           1.00                     5120       5120       256.0             20          0.00                      
94         5120       0          0          1310720            256.00             5120           1.00                     5120       5120       256.0             20         -------------------- 100.00
95         35840      0          0          64230400           1792.14            35840          1.00                     35840      35840      1792.0            20         -------------------- 100.00
96         31341      4499       0          64117760           1789.00            35840          1.00                     35840      35840      1792.0            20         ------------------ 87.45   
98         30720      0          0          47185920           1536.00            30720          1.00                     30720      30720      1536.0            20         -------------------- 100.00
99         27829      2891       0          47185920           1536.00            30720          1.00                     30720      30720      1536.0            20         ------------------- 90.59  
100        0          0          30720      23608320           768.50             30720          1.00                     30720      30720      1536.0            20          0.00                      
101        28851      1869       0          47185920           1536.00            30720          1.00                     30720      30720      1536.0            20         ------------------- 93.92  
102        28677      2043       0          47185920           1536.00            30720          1.00                     30720      30720      1536.0            20         ------------------- 93.35  
103        28498      2222       0          47185920           1536.00            30720          1.00                     30720      30720      1536.0            20         ------------------- 92.77  
104        28820      1900       0          47185920           1536.00            30720          1.00                     30720      30720      1536.0            20         ------------------- 93.82  
105        28498      2222       0          47185920           1536.00            30720          1.00                     30720      30720      1536.0            20         ------------------- 92.77  
106        3779       1341       0          1310720            256.00             5120           1.00                     5120       5120       256.0             20         --------------- 73.81      
107        10         10         0          20                 1.00               20             1.00                     20         20         1.0               20         ---------- 50.00           
108        288        12         0          4520               15.07              300            1.00                     300        300        15.0              20         -------------------- 96.00 
109        31         269        0          2400               8.00               300            1.00                     300        300        15.0              20         --- 10.33                  
110        288        12         0          4520               15.07              300            1.00                     300        300        15.0              20         -------------------- 96.00 
111        31         269        0          2400               8.00               300            1.00                     300        300        15.0              20         --- 10.33                  
113        280        0          0          3920               14.00              280            1.00                     280        280        14.0              20         -------------------- 100.00
114        0          0          280        2100               7.50               280            1.00                     280        280        14.0              20          0.00                      
115        4480       0          280        1101940            231.50             4760           1.00                     4760       4760       238.0             20         ------------------- 94.12  
116        1991       2769       0          1094800            230.00             4760           1.00                     4760       4760       238.0             20         --------- 41.83            
118        4480       0          0          1008000            225.00             4480           1.00                     4480       4480       224.0             20         -------------------- 100.00
119        3468       1012       0          1003520            224.00             4480           1.00                     4480       4480       224.0             20         ---------------- 77.41     
120        0          0          4480       504000             112.50             4480           1.00                     4480       4480       224.0             20          0.00                      
121        0          0          4480       504000             112.50             4480           1.00                     4480       4480       224.0             20          0.00                      
122        3949       531        0          1003520            224.00             4480           1.00                     4480       4480       224.0             20         ------------------ 88.15   
123        3280       640        560        941080             210.06             4480           1.00                     4480       4480       224.0             20         --------------- 73.21      
124        30800      0          560        48739320           1554.19            31360          1.00                     31360      31360      1568.0            20         -------------------- 98.21 
125        27922      3438       0          49078400           1565.00            31360          1.00                     31360      31360      1568.0            20         ------------------ 89.04   
127        26880      0          0          36126720           1344.00            26880          1.00                     26880      26880      1344.0            20         -------------------- 100.00
128        24805      2075       0          36126720           1344.00            26880          1.00                     26880      26880      1344.0            20         ------------------- 92.28  
129        0          0          26880      18076800           672.50             26880          1.00                     26880      26880      1344.0            20          0.00                      
130        25534      1346       0          36126720           1344.00            26880          1.00                     26880      26880      1344.0            20         ------------------- 94.99  
131        25195      1685       0          36126720           1344.00            26880          1.00                     26880      26880      1344.0            20         ------------------- 93.73  
132        24987      1893       0          36126720           1344.00            26880          1.00                     26880      26880      1344.0            20         ------------------- 92.96  
133        25461      1419       0          36126720           1344.00            26880          1.00                     26880      26880      1344.0            20         ------------------- 94.72  
134        24987      1893       0          36126720           1344.00            26880          1.00                     26880      26880      1344.0            20         ------------------- 92.96  
135        25546      1334       0          36126720           1344.00            26880          1.00                     26880      26880      1344.0            20         -------------------- 95.04 
136        3468       1012       0          1003520            224.00             4480           1.00                     4480       4480       224.0             20         ---------------- 77.41     
137        8          12         0          20                 1.00               20             1.00                     20         20         1.0               20         -------- 40.00             
138        0          20         0          20                 1.00               20             1.00                     20         20         1.0               20          0.00                      
139        4          16         0          20                 1.00               20             1.00                     20         20         1.0               20         ---- 20.00                 
140        0          20         0          20                 1.00               20             1.00                     20         20         1.0               20          0.00                      
141        0          0          20         20                 1.00               20             1.00                     20         20         1.0               20          0.00                      
142        0          0          20         20                 1.00               20             1.00                     20         20         1.0               20          0.00                      
143        0          0          20         20                 1.00               20             1.00                     20         20         1.0               20          0.00                      
144        0          20         0          20                 1.00               20             1.00                     20         20         1.0               20          0.00                      
145        0          20         0          20                 1.00               20             1.00                     20         20         1.0               20          0.00                      
146        0          0          20         20                 1.00               20             1.00                     20         20         1.0               20          0.00                      
147        0          20         0          20                 1.00               20             1.00                     20         20         1.0               20          0.00                      
148        0          20         0          20                 1.00               20             1.00                     20         20         1.0               20          0.00                      
149        8          12         0          20                 1.00               20             1.00                     20         20         1.0               20         -------- 40.00             
150        284        16         0          4520               15.07              300            1.00                     300        300        15.0              20         ------------------- 94.67  
151        26         274        0          2400               8.00               300            1.00                     300        300        15.0              20         -- 8.67                    
153        280        0          0          3920               14.00              280            1.00                     280        280        14.0              20         -------------------- 100.00
154        0          0          280        2100               7.50               280            1.00                     280        280        14.0              20          0.00                      
155        4065       135        0          882280             210.07             4200           1.00                     4200       4200       210.0             20         -------------------- 96.79 
156        1602       2598       0          852600             203.00             4200           1.00                     4200       4200       210.0             20         -------- 38.14             
158        3920       0          0          772240             197.00             3920           1.00                     3920       3920       196.0             20         -------------------- 100.00
159        3009       911        0          768320             196.00             3920           1.00                     3920       3920       196.0             20         ---------------- 76.76     
160        0          0          3920       386120             98.50              3920           1.00                     3920       3920       196.0             20          0.00                      
161        0          0          3920       386120             98.50              3920           1.00                     3920       3920       196.0             20          0.00                      
162        0          0          3920       386120             98.50              3920           1.00                     3920       3920       196.0             20          0.00                      
163        3647       273        0          768320             196.00             3920           1.00                     3920       3920       196.0             20         ------------------- 93.04  
164        0          0          3920       386120             98.50              3920           1.00                     3920       3920       196.0             20          0.00                      
165        3070       850        0          768320             196.00             3920           1.00                     3920       3920       196.0             20         ---------------- 78.32     
166        3667       253        0          768320             196.00             3920           1.00                     3920       3920       196.0             20         ------------------- 93.55  
167        0          0          3920       386120             98.50              3920           1.00                     3920       3920       196.0             20          0.00                      
168        0          0          3920       386120             98.50              3920           1.00                     3920       3920       196.0             20          0.00                      
169        3867       53         0          768320             196.00             3920           1.00                     3920       3920       196.0             20         -------------------- 98.65 
170        3345       575        0          768320             196.00             3920           1.00                     3920       3920       196.0             20         ------------------ 85.33   
171        3341       579        0          768320             196.00             3920           1.00                     3920       3920       196.0             20         ------------------ 85.23   
172        3862       58         0          768320             196.00             3920           1.00                     3920       3920       196.0             20         -------------------- 98.52 
173        3341       579        0          768320             196.00             3920           1.00                     3920       3920       196.0             20         ------------------ 85.23   
174        0          0          3920       386120             98.50              3920           1.00                     3920       3920       196.0             20          0.00                      
175        3845       75         0          768320             196.00             3920           1.00                     3920       3920       196.0             20         -------------------- 98.09 
176        3553       367        0          768320             196.00             3920           1.00                     3920       3920       196.0             20         ------------------- 90.64  
177        3581       339        0          768320             196.00             3920           1.00                     3920       3920       196.0             20         ------------------- 91.35  
178        3851       69         0          768320             196.00             3920           1.00                     3920       3920       196.0             20         -------------------- 98.24 
179        3581       339        0          768320             196.00             3920           1.00                     3920       3920       196.0             20         ------------------- 91.35  
180        0          0          3920       386120             98.50              3920           1.00                     3920       3920       196.0             20          0.00                      
181        3850       70         0          768320             196.00             3920           1.00                     3920       3920       196.0             20         -------------------- 98.21 
182        3592       328        0          768320             196.00             3920           1.00                     3920       3920       196.0             20         ------------------- 91.63  
183        3521       399        0          768320             196.00             3920           1.00                     3920       3920       196.0             20         ------------------ 89.82   
184        3837       83         0          768320             196.00             3920           1.00                     3920       3920       196.0             20         -------------------- 97.88 
185        3521       399        0          768320             196.00             3920           1.00                     3920       3920       196.0             20         ------------------ 89.82   
186        3134       786        0          768320             196.00             3920           1.00                     3920       3920       196.0             20         ---------------- 79.95     
187        3252       668        0          768320             196.00             3920           1.00                     3920       3920       196.0             20         ----------------- 82.96    
188        3892       28         0          768320             196.00             3920           1.00                     3920       3920       196.0             20         -------------------- 99.29 
189        3620       300        0          768320             196.00             3920           1.00                     3920       3920       196.0             20         ------------------- 92.35  
190        3901       19         0          768320             196.00             3920           1.00                     3920       3920       196.0             20         -------------------- 99.52 
191        3701       219        0          768320             196.00             3920           1.00                     3920       3920       196.0             20         ------------------- 94.41  
192        3444       476        0          768320             196.00             3920           1.00                     3920       3920       196.0             20         ------------------ 87.86   
193        3883       37         0          768320             196.00             3920           1.00                     3920       3920       196.0             20         -------------------- 99.06 
194        3451       469        0          768320             196.00             3920           1.00                     3920       3920       196.0             20         ------------------ 88.04   
195        3869       51         0          768320             196.00             3920           1.00                     3920       3920       196.0             20         -------------------- 98.70 
196        3780       140        0          768320             196.00             3920           1.00                     3920       3920       196.0             20         -------------------- 96.43 
197        3771       149        0          768320             196.00             3920           1.00                     3920       3920       196.0             20         -------------------- 96.20 
198        3713       207        0          768320             196.00             3920           1.00                     3920       3920       196.0             20         ------------------- 94.72  
199        3825       95         0          768320             196.00             3920           1.00                     3920       3920       196.0             20         -------------------- 97.58 
200        3771       149        0          768320             196.00             3920           1.00                     3920       3920       196.0             20         -------------------- 96.20 
201        3807       113        0          768320             196.00             3920           1.00                     3920       3920       196.0             20         -------------------- 97.12 
202        3729       191        0          768320             196.00             3920           1.00                     3920       3920       196.0             20         -------------------- 95.13 
203        3837       83         0          768320             196.00             3920           1.00                     3920       3920       196.0             20         -------------------- 97.88 
222        6          911        0          43255              47.17              917            1.00                     917        917        45.85             20         - 0.65                     
224        0          0          0          0                  NaN                0              NaN                      0          0          0.0               20         NaN                        
225        6          911        0          43255              47.17              917            1.00                     917        917        45.85             20         - 0.65                     
226        3003       0          0          452111             150.55             3003           1.00                     3003       3003       150.15            20         -------------------- 100.00
227        3003       0          0          452111             150.55             3003           1.00                     3003       3003       150.15            20         -------------------- 100.00
228        909        2          0          42700              46.87              911            1.00                     911        911        45.55             20         -------------------- 99.78 
229        911        0          0          42707              46.88              911            1.00                     911        911        45.55             20         -------------------- 100.00
231        0          0          0          0                  NaN                0              NaN                      0          0          0.0               20         NaN                        
232        890        21         0          42748              46.92              911            1.00                     911        911        45.55             20         -------------------- 97.69 
233        909        2          0          42700              46.87              911            1.00                     911        911        45.55             20         -------------------- 99.78 
234        890        21         0          42748              46.92              911            1.00                     911        911        45.55             20         -------------------- 97.69 
235        890        21         0          42748              46.92              911            1.00                     911        911        45.55             20         -------------------- 97.69 
236        911        0          0          42707              46.88              911            1.00                     911        911        45.55             20         -------------------- 100.00
237        911        0          0          42707              46.88              911            1.00                     911        911        45.55             20         -------------------- 100.00
238        911        0          0          42707              46.88              911            1.00                     911        911        45.55             20         -------------------- 100.00
239        911        0          0          42707              46.88              911            1.00                     911        911        45.55             20         -------------------- 100.00
241        0          0          0          0                  NaN                0              NaN                      0          0          0.0               20         NaN                        
242        897        14         0          42678              46.85              911            1.00                     911        911        45.55             20         -------------------- 98.46 
243        904        7          0          42694              46.86              911            1.00                     911        911        45.55             20         -------------------- 99.23 
244        897        14         0          42678              46.85              911            1.00                     911        911        45.55             20         -------------------- 98.46 
245        897        14         0          42678              46.85              911            1.00                     911        911        45.55             20         -------------------- 98.46 
246        910        1          0          42706              46.88              911            1.00                     911        911        45.55             20         -------------------- 99.89 
247        911        0          0          42707              46.88              911            1.00                     911        911        45.55             20         -------------------- 100.00
249        0          0          0          0                  NaN                0              NaN                      0          0          0.0               20         NaN                        
250        0          0          911        21809              23.94              911            1.00                     911        911        45.55             20          0.00                      
251        910        1          0          42706              46.88              911            1.00                     911        911        45.55             20         -------------------- 99.89 
252        892        19         0          42718              46.89              911            1.00                     911        911        45.55             20         -------------------- 97.91 
253        892        19         0          42718              46.89              911            1.00                     911        911        45.55             20         -------------------- 97.91 
254        911        0          0          42707              46.88              911            1.00                     911        911        45.55             20         -------------------- 100.00
255        911        0          0          42707              46.88              911            1.00                     911        911        45.55             20         -------------------- 100.00
256        911        0          0          42707              46.88              911            1.00                     911        911        45.55             20         -------------------- 100.00
257        911        0          0          42707              46.88              911            1.00                     911        911        45.55             20         -------------------- 100.00
259        0          0          0          0                  NaN                0              NaN                      0          0          0.0               20         NaN                        
260        897        14         0          42678              46.85              911            1.00                     911        911        45.55             20         -------------------- 98.46 
261        905        6          0          42692              46.86              911            1.00                     911        911        45.55             20         -------------------- 99.34 
262        897        14         0          42678              46.85              911            1.00                     911        911        45.55             20         -------------------- 98.46 
263        897        14         0          42678              46.85              911            1.00                     911        911        45.55             20         -------------------- 98.46 
264        0          911        0          43538              47.79              911            1.00                     911        911        45.55             20          0.00                      
265        837        74         0          43538              47.79              911            1.00                     911        911        45.55             20         ------------------- 91.88  
266        837        74         0          43538              47.79              911            1.00                     911        911        45.55             20         ------------------- 91.88  
267        890        21         0          42748              46.92              911            1.00                     911        911        45.55             20         -------------------- 97.69 
268        2190       0          0          249734             114.03             2190           1.00                     2190       2190       109.5             20         -------------------- 100.00
269        2158       32         0          245612             112.15             2190           1.00                     2190       2190       109.5             20         -------------------- 98.54 
271        1279       0          0          86283              67.46              1279           1.00                     1279       1279       63.95             20         -------------------- 100.00
272        2027       25         0          219125             106.79             2052           1.00                     2052       2052       102.6             20         -------------------- 98.78 
273        7100       0          0          2624768            369.69             7100           1.00                     7100       7100       355.0             20         -------------------- 100.00
274        7070       30         0          2613070            368.04             7100           1.00                     7100       7100       355.0             20         -------------------- 99.58 
276        5048       0          0          1325304            262.54             5048           1.00                     5048       5048       252.4             20         -------------------- 100.00
277        5809       12         0          1759476            302.26             5821           1.00                     5821       5821       291.05            20         -------------------- 99.79 
278        5809       12         0          1759476            302.26             5821           1.00                     5821       5821       291.05            20         -------------------- 99.79 
279        5809       12         0          1759476            302.26             5821           1.00                     5821       5821       291.05            20         -------------------- 99.79 
280        5809       12         0          1759476            302.26             5821           1.00                     5821       5821       291.05            20         -------------------- 99.79 
281        5809       12         0          1759476            302.26             5821           1.00                     5821       5821       291.05            20         -------------------- 99.79 
282        5821       0          0          1759303            302.23             5821           1.00                     5821       5821       291.05            20         -------------------- 100.00
283        5821       0          0          1759303            302.23             5821           1.00                     5821       5821       291.05            20         -------------------- 100.00
285        1990       0          0          206566             103.80             1990           1.00                     1990       1990       99.5              20         -------------------- 100.00
286        1990       0          0          206566             103.80             1990           1.00                     1990       1990       99.5              20         -------------------- 100.00
289        5084       10         0          1350676            265.15             5094           1.00                     5094       5094       254.7             20         -------------------- 99.80 
290        5084       10         0          1350676            265.15             5094           1.00                     5094       5094       254.7             20         -------------------- 99.80 
291        5094       0          0          1347724            264.57             5094           1.00                     5094       5094       254.7             20         -------------------- 100.00
294        4157       12         0          898005             215.40             4169           1.00                     4169       4169       208.45            20         -------------------- 99.71 
295        4157       12         0          898005             215.40             4169           1.00                     4169       4169       208.45            20         -------------------- 99.71 
296        4147       22         0          905983             217.31             4169           1.00                     4169       4169       208.45            20         -------------------- 99.47 
299        760        13         0          30170              39.03              773            1.00                     773        773        38.65             20         -------------------- 98.32 
300        760        13         0          30170              39.03              773            1.00                     773        773        38.65             20         -------------------- 98.32 
301        762        11         0          31220              40.39              773            1.00                     773        773        38.65             20         -------------------- 98.58 
302        0          0          773        5149736            6662.01            773            1.00                     773        773        38.65             20          0.00                      
304        0          0          0          0                  NaN                0              NaN                      0          0          0.0               20         NaN                        
305        0          0          0          0                  NaN                0              NaN                      0          0          0.0               20         NaN                        
308        0          0          20         20                 1.00               20             1.00                     20         20         1.0               20          0.00                      
309        0          0          20         20                 1.00               20             1.00                     20         20         1.0               20          0.00                      
310        0          0          20         20                 1.00               20             1.00                     20         20         1.0               20          0.00                      
311        0          0          20         20                 1.00               20             1.00                     20         20         1.0               20          0.00                      
312        0          0          20         20                 1.00               20             1.00                     20         20         1.0               20          0.00                      
313        0          0          20         20                 1.00               20             1.00                     20         20         1.0               20          0.00                      
314        0          0          0          0                  NaN                0              NaN                      0          0          0.0               20         NaN                        
315        0          0          0          0                  NaN                0              NaN                      0          0          0.0               20         NaN                        
316        0          0          0          0                  NaN                0              NaN                      0          0          0.0               20         NaN                        
317        0          0          0          0                  NaN                0              NaN                      0          0          0.0               20         NaN                        
319        0          0          0          0                  NaN                0              NaN                      0          0          0.0               20         NaN                        
320        0          0          0          0                  NaN                0              NaN                      0          0          0.0               20         NaN                        
321        0          0          0          0                  NaN                0              NaN                      0          0          0.0               20         NaN                        
322        0          0          0          0                  NaN                0              NaN                      0          0          0.0               20         NaN                        
323        0          0          0          0                  NaN                0              NaN                      0          0          0.0               20         NaN                        
324        0          0          0          0                  NaN                0              NaN                      0          0          0.0               20         NaN                        
325        0          0          0          0                  NaN                0              NaN                      0          0          0.0               20         NaN                        
326        0          0          0          0                  NaN                0              NaN                      0          0          0.0               20         NaN                        
327        0          0          0          0                  NaN                0              NaN                      0          0          0.0               20         NaN                        
328        0          0          0          0                  NaN                0              NaN                      0          0          0.0               20         NaN                        
330        0          0          0          0                  NaN                0              NaN                      0          0          0.0               20         NaN                        
331        0          0          0          0                  NaN                0              NaN                      0          0          0.0               20         NaN                        
332        0          0          0          0                  NaN                0              NaN                      0          0          0.0               20         NaN                        
333        0          0          0          0                  NaN                0              NaN                      0          0          0.0               20         NaN                        
334        0          0          0          0                  NaN                0              NaN                      0          0          0.0               20         NaN                        
335        0          0          0          0                  NaN                0              NaN                      0          0          0.0               20         NaN                        
336        0          0          0          0                  NaN                0              NaN                      0          0          0.0               20         NaN                        
337        0          0          0          0                  NaN                0              NaN                      0          0          0.0               20         NaN                        
338        0          0          0          0                  NaN                0              NaN                      0          0          0.0               20         NaN                        
339        0          0          0          0                  NaN                0              NaN                      0          0          0.0               20         NaN                        
340        0          0          0          0                  NaN                0              NaN                      0          0          0.0               20         NaN                        
341        0          0          0          0                  NaN                0              NaN                      0          0          0.0               20         NaN                        
342        0          0          0          0                  NaN                0              NaN                      0          0          0.0               20         NaN                        
344        0          0          0          0                  NaN                0              NaN                      0          0          0.0               20         NaN                        
345        0          0          0          0                  NaN                0              NaN                      0          0          0.0               20         NaN                        
346        0          0          0          0                  NaN                0              NaN                      0          0          0.0               20         NaN                        
347        0          0          0          0                  NaN                0              NaN                      0          0          0.0               20         NaN                        
348        0          0          0          0                  NaN                0              NaN                      0          0          0.0               20         NaN                        
349        0          0          0          0                  NaN                0              NaN                      0          0          0.0               20         NaN                        
350        0          0          0          0                  NaN                0              NaN                      0          0          0.0               20         NaN                        
352        0          0          0          0                  NaN                0              NaN                      0          0          0.0               20         NaN                        
353        0          0          0          0                  NaN                0              NaN                      0          0          0.0               20         NaN                        
354        0          0          0          0                  NaN                0              NaN                      0          0          0.0               20         NaN                        
355        0          0          0          0                  NaN                0              NaN                      0          0          0.0               20         NaN                        
356        0          0          0          0                  NaN                0              NaN                      0          0          0.0               20         NaN                        
357        20         0          0          20                 1.00               20             1.00                     20         20         1.0               20         -------------------- 100.00
358        20         0          0          20                 1.00               20             1.00                     20         20         1.0               20         -------------------- 100.00
359        20         0          0          20                 1.00               20             1.00                     20         20         1.0               20         -------------------- 100.00
360        560        0          20         16820              29.00              580            1.00                     580        580        29.0              20         -------------------- 96.55 
361        237        343        0          8700               15.00              580            1.00                     580        580        29.0              20         --------- 40.86            
363        560        0          0          15680              28.00              560            1.00                     560        560        28.0              20         -------------------- 100.00
364        560        0          0          15680              28.00              560            1.00                     560        560        28.0              20         -------------------- 100.00
365        15680      0          560        13186880           812.00             16240          1.00                     16240      16240      812.0             20         -------------------- 96.55 
366        15384      856        0          12959520           798.00             16240          1.00                     16240      16240      812.0             20         ------------------- 94.73  
368        15680      0          0          12293120           784.00             15680          1.00                     15680      15680      784.0             20         -------------------- 100.00
369        15680      0          0          12293120           784.00             15680          1.00                     15680      15680      784.0             20         -------------------- 100.00
370        15680      0          0          12293120           784.00             15680          1.00                     15680      15680      784.0             20         -------------------- 100.00
371        15680      0          0          12293120           784.00             15680          1.00                     15680      15680      784.0             20         -------------------- 100.00
373        14846      61         0          11112021           745.42             14907          1.00                     14907      14907      745.35            20         -------------------- 99.59 
374        14846      61         0          11112021           745.42             14907          1.00                     14907      14907      745.35            20         -------------------- 99.59 
375        14871      36         0          11111419           745.38             14907          1.00                     14907      14907      745.35            20         -------------------- 99.76 
378        137        1          0          1154               8.36               138            1.00                     138        138        6.9               20         -------------------- 99.28 
379        137        1          0          1154               8.36               138            1.00                     138        138        6.9               20         -------------------- 99.28 
380        75         63         0          1094               7.93               138            1.00                     138        138        6.9               20         ----------- 54.35          
381        0          0          138        601                4.36               138            1.00                     138        138        6.9               20          0.00                      
382        15680      0          0          12293120           784.00             15680          1.00                     15680      15680      784.0             20         -------------------- 100.00
383        0          0          20         20                 1.00               20             1.00                     20         20         1.0               20          0.00                      
384        0          0          20         20                 1.00               20             1.00                     20         20         1.0               20          0.00                      
385        0          0          20         20                 1.00               20             1.00                     20         20         1.0               20          0.00                      
386        0          0          20         20                 1.00               20             1.00                     20         20         1.0               20          0.00                      
387        0          0          20         20                 1.00               20             1.00                     20         20         1.0               20          0.00                      
389        0          0          20         20                 1.00               20             1.00                     20         20         1.0               20          0.00                      
390        0          0          20         20                 1.00               20             1.00                     20         20         1.0               20          0.00                      
391        18         2          0          20                 1.00               20             1.00                     20         20         1.0               20         ------------------ 90.00   
392        0          0          20         20                 1.00               20             1.00                     20         20         1.0               20          0.00                      
393        18         2          0          20                 1.00               20             1.00                     20         20         1.0               20         ------------------ 90.00   
394        0          0          20         20                 1.00               20             1.00                     20         20         1.0               20          0.00                      
395        0          0          20         20                 1.00               20             1.00                     20         20         1.0               20          0.00                      
396        0          0          20         20                 1.00               20             1.00                     20         20         1.0               20          0.00                      
398        0          0          0          0                  NaN                0              NaN                      0          0          0.0               20         NaN                        
399        0          0          0          0                  NaN                0              NaN                      0          0          0.0               20         NaN                        
402        20         0          0          20                 1.00               20             1.00                     20         20         1.0               20         -------------------- 100.00
403        20         0          0          20                 1.00               20             1.00                     20         20         1.0               20         -------------------- 100.00
404        0          0          20         20                 1.00               20             1.00                     20         20         1.0               20          0.00                      
405        0          0          20         20                 1.00               20             1.00                     20         20         1.0               20          0.00                      
406        20         0          0          20                 1.00               20             1.00                     20         20         1.0               20         -------------------- 100.00
407        15680      0          20         12324500           785.00             15700          1.00                     15700      15700      785.0             20         -------------------- 99.87 
408        3061       12639      0          6170100            393.00             15700          1.00                     15700      15700      785.0             20         ---- 19.50                 
410        15680      0          0          12293120           784.00             15680          1.00                     15680      15680      784.0             20         -------------------- 100.00
411        14299      1381       0          12293120           784.00             15680          1.00                     15680      15680      784.0             20         ------------------- 91.19  
412        14299      1381       0          12293120           784.00             15680          1.00                     15680      15680      784.0             20         ------------------- 91.19  
413        15107      573        0          12293120           784.00             15680          1.00                     15680      15680      784.0             20         -------------------- 96.35 
414        15107      573        0          12293120           784.00             15680          1.00                     15680      15680      784.0             20         -------------------- 96.35 
415        15107      573        0          12293120           784.00             15680          1.00                     15680      15680      784.0             20         -------------------- 96.35 
416        12888      2792       0          12293120           784.00             15680          1.00                     15680      15680      784.0             20         ----------------- 82.19    
417        15107      573        0          12293120           784.00             15680          1.00                     15680      15680      784.0             20         -------------------- 96.35 
418        14682      998        0          12293120           784.00             15680          1.00                     15680      15680      784.0             20         ------------------- 93.64  
419        14682      998        0          12293120           784.00             15680          1.00                     15680      15680      784.0             20         ------------------- 93.64  
420        14682      998        0          12293120           784.00             15680          1.00                     15680      15680      784.0             20         ------------------- 93.64  
421        12937      2743       0          12293120           784.00             15680          1.00                     15680      15680      784.0             20         ----------------- 82.51    
422        14682      998        0          12293120           784.00             15680          1.00                     15680      15680      784.0             20         ------------------- 93.64  
423        15432      248        0          12293120           784.00             15680          1.00                     15680      15680      784.0             20         -------------------- 98.42 
424        15432      248        0          12293120           784.00             15680          1.00                     15680      15680      784.0             20         -------------------- 98.42 
425        15432      248        0          12293120           784.00             15680          1.00                     15680      15680      784.0             20         -------------------- 98.42 
426        14299      1381       0          12293120           784.00             15680          1.00                     15680      15680      784.0             20         ------------------- 91.19  
427        15107      573        0          12293120           784.00             15680          1.00                     15680      15680      784.0             20         -------------------- 96.35 
428        14682      998        0          12293120           784.00             15680          1.00                     15680      15680      784.0             20         ------------------- 93.64  
429        15432      248        0          12293120           784.00             15680          1.00                     15680      15680      784.0             20         -------------------- 98.42 
430        14299      1381       0          12293120           784.00             15680          1.00                     15680      15680      784.0             20         ------------------- 91.19  
431        0          0          0          0                  NaN                0              NaN                      0          0          0.0               20         NaN                        
432        0          0          0          0                  NaN                0              NaN                      0          0          0.0               20         NaN                        
434        0          0          0          0                  NaN                0              NaN                      0          0          0.0               20         NaN                        
435        0          0          0          0                  NaN                0              NaN                      0          0          0.0               20         NaN                        
436        0          0          0          0                  NaN                0              NaN                      0          0          0.0               20         NaN                        
437        0          0          0          0                  NaN                0              NaN                      0          0          0.0               20         NaN                        
438        0          0          0          0                  NaN                0              NaN                      0          0          0.0               20         NaN                        
439        0          0          0          0                  NaN                0              NaN                      0          0          0.0               20         NaN                        
440        0          0          0          0                  NaN                0              NaN                      0          0          0.0               20         NaN                        
442        0          0          0          0                  NaN                0              NaN                      0          0          0.0               20         NaN                        
443        0          0          0          0                  NaN                0              NaN                      0          0          0.0               20         NaN                        
444        0          0          0          0                  NaN                0              NaN                      0          0          0.0               20         NaN                        
445        0          0          0          0                  NaN                0              NaN                      0          0          0.0               20         NaN                        
446        0          0          0          0                  NaN                0              NaN                      0          0          0.0               20         NaN                        
447        0          0          0          0                  NaN                0              NaN                      0          0          0.0               20         NaN                        
448        0          0          0          0                  NaN                0              NaN                      0          0          0.0               20         NaN                        
449        0          0          0          0                  NaN                0              NaN                      0          0          0.0               20         NaN                        
451        0          0          0          0                  NaN                0              NaN                      0          0          0.0               20         NaN                        
452        0          0          0          0                  NaN                0              NaN                      0          0          0.0               20         NaN                        
453        0          0          0          0                  NaN                0              NaN                      0          0          0.0               20         NaN                        
454        0          0          0          0                  NaN                0              NaN                      0          0          0.0               20         NaN                        
455        0          0          0          0                  NaN                0              NaN                      0          0          0.0               20         NaN                        
456        0          0          0          0                  NaN                0              NaN                      0          0          0.0               20         NaN                        
457        0          0          0          0                  NaN                0              NaN                      0          0          0.0               20         NaN                        
459        0          0          0          0                  NaN                0              NaN                      0          0          0.0               20         NaN                        
460        0          0          0          0                  NaN                0              NaN                      0          0          0.0               20         NaN                        
461        0          0          0          0                  NaN                0              NaN                      0          0          0.0               20         NaN                        
462        0          0          0          0                  NaN                0              NaN                      0          0          0.0               20         NaN                        
463        0          0          0          0                  NaN                0              NaN                      0          0          0.0               20         NaN                        
464        0          0          0          0                  NaN                0              NaN                      0          0          0.0               20         NaN                        
465        0          0          0          0                  NaN                0              NaN                      0          0          0.0               20         NaN                        
466        0          0          0          0                  NaN                0              NaN                      0          0          0.0               20         NaN                        
467        0          0          0          0                  NaN                0              NaN                      0          0          0.0               20         NaN                        
468        0          0          0          0                  NaN                0              NaN                      0          0          0.0               20         NaN                        
470        0          0          0          0                  NaN                0              NaN                      0          0          0.0               20         NaN                        
471        0          0          0          0                  NaN                0              NaN                      0          0          0.0               20         NaN                        
472        0          0          0          0                  NaN                0              NaN                      0          0          0.0               20         NaN                        
473        0          0          0          0                  NaN                0              NaN                      0          0          0.0               20         NaN                        
474        0          0          0          0                  NaN                0              NaN                      0          0          0.0               20         NaN                        
475        0          0          0          0                  NaN                0              NaN                      0          0          0.0               20         NaN                        
476        0          0          0          0                  NaN                0              NaN                      0          0          0.0               20         NaN                        
477        0          0          0          0                  NaN                0              NaN                      0          0          0.0               20         NaN                        
479        0          0          0          0                  NaN                0              NaN                      0          0          0.0               20         NaN                        
480        0          0          0          0                  NaN                0              NaN                      0          0          0.0               20         NaN                        
481        0          0          0          0                  NaN                0              NaN                      0          0          0.0               20         NaN                        
482        0          0          0          0                  NaN                0              NaN                      0          0          0.0               20         NaN                        
483        0          0          0          0                  NaN                0              NaN                      0          0          0.0               20         NaN                        
484        0          0          0          0                  NaN                0              NaN                      0          0          0.0               20         NaN                        
485        0          0          0          0                  NaN                0              NaN                      0          0          0.0               20         NaN                        
486        0          0          0          0                  NaN                0              NaN                      0          0          0.0               20         NaN                        
487        0          0          0          0                  NaN                0              NaN                      0          0          0.0               20         NaN                        
488        0          0          0          0                  NaN                0              NaN                      0          0          0.0               20         NaN                        
489        0          0          0          0                  NaN                0              NaN                      0          0          0.0               20         NaN                        
490        0          0          0          0                  NaN                0              NaN                      0          0          0.0               20         NaN                        
491        0          0          0          0                  NaN                0              NaN                      0          0          0.0               20         NaN                        
492        0          0          0          0                  NaN                0              NaN                      0          0          0.0               20         NaN                        
493        0          0          0          0                  NaN                0              NaN                      0          0          0.0               20         NaN                        
494        0          0          0          0                  NaN                0              NaN                      0          0          0.0               20         NaN                        
495        0          0          0          0                  NaN                0              NaN                      0          0          0.0               20         NaN                        
496        0          0          0          0                  NaN                0              NaN                      0          0          0.0               20         NaN                        
499        0          0          0          0                  NaN                0              NaN                      0          0          0.0               20         NaN                        
500        0          0          0          0                  NaN                0              NaN                      0          0          0.0               20         NaN                        
502        0          0          0          0                  NaN                0              NaN                      0          0          0.0               20         NaN                        
505        20         0          0          20                 1.00               20             1.00                     20         20         1.0               20         -------------------- 100.00
506        15680      0          20         12324500           785.00             15700          1.00                     15700      15700      785.0             20         -------------------- 99.87 
507        20         15680      0          6170100            393.00             15700          1.00                     15700      15700      785.0             20         - 0.13                     
509        15680      0          0          12293120           784.00             15680          1.00                     15680      15680      784.0             20         -------------------- 100.00
510        20         15660      0          12293120           784.00             15680          1.00                     15680      15680      784.0             20         - 0.13                     
511        14769      911        0          12293120           784.00             15680          1.00                     15680      15680      784.0             20         ------------------- 94.19  
512        14769      911        0          12293120           784.00             15680          1.00                     15680      15680      784.0             20         ------------------- 94.19  
513        15680      0          0          12293120           784.00             15680          1.00                     15680      15680      784.0             20         -------------------- 100.00
515        0          911        0          42707              46.88              911            1.00                     911        911        45.55             20          0.00                      
516        0          911        0          42707              46.88              911            1.00                     911        911        45.55             20          0.00                      
517        0          14769      0          10907379           738.53             14769          1.00                     14769      14769      738.45            20          0.00                      
518        0          15680      0          12293120           784.00             15680          1.00                     15680      15680      784.0             20          0.00                      
520        0          0          20         20                 1.00               20             1.00                     20         20         1.0               20          0.00                      
521        0          0          20         20                 1.00               20             1.00                     20         20         1.0               20          0.00                      
522        0          0          20         20                 1.00               20             1.00                     20         20         1.0               20          0.00                      
523        20         0          0          20                 1.00               20             1.00                     20         20         1.0               20         -------------------- 100.00
524        20         0          0          20                 1.00               20             1.00                     20         20         1.0               20         -------------------- 100.00
525        20         0          0          20                 1.00               20             1.00                     20         20         1.0               20         -------------------- 100.00
526        20         0          0          20                 1.00               20             1.00                     20         20         1.0               20         -------------------- 100.00
527        0          20         0          20                 1.00               20             1.00                     20         20         1.0               20          0.00                      
528        0          20         0          20                 1.00               20             1.00                     20         20         1.0               20          0.00                      
