contains the data for build a graph for analysis.
Exploration Plus One
PONE : plus one perturbator
5 image of 28x28 pixels
Images are handwritten digit from dataset nist
450 perturbations points
Perturbator IndexLoc   #Perturbations #Success   #Failure   #Exception #Call          %Success                   
1           1          110            65         45         0          2420           ------------ 59,09         
1           2          0              0          0          0          0              NaN                        
1           3          3920           3920       0          0          3073280        -------------------- 100,00
1           4          5              5          0          0          5              -------------------- 100,00
1           5          5              5          0          0          5              -------------------- 100,00
1           6          5              0          5          0          5               0,00                      
1           7          40             40         0          0          320            -------------------- 100,00
1           8          40             40         0          0          320            -------------------- 100,00
1           10         35             35         0          0          245            -------------------- 100,00
1           11         40             22         18         0          315            ------------ 55,00         
1           13         5              5          0          0          5              -------------------- 100,00
1           14         5              5          0          0          5              -------------------- 100,00
1           17         35             6          29         0          245            ---- 17,14                 
1           18         35             10         25         0          245            ------ 28,57               
1           19         5              2          3          0          5              -------- 40,00             
1           20         5              5          0          0          5              -------------------- 100,00
1           21         5              2          3          0          5              -------- 40,00             
1           22         5              4          1          0          5              ---------------- 80,00     
1           23         5              2          3          0          5              -------- 40,00             
1           24         5              4          1          0          5              ---------------- 80,00     
1           25         5              2          3          0          5              -------- 40,00             
1           26         5              4          1          0          5              ---------------- 80,00     
1           27         5              0          5          0          5               0,00                      
1           28         5              0          5          0          5               0,00                      
1           29         5              0          0          5          5               0,00                      
1           30         5              0          5          0          5               0,00                      
1           31         5              1          4          0          5              ---- 20,00                 
1           32         5              0          0          5          5               0,00                      
1           33         5              0          0          5          5               0,00                      
1           34         5              0          5          0          5               0,00                      
1           35         5              0          0          5          5               0,00                      
1           36         5              0          5          0          5               0,00                      
1           37         5              0          0          5          5               0,00                      
1           38         5              0          0          5          5               0,00                      
1           39         5              5          0          0          5              -------------------- 100,00
1           40         85             82         3          0          1440           -------------------- 96,47 
1           41         85             84         1          0          1450           -------------------- 98,82 
1           43         80             80         0          0          1280           -------------------- 100,00
1           44         80             13         67         0          1280           ---- 16,25                 
1           45         1360           1360       0          0          369920         -------------------- 100,00
1           46         1360           1280       0          80         359720         ------------------- 94,12  
1           48         1280           427        853        0          327680         ------- 33,36              
1           49         1280           660        620        0          327680         ----------- 51,56          
1           50         1280           660        620        0          327680         ----------- 51,56          
1           51         1280           660        620        0          327680         ----------- 51,56          
1           52         1280           1158       122        0          327680         ------------------- 90,47  
1           53         1280           1245       35         0          327680         -------------------- 97,27 
1           54         1280           952        328        0          327680         --------------- 74,38      
1           55         1280           1054       226        0          327680         ----------------- 82,34    
1           56         8960           8960       0          0          16055040       -------------------- 100,00
1           57         8960           8800       0          160        15914640       -------------------- 98,21 
1           59         7680           7498       182        0          11796480       -------------------- 97,63 
1           60         7680           7549       131        0          11796480       -------------------- 98,29 
1           61         7680           7554       126        0          11796480       -------------------- 98,36 
1           62         7680           7549       131        0          11796480       -------------------- 98,29 
1           63         7680           7680       0          0          11796480       -------------------- 100,00
1           64         7680           7526       154        0          11796480       -------------------- 97,99 
1           65         7680           7526       154        0          11796480       -------------------- 97,99 
1           66         7680           7526       154        0          11796480       -------------------- 97,99 
1           67         7680           7680       0          0          11796480       -------------------- 100,00
1           68         7680           7525       155        0          11796480       -------------------- 97,98 
1           69         7680           7609       71         0          11796480       -------------------- 99,08 
1           70         7680           7604       76         0          11796480       -------------------- 99,01 
1           71         7680           7609       71         0          11796480       -------------------- 99,08 
1           72         7680           7680       0          0          11796480       -------------------- 100,00
1           73         7680           7542       138        0          11796480       -------------------- 98,20 
1           74         7680           7542       138        0          11796480       -------------------- 98,20 
1           75         7680           7542       138        0          11796480       -------------------- 98,20 
1           76         7680           7680       0          0          11796480       -------------------- 100,00
1           77         7680           7445       235        0          11796480       -------------------- 96,94 
1           78         7680           7680       0          0          11796480       -------------------- 100,00
1           79         1280           862        418        0          327680         -------------- 67,34       
1           80         1280           873        407        0          327680         -------------- 68,20       
1           81         5              2          3          0          5              -------- 40,00             
1           82         85             82         3          0          1440           -------------------- 96,47 
1           83         85             85         0          0          1450           -------------------- 100,00
1           85         80             80         0          0          1280           -------------------- 100,00
1           86         80             10         70         0          1280           --- 12,50                  
1           87         1360           1360       0          0          369920         -------------------- 100,00
1           88         1360           1360       0          0          370000         -------------------- 100,00
1           90         1280           564        716        0          327680         --------- 44,06            
1           91         1280           951        329        0          327680         --------------- 74,30      
1           92         1280           951        329        0          327680         --------------- 74,30      
1           93         1280           951        329        0          327680         --------------- 74,30      
1           94         1280           1141       139        0          327680         ------------------ 89,14   
1           95         8960           8951       9          0          16055040       -------------------- 99,90 
1           96         8960           8960       0          0          16057600       -------------------- 100,00
1           98         7680           7680       0          0          11796480       -------------------- 100,00
1           99         7680           7370       310        0          11796480       -------------------- 95,96 
1           100        7680           7460       220        0          11796480       -------------------- 97,14 
1           101        7680           7483       197        0          11796480       -------------------- 97,43 
1           102        7680           7460       220        0          11796480       -------------------- 97,14 
1           103        7680           7448       232        0          11796480       -------------------- 96,98 
1           104        7680           7448       232        0          11796480       -------------------- 96,98 
1           105        7680           7448       232        0          11796480       -------------------- 96,98 
1           106        1280           951        329        0          327680         --------------- 74,30      
1           107        5              1          4          0          5              ---- 20,00                 
1           108        75             71         4          0          1120           ------------------- 94,67  
1           109        75             71         4          0          1130           ------------------- 94,67  
1           110        75             71         4          0          1120           ------------------- 94,67  
1           111        75             71         4          0          1130           ------------------- 94,67  
1           113        70             70         0          0          980            -------------------- 100,00
1           114        70             8          62         0          980            --- 11,43                  
1           115        1190           1190       0          0          283220         -------------------- 100,00
1           116        1190           1120       0          70         275485         ------------------- 94,12  
1           118        1120           497        623        0          250880         --------- 44,38            
1           119        1120           896        224        0          250880         ---------------- 80,00     
1           120        1120           896        224        0          250880         ---------------- 80,00     
1           121        1120           896        224        0          250880         ---------------- 80,00     
1           122        1120           1002       118        0          250880         ------------------ 89,46   
1           123        1120           998        122        0          250880         ------------------ 89,11   
1           124        7840           7833       7          0          12292000       -------------------- 99,91 
1           125        7840           7700       0          140        12184830       -------------------- 98,21 
1           127        6720           6720       0          0          9031680        -------------------- 100,00
1           128        6720           6510       210        0          9031680        -------------------- 96,88 
1           129        6720           6641       79         0          9031680        -------------------- 98,82 
1           130        6720           6661       59         0          9031680        -------------------- 99,12 
1           131        6720           6641       79         0          9031680        -------------------- 98,82 
1           132        6720           6650       70         0          9031680        -------------------- 98,96 
1           133        6720           6650       70         0          9031680        -------------------- 98,96 
1           134        6720           6650       70         0          9031680        -------------------- 98,96 
1           135        6720           6569       151        0          9031680        -------------------- 97,75 
1           136        1120           895        225        0          250880         ---------------- 79,91     
1           137        5              1          4          0          5              ---- 20,00                 
1           138        5              1          4          0          5              ---- 20,00                 
1           139        5              1          4          0          5              ---- 20,00                 
1           140        5              1          4          0          5              ---- 20,00                 
1           141        5              0          5          0          5               0,00                      
1           142        5              0          5          0          5               0,00                      
1           143        5              1          4          0          5              ---- 20,00                 
1           144        5              0          5          0          5               0,00                      
1           145        5              0          5          0          5               0,00                      
1           146        5              0          5          0          5               0,00                      
1           147        5              0          5          0          5               0,00                      
1           148        5              0          5          0          5               0,00                      
1           149        5              1          4          0          5              ---- 20,00                 
1           150        75             71         4          0          1120           ------------------- 94,67  
1           151        75             71         4          0          1130           ------------------- 94,67  
1           153        70             70         0          0          980            -------------------- 100,00
1           154        70             5          65         0          980            -- 7,14                    
1           155        1050           1050       0          0          220500         -------------------- 100,00
1           156        1050           1008       42         0          220570         -------------------- 96,00 
1           158        980            380        600        0          192080         -------- 38,78             
1           159        980            739        241        0          192080         ---------------- 75,41     
1           160        980            739        241        0          192080         ---------------- 75,41     
1           161        980            739        241        0          192080         ---------------- 75,41     
1           162        980            932        48         0          192080         -------------------- 95,10 
1           163        980            929        51         0          192080         ------------------- 94,80  
1           164        980            932        48         0          192080         -------------------- 95,10 
1           165        980            920        60         0          192080         ------------------- 93,88  
1           166        980            920        60         0          192080         ------------------- 93,88  
1           167        980            920        60         0          192080         ------------------- 93,88  
1           168        980            970        10         0          192080         -------------------- 98,98 
1           169        980            936        44         0          192080         -------------------- 95,51 
1           170        980            970        10         0          192080         -------------------- 98,98 
1           171        980            938        42         0          192080         -------------------- 95,71 
1           172        980            938        42         0          192080         -------------------- 95,71 
1           173        980            938        42         0          192080         -------------------- 95,71 
1           174        980            953        27         0          192080         -------------------- 97,24 
1           175        980            953        27         0          192080         -------------------- 97,24 
1           176        980            953        27         0          192080         -------------------- 97,24 
1           177        980            964        16         0          192080         -------------------- 98,37 
1           178        980            964        16         0          192080         -------------------- 98,37 
1           179        980            964        16         0          192080         -------------------- 98,37 
1           180        980            967        13         0          192080         -------------------- 98,67 
1           181        980            970        10         0          192080         -------------------- 98,98 
1           182        980            967        13         0          192080         -------------------- 98,67 
1           183        980            941        39         0          192080         -------------------- 96,02 
1           184        980            941        39         0          192080         -------------------- 96,02 
1           185        980            941        39         0          192080         -------------------- 96,02 
1           186        980            822        158        0          192080         ----------------- 83,88    
1           187        980            905        75         0          192080         ------------------- 92,35  
1           188        980            975        5          0          192080         -------------------- 99,49 
1           189        980            974        6          0          192080         -------------------- 99,39 
1           190        980            977        3          0          192080         -------------------- 99,69 
1           191        980            975        5          0          192080         -------------------- 99,49 
1           192        980            962        18         0          192080         -------------------- 98,16 
1           193        980            979        1          0          192080         -------------------- 99,90 
1           194        980            939        41         0          192080         -------------------- 95,82 
1           195        980            975        5          0          192080         -------------------- 99,49 
1           196        980            968        12         0          192080         -------------------- 98,78 
1           197        980            974        6          0          192080         -------------------- 99,39 
1           198        980            948        32         0          192080         -------------------- 96,73 
1           199        980            972        8          0          192080         -------------------- 99,18 
1           200        980            970        10         0          192080         -------------------- 98,98 
1           201        980            970        10         0          192080         -------------------- 98,98 
1           202        980            960        20         0          192080         -------------------- 97,96 
1           203        980            969        11         0          192080         -------------------- 98,88 
1           222        227            0          227        0          10581           0,00                      
1           224        0              0          0          0          0              NaN                        
1           225        227            227        0          0          10581          -------------------- 100,00
1           226        753            753        0          0          113677         -------------------- 100,00
1           227        753            753        0          0          113677         -------------------- 100,00
1           228        227            227        0          0          10581          -------------------- 100,00
1           229        227            227        0          0          10581          -------------------- 100,00
1           231        0              0          0          0          0              NaN                        
1           232        227            227        0          0          10581          -------------------- 100,00
1           233        227            227        0          0          10581          -------------------- 100,00
1           234        227            227        0          0          10581          -------------------- 100,00
1           235        227            227        0          0          10581          -------------------- 100,00
1           236        227            227        0          0          10581          -------------------- 100,00
1           237        227            227        0          0          10581          -------------------- 100,00
1           238        227            227        0          0          10581          -------------------- 100,00
1           239        227            227        0          0          10581          -------------------- 100,00
1           241        0              0          0          0          0              NaN                        
1           242        227            227        0          0          10581          -------------------- 100,00
1           243        227            227        0          0          10581          -------------------- 100,00
1           244        227            227        0          0          10581          -------------------- 100,00
1           245        227            227        0          0          10581          -------------------- 100,00
1           246        227            227        0          0          10581          -------------------- 100,00
1           247        227            227        0          0          10581          -------------------- 100,00
1           249        0              0          0          0          0              NaN                        
1           250        227            227        0          0          10581          -------------------- 100,00
1           251        227            227        0          0          10581          -------------------- 100,00
1           252        227            227        0          0          10581          -------------------- 100,00
1           253        227            227        0          0          10581          -------------------- 100,00
1           254        227            227        0          0          10581          -------------------- 100,00
1           255        227            227        0          0          10581          -------------------- 100,00
1           256        227            227        0          0          10581          -------------------- 100,00
1           257        227            227        0          0          10581          -------------------- 100,00
1           259        0              0          0          0          0              NaN                        
1           260        227            227        0          0          10581          -------------------- 100,00
1           261        227            227        0          0          10581          -------------------- 100,00
1           262        227            227        0          0          10581          -------------------- 100,00
1           263        227            227        0          0          10581          -------------------- 100,00
1           264        227            73         154        0          10706          ------- 32,16              
1           265        227            207        20         0          10710          ------------------- 91,19  
1           266        227            227        0          0          10581          -------------------- 100,00
1           267        227            227        0          0          10581          -------------------- 100,00
1           268        541            541        0          0          61120          -------------------- 100,00
1           269        541            541        0          0          61244          -------------------- 100,00
1           271        314            314        0          0          20994          -------------------- 100,00
1           272        504            504        0          0          53218          -------------------- 100,00
1           273        1742           1742       0          0          632972         -------------------- 100,00
1           274        1742           1742       0          0          633613         -------------------- 100,00
1           276        1238           1238       0          0          319500         -------------------- 100,00
1           277        1428           1428       0          0          424173         -------------------- 100,00
1           278        1428           1428       0          0          424073         -------------------- 100,00
1           279        1428           1428       0          0          424031         -------------------- 100,00
1           280        1428           1428       0          0          424173         -------------------- 100,00
1           281        1428           1428       0          0          424173         -------------------- 100,00
1           282        1428           1428       0          0          424041         -------------------- 100,00
1           283        1428           1428       0          0          423962         -------------------- 100,00
1           285        485            485        0          0          49009          -------------------- 100,00
1           286        485            485        0          0          49005          -------------------- 100,00
1           289        1254           1254       0          0          327500         -------------------- 100,00
1           290        1254           1254       0          0          327130         -------------------- 100,00
1           291        1254           1254       0          0          327130         -------------------- 100,00
1           294        1039           1039       0          0          224655         -------------------- 100,00
1           295        1039           1039       0          0          223433         -------------------- 100,00
1           296        1039           1039       0          0          223433         -------------------- 100,00
1           299        190            190        0          0          7375           -------------------- 100,00
1           300        190            190        0          0          7373           -------------------- 100,00
1           301        190            190        0          0          7376           -------------------- 100,00
1           302        190            190        0          0          7416           -------------------- 100,00
1           304        0              0          0          0          0              NaN                        
1           305        0              0          0          0          0              NaN                        
1           308        5              5          0          0          5              -------------------- 100,00
1           309        5              5          0          0          5              -------------------- 100,00
1           310        5              5          0          0          5              -------------------- 100,00
1           311        5              5          0          0          5              -------------------- 100,00
1           312        5              5          0          0          5              -------------------- 100,00
1           313        5              5          0          0          5              -------------------- 100,00
1           314        0              0          0          0          0              NaN                        
1           315        0              0          0          0          0              NaN                        
1           316        0              0          0          0          0              NaN                        
1           317        0              0          0          0          0              NaN                        
1           319        0              0          0          0          0              NaN                        
1           320        0              0          0          0          0              NaN                        
1           321        0              0          0          0          0              NaN                        
1           322        0              0          0          0          0              NaN                        
1           323        0              0          0          0          0              NaN                        
1           324        0              0          0          0          0              NaN                        
1           325        0              0          0          0          0              NaN                        
1           326        0              0          0          0          0              NaN                        
1           327        0              0          0          0          0              NaN                        
1           328        0              0          0          0          0              NaN                        
1           330        0              0          0          0          0              NaN                        
1           331        0              0          0          0          0              NaN                        
1           332        0              0          0          0          0              NaN                        
1           333        0              0          0          0          0              NaN                        
1           334        0              0          0          0          0              NaN                        
1           335        0              0          0          0          0              NaN                        
1           336        0              0          0          0          0              NaN                        
1           337        0              0          0          0          0              NaN                        
1           338        0              0          0          0          0              NaN                        
1           339        0              0          0          0          0              NaN                        
1           340        0              0          0          0          0              NaN                        
1           341        0              0          0          0          0              NaN                        
1           342        0              0          0          0          0              NaN                        
1           344        0              0          0          0          0              NaN                        
1           345        0              0          0          0          0              NaN                        
1           346        0              0          0          0          0              NaN                        
1           347        0              0          0          0          0              NaN                        
1           348        0              0          0          0          0              NaN                        
1           349        0              0          0          0          0              NaN                        
1           350        0              0          0          0          0              NaN                        
1           352        0              0          0          0          0              NaN                        
1           353        0              0          0          0          0              NaN                        
1           354        0              0          0          0          0              NaN                        
1           355        0              0          0          0          0              NaN                        
1           356        0              0          0          0          0              NaN                        
1           357        5              0          5          0          5               0,00                      
1           358        5              0          0          5          5               0,00                      
1           359        5              5          0          0          5              -------------------- 100,00
1           360        145            145        0          0          4200           -------------------- 100,00
1           361        145            140        0          5          4205           -------------------- 96,55 
1           363        140            140        0          0          3920           -------------------- 100,00
1           364        140            140        0          0          3920           -------------------- 100,00
1           365        4060           4060       0          0          3296580        -------------------- 100,00
1           366        4060           3920       0          140        3296720        -------------------- 96,55 
1           368        3920           3920       0          0          3073280        -------------------- 100,00
1           369        3920           3915       0          5          3073280        -------------------- 99,87 
1           370        3920           3900       20         0          3073280        -------------------- 99,49 
1           371        3920           3900       20         0          3073280        -------------------- 99,49 
1           373        3730           3705       20         5          2782766        -------------------- 99,33 
1           374        3730           3730       0          0          2782776        -------------------- 100,00
1           375        3730           3730       0          0          2782776        -------------------- 100,00
1           378        37             37         0          0          291            -------------------- 100,00
1           379        37             37         0          0          290            -------------------- 100,00
1           380        37             12         25         0          297            ------- 32,43              
1           381        37             37         0          0          287            -------------------- 100,00
1           382        3920           3920       0          0          3073280        -------------------- 100,00
1           383        5              0          0          5          5               0,00                      
1           384        5              0          0          5          5               0,00                      
1           385        5              0          0          5          5               0,00                      
1           386        5              0          0          5          5               0,00                      
1           387        5              0          0          5          5               0,00                      
1           389        5              5          0          0          5              -------------------- 100,00
1           390        5              5          0          0          5              -------------------- 100,00
1           391        5              5          0          0          5              -------------------- 100,00
1           392        5              5          0          0          5              -------------------- 100,00
1           393        5              5          0          0          5              -------------------- 100,00
1           394        5              5          0          0          5              -------------------- 100,00
1           395        5              0          0          5          5               0,00                      
1           396        5              0          0          5          5               0,00                      
1           398        0              0          0          0          0              NaN                        
1           399        0              0          0          0          0              NaN                        
1           402        5              0          0          5          5               0,00                      
1           403        5              0          0          5          5               0,00                      
1           404        5              0          0          5          5               0,00                      
1           405        5              0          0          5          5               0,00                      
1           406        5              5          0          0          5              -------------------- 100,00
1           407        3925           3925       0          0          3081120        -------------------- 100,00
1           408        3925           3920       0          5          3081125        -------------------- 99,87 
1           410        3920           3920       0          0          3073280        -------------------- 100,00
1           411        3920           3738       177        5          3073280        -------------------- 95,36 
1           412        3920           3918       2          0          3073280        -------------------- 99,95 
1           413        3920           3919       1          0          3073280        -------------------- 99,97 
1           414        3920           3920       0          0          3073280        -------------------- 100,00
1           415        3920           3920       0          0          3073280        -------------------- 100,00
1           416        3920           3879       41         0          3073280        -------------------- 98,95 
1           417        3920           3920       0          0          3073280        -------------------- 100,00
1           418        3920           3919       1          0          3073280        -------------------- 99,97 
1           419        3920           3920       0          0          3073280        -------------------- 100,00
1           420        3920           3920       0          0          3073280        -------------------- 100,00
1           421        3920           3838       82         0          3073280        -------------------- 97,91 
1           422        3920           3920       0          0          3073280        -------------------- 100,00
1           423        3920           3919       1          0          3073280        -------------------- 99,97 
1           424        3920           3900       20         0          3073280        -------------------- 99,49 
1           425        3920           3920       0          0          3073280        -------------------- 100,00
1           426        3920           3667       248        5          3073280        ------------------- 93,55  
1           427        3920           3920       0          0          3073280        -------------------- 100,00
1           428        3920           3920       0          0          3073280        -------------------- 100,00
1           429        3920           3920       0          0          3073280        -------------------- 100,00
1           430        3920           3920       0          0          3073280        -------------------- 100,00
1           431        0              0          0          0          0              NaN                        
1           432        0              0          0          0          0              NaN                        
1           434        0              0          0          0          0              NaN                        
1           435        0              0          0          0          0              NaN                        
1           436        0              0          0          0          0              NaN                        
1           437        0              0          0          0          0              NaN                        
1           438        0              0          0          0          0              NaN                        
1           439        0              0          0          0          0              NaN                        
1           440        0              0          0          0          0              NaN                        
1           442        0              0          0          0          0              NaN                        
1           443        0              0          0          0          0              NaN                        
1           444        0              0          0          0          0              NaN                        
1           445        0              0          0          0          0              NaN                        
1           446        0              0          0          0          0              NaN                        
1           447        0              0          0          0          0              NaN                        
1           448        0              0          0          0          0              NaN                        
1           449        0              0          0          0          0              NaN                        
1           451        0              0          0          0          0              NaN                        
1           452        0              0          0          0          0              NaN                        
1           453        0              0          0          0          0              NaN                        
1           454        0              0          0          0          0              NaN                        
1           455        0              0          0          0          0              NaN                        
1           456        0              0          0          0          0              NaN                        
1           457        0              0          0          0          0              NaN                        
1           459        0              0          0          0          0              NaN                        
1           460        0              0          0          0          0              NaN                        
1           461        0              0          0          0          0              NaN                        
1           462        0              0          0          0          0              NaN                        
1           463        0              0          0          0          0              NaN                        
1           464        0              0          0          0          0              NaN                        
1           465        0              0          0          0          0              NaN                        
1           466        0              0          0          0          0              NaN                        
1           467        0              0          0          0          0              NaN                        
1           468        0              0          0          0          0              NaN                        
1           470        0              0          0          0          0              NaN                        
1           471        0              0          0          0          0              NaN                        
1           472        0              0          0          0          0              NaN                        
1           473        0              0          0          0          0              NaN                        
1           474        0              0          0          0          0              NaN                        
1           475        0              0          0          0          0              NaN                        
1           476        0              0          0          0          0              NaN                        
1           477        0              0          0          0          0              NaN                        
1           479        0              0          0          0          0              NaN                        
1           480        0              0          0          0          0              NaN                        
1           481        0              0          0          0          0              NaN                        
1           482        0              0          0          0          0              NaN                        
1           483        0              0          0          0          0              NaN                        
1           484        0              0          0          0          0              NaN                        
1           485        0              0          0          0          0              NaN                        
1           486        0              0          0          0          0              NaN                        
1           487        0              0          0          0          0              NaN                        
1           488        0              0          0          0          0              NaN                        
1           489        0              0          0          0          0              NaN                        
1           490        0              0          0          0          0              NaN                        
1           491        0              0          0          0          0              NaN                        
1           492        0              0          0          0          0              NaN                        
1           493        0              0          0          0          0              NaN                        
1           494        0              0          0          0          0              NaN                        
1           495        0              0          0          0          0              NaN                        
1           496        0              0          0          0          0              NaN                        
1           499        0              0          0          0          0              NaN                        
1           500        0              0          0          0          0              NaN                        
1           502        0              0          0          0          0              NaN                        
1           505        5              0          5          0          5               0,00                      
1           506        3925           3920       5          0          3081120        -------------------- 99,87 
1           507        3925           3920       0          5          3081125        -------------------- 99,87 
1           509        3920           3920       0          0          3073280        -------------------- 100,00
1           510        3920           0          3915       5          3073280         0,00                      
1           511        3920           3617       298        5          3073280        ------------------- 92,27  
1           512        3920           227        3693       0          3073280        -- 5,79                    
1           513        3920           3920       0          0          3073280        -------------------- 100,00
1           515        227            0          227        0          10581           0,00                      
1           516        227            0          227        0          10581           0,00                      
1           517        3693           0          3693       0          2727925         0,00                      
1           518        3920           0          3920       0          3073280         0,00                      
1           520        5              5          0          0          5              -------------------- 100,00
1           521        5              5          0          0          5              -------------------- 100,00
1           522        5              5          0          0          5              -------------------- 100,00
1           523        5              5          0          0          5              -------------------- 100,00
1           524        5              5          0          0          5              -------------------- 100,00
1           525        5              0          0          5          5               0,00                      
1           526        5              0          0          5          5               0,00                      
1           527        5              0          0          5          5               0,00                      
1           528        5              0          0          5          5               0,00                      
