detail per task and per Perturbator.
Exploration Boolean Negation
NEGB : negation of boolean value.
20 string of 100 char
Random char generated with 23 as seed
6 perturbation points
Task Perturbator  IndexLoc   #Success   #Failure   #Exception #Call      #Perturbations %Success                   
0    NEGB         4          2          0          255        33154      257            - 0,78                     
0    NEGB         8          0          0          99         4950       99              0,00                      
0    NEGB         12         0          0          0          0          0              NaN                        
0    NEGB         19         2          0          255        33154      257            - 0,78                     
0    NEGB         21         0          0          100        5148       100             0,00                      
0    NEGB         23         0          1          0          1          1               0,00                      
1    NEGB         4          1          0          256        33154      257            - 0,39                     
1    NEGB         8          0          0          99         4950       99              0,00                      
1    NEGB         12         0          0          0          0          0              NaN                        
1    NEGB         19         1          0          256        33154      257            - 0,39                     
1    NEGB         21         0          0          100        5148       100             0,00                      
1    NEGB         23         0          1          0          1          1               0,00                      
2    NEGB         4          3          0          254        33154      257            - 1,17                     
2    NEGB         8          0          0          99         4950       99              0,00                      
2    NEGB         12         0          0          0          0          0              NaN                        
2    NEGB         19         3          0          254        33154      257            - 1,17                     
2    NEGB         21         0          0          100        5148       100             0,00                      
2    NEGB         23         0          1          0          1          1               0,00                      
3    NEGB         4          2          0          255        33154      257            - 0,78                     
3    NEGB         8          0          0          99         4950       99              0,00                      
3    NEGB         12         0          0          0          0          0              NaN                        
3    NEGB         19         2          0          255        33154      257            - 0,78                     
3    NEGB         21         0          0          100        5148       100             0,00                      
3    NEGB         23         0          1          0          1          1               0,00                      
4    NEGB         4          2          0          255        33154      257            - 0,78                     
4    NEGB         8          0          0          99         4950       99              0,00                      
4    NEGB         12         0          0          0          0          0              NaN                        
4    NEGB         19         2          0          255        33154      257            - 0,78                     
4    NEGB         21         0          0          100        5148       100             0,00                      
4    NEGB         23         0          1          0          1          1               0,00                      
5    NEGB         4          1          0          256        33154      257            - 0,39                     
5    NEGB         8          0          0          99         4950       99              0,00                      
5    NEGB         12         0          0          0          0          0              NaN                        
5    NEGB         19         1          0          256        33154      257            - 0,39                     
5    NEGB         21         0          0          100        5148       100             0,00                      
5    NEGB         23         0          1          0          1          1               0,00                      
6    NEGB         4          5          0          252        33154      257            - 1,95                     
6    NEGB         8          0          0          99         4950       99              0,00                      
6    NEGB         12         0          0          0          0          0              NaN                        
6    NEGB         19         5          0          252        33154      257            - 1,95                     
6    NEGB         21         0          0          100        5148       100             0,00                      
6    NEGB         23         0          1          0          1          1               0,00                      
7    NEGB         4          8          0          249        33154      257            - 3,11                     
7    NEGB         8          0          0          99         4950       99              0,00                      
7    NEGB         12         0          0          0          0          0              NaN                        
7    NEGB         19         8          0          249        33154      257            - 3,11                     
7    NEGB         21         0          0          100        5148       100             0,00                      
7    NEGB         23         0          1          0          1          1               0,00                      
8    NEGB         4          5          0          252        33154      257            - 1,95                     
8    NEGB         8          0          0          99         4950       99              0,00                      
8    NEGB         12         0          0          0          0          0              NaN                        
8    NEGB         19         5          0          252        33154      257            - 1,95                     
8    NEGB         21         0          0          100        5148       100             0,00                      
8    NEGB         23         0          1          0          1          1               0,00                      
9    NEGB         4          1          0          256        33154      257            - 0,39                     
9    NEGB         8          0          0          99         4950       99              0,00                      
9    NEGB         12         0          0          0          0          0              NaN                        
9    NEGB         19         1          0          256        33154      257            - 0,39                     
9    NEGB         21         0          0          100        5148       100             0,00                      
9    NEGB         23         0          1          0          1          1               0,00                      
10   NEGB         4          2          0          255        33154      257            - 0,78                     
10   NEGB         8          0          0          99         4950       99              0,00                      
10   NEGB         12         0          0          0          0          0              NaN                        
10   NEGB         19         2          0          255        33154      257            - 0,78                     
10   NEGB         21         0          0          100        5148       100             0,00                      
10   NEGB         23         0          1          0          1          1               0,00                      
11   NEGB         4          1          0          256        33154      257            - 0,39                     
11   NEGB         8          0          0          99         4950       99              0,00                      
11   NEGB         12         0          0          0          0          0              NaN                        
11   NEGB         19         1          0          256        33154      257            - 0,39                     
11   NEGB         21         0          0          100        5148       100             0,00                      
11   NEGB         23         0          1          0          1          1               0,00                      
12   NEGB         4          1          0          256        33154      257            - 0,39                     
12   NEGB         8          0          0          99         4950       99              0,00                      
12   NEGB         12         0          0          0          0          0              NaN                        
12   NEGB         19         1          0          256        33154      257            - 0,39                     
12   NEGB         21         0          0          100        5148       100             0,00                      
12   NEGB         23         0          1          0          1          1               0,00                      
13   NEGB         4          2          0          255        33154      257            - 0,78                     
13   NEGB         8          0          0          99         4950       99              0,00                      
13   NEGB         12         0          0          0          0          0              NaN                        
13   NEGB         19         2          0          255        33154      257            - 0,78                     
13   NEGB         21         0          0          100        5148       100             0,00                      
13   NEGB         23         0          1          0          1          1               0,00                      
14   NEGB         4          2          0          255        33154      257            - 0,78                     
14   NEGB         8          0          0          99         4950       99              0,00                      
14   NEGB         12         0          0          0          0          0              NaN                        
14   NEGB         19         2          0          255        33154      257            - 0,78                     
14   NEGB         21         0          0          100        5148       100             0,00                      
14   NEGB         23         0          1          0          1          1               0,00                      
15   NEGB         4          1          0          256        33154      257            - 0,39                     
15   NEGB         8          0          0          99         4950       99              0,00                      
15   NEGB         12         0          0          0          0          0              NaN                        
15   NEGB         19         1          0          256        33154      257            - 0,39                     
15   NEGB         21         0          0          100        5148       100             0,00                      
15   NEGB         23         0          1          0          1          1               0,00                      
16   NEGB         4          3          0          254        33154      257            - 1,17                     
16   NEGB         8          0          0          99         4950       99              0,00                      
16   NEGB         12         0          0          0          0          0              NaN                        
16   NEGB         19         3          0          254        33154      257            - 1,17                     
16   NEGB         21         0          0          100        5148       100             0,00                      
16   NEGB         23         0          1          0          1          1               0,00                      
17   NEGB         4          5          0          252        33154      257            - 1,95                     
17   NEGB         8          0          0          99         4950       99              0,00                      
17   NEGB         12         0          0          0          0          0              NaN                        
17   NEGB         19         5          0          252        33154      257            - 1,95                     
17   NEGB         21         0          0          100        5148       100             0,00                      
17   NEGB         23         0          1          0          1          1               0,00                      
18   NEGB         4          7          0          250        33154      257            - 2,72                     
18   NEGB         8          0          0          99         4950       99              0,00                      
18   NEGB         12         0          0          0          0          0              NaN                        
18   NEGB         19         7          0          250        33154      257            - 2,72                     
18   NEGB         21         0          0          100        5148       100             0,00                      
18   NEGB         23         0          1          0          1          1               0,00                      
19   NEGB         4          2          0          255        33154      257            - 0,78                     
19   NEGB         8          0          0          99         4950       99              0,00                      
19   NEGB         12         0          0          0          0          0              NaN                        
19   NEGB         19         2          0          255        33154      257            - 0,78                     
19   NEGB         21         0          0          100        5148       100             0,00                      
19   NEGB         23         0          1          0          1          1               0,00                      
