contains the data for build a graph for analysis.
Exploration Zero
ZERO : zero perturbator
20 string of 100 char
Random char generated with 23 as seed
19 perturbation points
Perturbator IndexLoc   #Perturbations #Success   #Failure   #Exception #Call          %Success                   
0           0          20             0          20         0          20              0.00                      
0           1          20             20         0          0          20             -------------------- 100.00
0           2          5140           5140       0          0          1321000        -------------------- 100.00
0           3          5140           56         0          5084       663060         - 1.09                     
0           5          5120           1926       1571       1623       1310720        -------- 37.62             
0           6          20             20         0          0          20             -------------------- 100.00
0           7          1980           1980       0          0          196020         -------------------- 100.00
0           9          1980           13         1967       0          196020         - 0.66                     
0           10         0              0          0          0          0              NaN                        
0           11         0              0          0          0          0              NaN                        
0           13         0              0          0          0          0              NaN                        
0           14         1980           1980       0          0          196020         -------------------- 100.00
0           15         20             20         0          0          20             -------------------- 100.00
0           16         20             20         0          0          20             -------------------- 100.00
0           17         5140           5140       0          0          1321000        -------------------- 100.00
0           18         5140           56         0          5084       663060         - 1.09                     
0           20         5120           3484       1636       0          1310720        -------------- 68.05       
0           22         1980           13         1967       0          196020         - 0.66                     
0           24         20             0          20         0          20              0.00                      
