aggregate data per location for Perturbator = 1
Exploration Plus One
19 perturbation point
PONE : plus one perturbator
20 string of 100 char
Random char generated with 23 as seed
IndexLoc   #Success   #Failure   #Exception #CallAllExecs      AvgCallPerExec     #Perturbations AvgPerturbationPerExec   #Execs     #ExecsRef  AvgCallRefPerTask #Tasks     %Success                   
0          20         0          0          20                 1,00               20             1,00                     20         20         1.0               20         -------------------- 100,00
1          11         0          9          20                 1,00               20             1,00                     20         20         1.0               20         ------------ 55,00         
2          5134       0          6          1320960            257,00             5140           1,00                     5140       5140       257.0             20         -------------------- 99,88 
3          5140       0          0          1321000            257,00             5140           1,00                     5140       5140       257.0             20         -------------------- 100,00
5          3488       0          1632       1310720            256,00             5120           1,00                     5120       5120       256.0             20         -------------- 68,13       
6          0          20         0          20                 1,00               20             1,00                     20         20         1.0               20          0,00                      
7          1980       0          0          196020             99,00              1980           1,00                     1980       1980       99.0              20         -------------------- 100,00
9          0          1980       0          196020             99,00              1980           1,00                     1980       1980       99.0              20          0,00                      
10         0          0          0          0                  NaN                0              NaN                      0          0          0.0               20         NaN                        
11         0          0          0          0                  NaN                0              NaN                      0          0          0.0               20         NaN                        
13         0          0          0          0                  NaN                0              NaN                      0          0          0.0               20         NaN                        
14         0          0          1980       99000              50,00              1980           1,00                     1980       1980       99.0              20          0,00                      
15         20         0          0          20                 1,00               20             1,00                     20         20         1.0               20         -------------------- 100,00
16         11         0          9          20                 1,00               20             1,00                     20         20         1.0               20         ------------ 55,00         
17         5134       0          6          1320960            257,00             5140           1,00                     5140       5140       257.0             20         -------------------- 99,88 
18         5140       0          0          1321000            257,00             5140           1,00                     5140       5140       257.0             20         -------------------- 100,00
20         3475       1645       0          1310720            256,00             5120           1,00                     5120       5120       256.0             20         -------------- 67,87       
22         0          1980       0          196020             99,00              1980           1,00                     1980       1980       99.0              20          0,00                      
24         0          20         0          20                 1,00               20             1,00                     20         20         1.0               20          0,00                      
