aggregate data per location for random rate = 0.25 and with Perturbator = 1
Exploration Plus One
PONE : plus one perturbator
100 string of 100 char
Random char generated with 23 as seed
23 perturbation points
IndexLoc   #Success   #Failure   #Exception #CallAllExecs      AvgCallPerExec     #Perturbations AvgPerturbationPerExec   #Execs     #Tasks     %Success                   
0          496        4          0          500                1,00               141            0,28                     500        100        -------------------- 99,20 
1          455        0          45         500                1,00               141            0,28                     500        100        ------------------- 91,00  
2          453        0          47         128366             256,73             32136          64,27                    500        100        ------------------- 90,60  
3          500        0          0          128632             257,26             32203          64,41                    500        100        -------------------- 100,00
5          500        0          0          128000             256,00             32046          64,09                    500        100        -------------------- 100,00
6          0          0          500        128000             256,00             32046          64,09                    500        100         0,00                      
7          359        141        0          500                1,00               141            0,28                     500        100        --------------- 71,80      
8          500        0          0          49485              98,97              12375          24,75                    500        100        -------------------- 100,00
10         0          500        0          49485              98,97              12375          24,75                    500        100         0,00                      
11         500        0          0          0                  0,00               0              0,00                     500        100        NaN                        
12         500        0          0          0                  0,00               0              0,00                     500        100        NaN                        
14         500        0          0          0                  0,00               0              0,00                     500        100        NaN                        
15         496        1          3          49335              98,67              12335          24,67                    500        100        -------------------- 99,20 
16         0          0          500        2004               4,01               500            1,00                     500        100         0,00                      
17         496        4          0          500                1,00               141            0,28                     500        100        -------------------- 99,20 
18         455        0          45         500                1,00               141            0,28                     500        100        ------------------- 91,00  
19         453        0          47         128366             256,73             32136          64,27                    500        100        ------------------- 90,60  
20         500        0          0          128632             257,26             32203          64,41                    500        100        -------------------- 100,00
22         500        0          0          128000             256,00             32046          64,09                    500        100        -------------------- 100,00
23         0          500        0          128000             256,00             32046          64,09                    500        100         0,00                      
25         0          500        0          49485              98,97              12375          24,75                    500        100         0,00                      
26         496        4          0          49485              98,97              12375          24,75                    500        100        -------------------- 99,20 
29         359        141        0          500                1,00               141            0,28                     500        100        --------------- 71,80      
