contains the data for build a graph for analysis.
Exploration Plus One
PONE : plus one perturbator
20 string of 100 char
Random char generated with 23 as seed
19 perturbation points
Perturbator IndexLoc   #Perturbations #Success   #Failure   #Exception #Call          %Success                   
1           0          20             20         0          0          20             -------------------- 100,00
1           1          20             11         0          9          20             ------------ 55,00         
1           2          5140           5134       0          6          1320960        -------------------- 99,88 
1           3          5140           5140       0          0          1321000        -------------------- 100,00
1           5          5120           3488       0          1632       1310720        -------------- 68,13       
1           6          20             0          20         0          20              0,00                      
1           7          1980           1980       0          0          196020         -------------------- 100,00
1           9          1980           0          1980       0          196020          0,00                      
1           10         0              0          0          0          0              NaN                        
1           11         0              0          0          0          0              NaN                        
1           13         0              0          0          0          0              NaN                        
1           14         1980           0          0          1980       99000           0,00                      
1           15         20             20         0          0          20             -------------------- 100,00
1           16         20             11         0          9          20             ------------ 55,00         
1           17         5140           5134       0          6          1320960        -------------------- 99,88 
1           18         5140           5140       0          0          1321000        -------------------- 100,00
1           20         5120           3475       1645       0          1310720        -------------- 67,87       
1           22         1980           0          1980       0          196020          0,00                      
1           24         20             0          20         0          20              0,00                      
