aggregate data per location for random rate = 0.002 and with Perturbator = 1
Exploration Plus One
19 perturbation point
PONE : plus one perturbator
20 string of 100 char
Random char generated with 23 as seed
IndexLoc   #Success   #Failure   #Exception #CallAllExecs      AvgCallPerExec     #Perturbations AvgPerturbationPerExec   #Execs     #Tasks     %Success                   
0          100        0          0          100                1,00               0              0,00                     100        20         NaN                        
1          100        0          0          100                1,00               0              0,00                     100        20         NaN                        
2          100        0          0          25699              256,99             46             0,46                     100        20         -------------------- 100,00
3          100        0          0          25700              257,00             46             0,46                     100        20         -------------------- 100,00
5          91         0          9          25600              256,00             46             0,46                     100        20         ------------------- 91,00  
6          100        0          0          100                1,00               0              0,00                     100        20         NaN                        
7          100        0          0          9900               99,00              16             0,16                     100        20         -------------------- 100,00
9          85         15         0          9900               99,00              16             0,16                     100        20         ----------------- 85,00    
10         100        0          0          0                  0,00               0              0,00                     100        20         NaN                        
11         100        0          0          0                  0,00               0              0,00                     100        20         NaN                        
13         100        0          0          0                  0,00               0              0,00                     100        20         NaN                        
14         85         0          15         9213               92,13              15             0,15                     100        20         ----------------- 85,00    
15         100        0          0          100                1,00               0              0,00                     100        20         NaN                        
16         100        0          0          100                1,00               0              0,00                     100        20         NaN                        
17         100        0          0          25699              256,99             46             0,46                     100        20         -------------------- 100,00
18         100        0          0          25700              257,00             46             0,46                     100        20         -------------------- 100,00
20         91         9          0          25600              256,00             46             0,46                     100        20         ------------------- 91,00  
22         85         15         0          9900               99,00              16             0,16                     100        20         ----------------- 85,00    
24         100        0          0          100                1,00               0              0,00                     100        20         NaN                        
