aggregate data per location for random rate = 0.01 and with Perturbator = 1
Exploration Plus One
PONE : plus one perturbator
100 string of 100 char
Random char generated with 23 as seed
23 perturbation points
IndexLoc   #Success   #Failure   #Exception #CallAllExecs      AvgCallPerExec     #Perturbations AvgPerturbationPerExec   #Execs     #Tasks     %Success                   
0          500        0          0          500                1,00               2              0,00                     500        100        -------------------- 100,00
1          500        0          0          500                1,00               2              0,00                     500        100        -------------------- 100,00
2          498        0          2          128490             256,98             1296           2,59                     500        100        -------------------- 99,60 
3          500        0          0          128504             257,01             1296           2,59                     500        100        -------------------- 100,00
5          500        0          0          128000             256,00             1290           2,58                     500        100        -------------------- 100,00
6          241        3          256        128000             256,00             1290           2,58                     500        100        ---------- 48,20           
7          498        2          0          500                1,00               2              0,00                     500        100        -------------------- 99,60 
8          500        0          0          49485              98,97              511            1,02                     500        100        -------------------- 100,00
10         182        318        0          49485              98,97              511            1,02                     500        100        -------- 36,40             
11         500        0          0          0                  0,00               0              0,00                     500        100        NaN                        
12         500        0          0          0                  0,00               0              0,00                     500        100        NaN                        
14         500        0          0          0                  0,00               0              0,00                     500        100        NaN                        
15         500        0          0          49485              98,97              511            1,02                     500        100        -------------------- 100,00
16         181        0          319        31512              63,02              319            0,64                     500        100        -------- 36,20             
17         500        0          0          500                1,00               2              0,00                     500        100        -------------------- 100,00
18         500        0          0          500                1,00               2              0,00                     500        100        -------------------- 100,00
19         498        0          2          128490             256,98             1296           2,59                     500        100        -------------------- 99,60 
20         500        0          0          128504             257,01             1296           2,59                     500        100        -------------------- 100,00
22         500        0          0          128000             256,00             1290           2,58                     500        100        -------------------- 100,00
23         241        259        0          128000             256,00             1290           2,58                     500        100        ---------- 48,20           
25         182        318        0          49485              98,97              511            1,02                     500        100        -------- 36,40             
26         500        0          0          49485              98,97              511            1,02                     500        100        -------------------- 100,00
29         498        2          0          500                1,00               2              0,00                     500        100        -------------------- 99,60 
