aggregate data per location for random rate = 0.1 and with Perturbator = 1
Exploration Plus One
PONE : plus one perturbator
100 string of 100 char
Random char generated with 23 as seed
23 perturbation points
IndexLoc   #Success   #Failure   #Exception #CallAllExecs      AvgCallPerExec     #Perturbations AvgPerturbationPerExec   #Execs     #Tasks     %Success                   
0          499        1          0          500                1,00               57             0,11                     500        100        -------------------- 99,80 
1          483        0          17         500                1,00               57             0,11                     500        100        -------------------- 96,60 
2          484        0          16         128451             256,90             12827          25,65                    500        100        -------------------- 96,80 
3          500        0          0          128547             257,09             12836          25,67                    500        100        -------------------- 100,00
5          500        0          0          128000             256,00             12780          25,56                    500        100        -------------------- 100,00
6          0          0          500        128000             256,00             12780          25,56                    500        100         0,00                      
7          443        57         0          500                1,00               57             0,11                     500        100        ------------------ 88,60   
8          500        0          0          49485              98,97              4953           9,91                     500        100        -------------------- 100,00
10         0          500        0          49485              98,97              4953           9,91                     500        100         0,00                      
11         500        0          0          0                  0,00               0              0,00                     500        100        NaN                        
12         500        0          0          0                  0,00               0              0,00                     500        100        NaN                        
14         500        0          0          0                  0,00               0              0,00                     500        100        NaN                        
15         498        0          2          49378              98,76              4944           9,89                     500        100        -------------------- 99,60 
16         0          0          500        4844               9,69               500            1,00                     500        100         0,00                      
17         499        1          0          500                1,00               57             0,11                     500        100        -------------------- 99,80 
18         483        0          17         500                1,00               57             0,11                     500        100        -------------------- 96,60 
19         484        0          16         128451             256,90             12827          25,65                    500        100        -------------------- 96,80 
20         500        0          0          128547             257,09             12836          25,67                    500        100        -------------------- 100,00
22         500        0          0          128000             256,00             12780          25,56                    500        100        -------------------- 100,00
23         0          500        0          128000             256,00             12780          25,56                    500        100         0,00                      
25         0          500        0          49485              98,97              4953           9,91                     500        100         0,00                      
26         499        1          0          49485              98,97              4953           9,91                     500        100        -------------------- 99,80 
29         443        57         0          500                1,00               57             0,11                     500        100        ------------------ 88,60   
