aggregate data per location for random rate = 0.3 and with Perturbator = 1
Exploration Plus One
PONE : plus one perturbator
100 string of 100 char
Random char generated with 23 as seed
23 perturbation points
IndexLoc   #Success   #Failure   #Exception #CallAllExecs      AvgCallPerExec     #Perturbations AvgPerturbationPerExec   #Execs     #Tasks     %Success                   
0          496        4          0          500                1,00               164            0,33                     500        100        -------------------- 99,20 
1          446        0          54         500                1,00               164            0,33                     500        100        ------------------ 89,20   
2          442        0          58         128359             256,72             38670          77,34                    500        100        ------------------ 88,40   
3          500        0          0          128652             257,30             38760          77,52                    500        100        -------------------- 100,00
5          500        0          0          128000             256,00             38567          77,13                    500        100        -------------------- 100,00
6          0          0          500        128000             256,00             38567          77,13                    500        100         0,00                      
7          336        164        0          500                1,00               164            0,33                     500        100        -------------- 67,20       
8          500        0          0          49485              98,97              14928          29,86                    500        100        -------------------- 100,00
10         0          500        0          49485              98,97              14928          29,86                    500        100         0,00                      
11         500        0          0          0                  0,00               0              0,00                     500        100        NaN                        
12         500        0          0          0                  0,00               0              0,00                     500        100        NaN                        
14         500        0          0          0                  0,00               0              0,00                     500        100        NaN                        
15         498        1          1          49442              98,88              14911          29,82                    500        100        -------------------- 99,60 
16         0          0          500        1725               3,45               500            1,00                     500        100         0,00                      
17         496        4          0          500                1,00               164            0,33                     500        100        -------------------- 99,20 
18         446        0          54         500                1,00               164            0,33                     500        100        ------------------ 89,20   
19         442        0          58         128359             256,72             38670          77,34                    500        100        ------------------ 88,40   
20         500        0          0          128652             257,30             38760          77,52                    500        100        -------------------- 100,00
22         500        0          0          128000             256,00             38567          77,13                    500        100        -------------------- 100,00
23         0          500        0          128000             256,00             38567          77,13                    500        100         0,00                      
25         0          500        0          49485              98,97              14928          29,86                    500        100         0,00                      
26         496        4          0          49485              98,97              14928          29,86                    500        100        -------------------- 99,20 
29         336        164        0          500                1,00               164            0,33                     500        100        -------------- 67,20       
