aggregate data per location for Magnitude = 10
Exploration Plus Magnitude
magnitude value : 1 5 10 20 50 75 100 
19 perturbation point
PM : Numerical Perturbator
20 string of 100 char
Random char generated with 23 as seed
IndexLoc   #Success   #Failure   #Exception #CallAllExecs      AvgCallPerExec     #Perturbations AvgPerturbationPerExec   #Execs     #ExecsRef  AvgCallRefPerTask #Tasks     %Success                   
0          20         0          0          20                 1,00               20             1,00                     20         20         1.0               20         -------------------- 100,00
1          0          0          20         20                 1,00               20             1,00                     20         20         1.0               20          0,00                      
2          4976       0          164        1319880            256,79             5140           1,00                     5140       5140       257.0             20         -------------------- 96,81 
3          5140       0          0          1321000            257,00             5140           1,00                     5140       5140       257.0             20         -------------------- 100,00
5          3488       0          1632       1310720            256,00             5120           1,00                     5120       5120       256.0             20         -------------- 68,13       
6          0          20         0          20                 1,00               20             1,00                     20         20         1.0               20          0,00                      
7          1976       0          4          195641             98,81              1980           1,00                     1980       1980       99.0              20         -------------------- 99,80 
9          0          1976       4          195641             98,81              1980           1,00                     1980       1980       99.0              20          0,00                      
10         0          0          0          0                  NaN                0              NaN                      0          0          0.0               20         NaN                        
11         0          0          0          0                  NaN                0              NaN                      0          0          0.0               20         NaN                        
13         0          0          0          0                  NaN                0              NaN                      0          0          0.0               20         NaN                        
14         0          0          1980       99000              50,00              1980           1,00                     1980       1980       99.0              20          0,00                      
15         20         0          0          20                 1,00               20             1,00                     20         20         1.0               20         -------------------- 100,00
16         0          0          20         20                 1,00               20             1,00                     20         20         1.0               20          0,00                      
17         4976       0          164        1319880            256,79             5140           1,00                     5140       5140       257.0             20         -------------------- 96,81 
18         5140       0          0          1321000            257,00             5140           1,00                     5140       5140       257.0             20         -------------------- 100,00
20         3475       1642       3          1310720            256,00             5120           1,00                     5120       5120       256.0             20         -------------- 67,87       
22         0          1977       3          196020             99,00              1980           1,00                     1980       1980       99.0              20          0,00                      
24         0          20         0          20                 1,00               20             1,00                     20         20         1.0               20          0,00                      
