aggregate data per location for random rate = 0.001 and with Perturbator = 1
Exploration Plus One
PONE : plus one perturbator
100 string of 100 char
Random char generated with 23 as seed
23 perturbation points
IndexLoc   #Success   #Failure   #Exception #CallAllExecs      AvgCallPerExec     #Perturbations AvgPerturbationPerExec   #Execs     #Tasks     %Success                   
0          500        0          0          500                5,00               0              0,00                     100        100        NaN                        
1          500        0          0          500                5,00               0              0,00                     100        100        NaN                        
2          500        0          0          128499             1284,99            128            1,28                     100        100        -------------------- 100,00
3          500        0          0          128500             1285,00            128            1,28                     100        100        -------------------- 100,00
5          500        0          0          128000             1280,00            128            1,28                     100        100        -------------------- 100,00
6          466        0          34         128000             1280,00            128            1,28                     100        100        ------------------- 93,20  
7          500        0          0          500                5,00               0              0,00                     100        100        NaN                        
8          500        0          0          49485              494,85             52             0,52                     100        100        -------------------- 100,00
10         450        50         0          49485              494,85             52             0,52                     100        100        ------------------ 90,00   
11         500        0          0          0                  0,00               0              0,00                     100        100        NaN                        
12         500        0          0          0                  0,00               0              0,00                     100        100        NaN                        
14         500        0          0          0                  0,00               0              0,00                     100        100        NaN                        
15         500        0          0          49485              494,85             52             0,52                     100        100        -------------------- 100,00
16         450        0          50         46691              466,91             50             0,50                     100        100        ------------------ 90,00   
17         500        0          0          500                5,00               0              0,00                     100        100        NaN                        
18         500        0          0          500                5,00               0              0,00                     100        100        NaN                        
19         500        0          0          128499             1284,99            128            1,28                     100        100        -------------------- 100,00
20         500        0          0          128500             1285,00            128            1,28                     100        100        -------------------- 100,00
22         500        0          0          128000             1280,00            128            1,28                     100        100        -------------------- 100,00
23         466        34         0          128000             1280,00            128            1,28                     100        100        ------------------- 93,20  
25         450        50         0          49485              494,85             52             0,52                     100        100        ------------------ 90,00   
26         500        0          0          49485              494,85             52             0,52                     100        100        -------------------- 100,00
29         500        0          0          500                5,00               0              0,00                     100        100        NaN                        
