aggregate data per location for random rate = 0.5 and with Perturbator = 1
Exploration Plus One
19 perturbation point
PONE : plus one perturbator
20 string of 100 char
Random char generated with 23 as seed
IndexLoc   #Success   #Failure   #Exception #CallAllExecs      AvgCallPerExec     #Perturbations AvgPerturbationPerExec   #Execs     #Tasks     %Success                   
0          100        0          0          100                1,00               51             0,51                     100        20         -------------------- 100,00
1          81         0          19         100                1,00               51             0,51                     100        20         ----------------- 81,00    
2          90         0          10         25659              256,59             12885          128,85                   100        20         ------------------ 90,00   
3          100        0          0          25757              257,57             12936          129,36                   100        20         -------------------- 100,00
5          0          0          100        25600              256,00             12854          128,54                   100        20          0,00                      
6          49         51         0          100                1,00               51             0,51                     100        20         ---------- 49,00           
7          100        0          0          9900               99,00              4991           49,91                    100        20         -------------------- 100,00
9          0          100        0          9900               99,00              4991           49,91                    100        20          0,00                      
10         100        0          0          0                  0,00               0              0,00                     100        20         NaN                        
11         100        0          0          0                  0,00               0              0,00                     100        20         NaN                        
13         100        0          0          0                  0,00               0              0,00                     100        20         NaN                        
14         0          0          100        198                1,98               100            1,00                     100        20          0,00                      
15         100        0          0          100                1,00               51             0,51                     100        20         -------------------- 100,00
16         81         0          19         100                1,00               51             0,51                     100        20         ----------------- 81,00    
17         90         0          10         25659              256,59             12885          128,85                   100        20         ------------------ 90,00   
18         100        0          0          25757              257,57             12936          129,36                   100        20         -------------------- 100,00
20         0          100        0          25600              256,00             12854          128,54                   100        20          0,00                      
22         0          100        0          9900               99,00              4991           49,91                    100        20          0,00                      
24         49         51         0          100                1,00               51             0,51                     100        20         ---------- 49,00           
