aggregate data per location for random rate = 0.2 and with Perturbator = 1
Exploration Plus One
PONE : plus one perturbator
100 string of 100 char
Random char generated with 23 as seed
23 perturbation points
IndexLoc   #Success   #Failure   #Exception #CallAllExecs      AvgCallPerExec     #Perturbations AvgPerturbationPerExec   #Execs     #Tasks     %Success                   
0          497        3          0          500                1,00               119            0,24                     500        100        -------------------- 99,40 
1          464        0          36         500                1,00               119            0,24                     500        100        ------------------- 92,80  
2          469        0          31         128414             256,83             25687          51,37                    500        100        ------------------- 93,80  
3          500        0          0          128605             257,21             25727          51,45                    500        100        -------------------- 100,00
5          500        0          0          128000             256,00             25607          51,21                    500        100        -------------------- 100,00
6          0          0          500        128000             256,00             25607          51,21                    500        100         0,00                      
7          381        119        0          500                1,00               119            0,24                     500        100        ---------------- 76,20     
8          500        0          0          49485              98,97              9875           19,75                    500        100        -------------------- 100,00
10         0          500        0          49485              98,97              9875           19,75                    500        100         0,00                      
11         500        0          0          0                  0,00               0              0,00                     500        100        NaN                        
12         500        0          0          0                  0,00               0              0,00                     500        100        NaN                        
14         500        0          0          0                  0,00               0              0,00                     500        100        NaN                        
15         496        1          3          49335              98,67              9842           19,68                    500        100        -------------------- 99,20 
16         0          0          500        2567               5,13               500            1,00                     500        100         0,00                      
17         497        3          0          500                1,00               119            0,24                     500        100        -------------------- 99,40 
18         464        0          36         500                1,00               119            0,24                     500        100        ------------------- 92,80  
19         469        0          31         128414             256,83             25687          51,37                    500        100        ------------------- 93,80  
20         500        0          0          128605             257,21             25727          51,45                    500        100        -------------------- 100,00
22         500        0          0          128000             256,00             25607          51,21                    500        100        -------------------- 100,00
23         0          500        0          128000             256,00             25607          51,21                    500        100         0,00                      
25         0          500        0          49485              98,97              9875           19,75                    500        100         0,00                      
26         498        2          0          49485              98,97              9875           19,75                    500        100        -------------------- 99,60 
29         381        119        0          500                1,00               119            0,24                     500        100        ---------------- 76,20     
