aggregate data per location for random rate = 0.015 and with Perturbator = 1
Exploration Plus One
19 perturbation point
PONE : plus one perturbator
20 string of 100 char
Random char generated with 23 as seed
IndexLoc   #Success   #Failure   #Exception #CallAllExecs      AvgCallPerExec     #Perturbations AvgPerturbationPerExec   #Execs     #Tasks     %Success                   
0          100        0          0          100                1,00               3              0,03                     100        20         -------------------- 100,00
1          100        0          0          100                1,00               3              0,03                     100        20         -------------------- 100,00
2          99         0          1          25695              256,95             410            4,10                     100        20         -------------------- 99,00 
3          100        0          0          25702              257,02             410            4,10                     100        20         -------------------- 100,00
5          28         0          72         25600              256,00             409            4,09                     100        20         ------ 28,00               
6          97         3          0          100                1,00               3              0,03                     100        20         -------------------- 97,00 
7          100        0          0          9900               99,00              156            1,56                     100        20         -------------------- 100,00
9          19         81         0          9900               99,00              156            1,56                     100        20         ---- 19,00                 
10         100        0          0          0                  0,00               0              0,00                     100        20         NaN                        
11         100        0          0          0                  0,00               0              0,00                     100        20         NaN                        
13         100        0          0          0                  0,00               0              0,00                     100        20         NaN                        
14         20         0          80         5306               53,06              80             0,80                     100        20         ---- 20,00                 
15         100        0          0          100                1,00               3              0,03                     100        20         -------------------- 100,00
16         100        0          0          100                1,00               3              0,03                     100        20         -------------------- 100,00
17         99         0          1          25695              256,95             410            4,10                     100        20         -------------------- 99,00 
18         100        0          0          25702              257,02             410            4,10                     100        20         -------------------- 100,00
20         27         73         0          25600              256,00             409            4,09                     100        20         ------ 27,00               
22         19         81         0          9900               99,00              156            1,56                     100        20         ---- 19,00                 
24         97         3          0          100                1,00               3              0,03                     100        20         -------------------- 97,00 
