aggregate data per location for random rate = 0.001 and with Perturbator = NEGB
Exploration Boolean Negation
34 perturbation point.
NEGB : negation of boolean value.
20 linear problems to be resolved
linear problem are generated randomly
IndexLoc   #Success   #Failure   #Exception #CallAllExecs      AvgCallPerExec     #Perturbations AvgPerturbationPerExec   #Execs     #Tasks     %Success                   
3          100        0          0          9175               458,75             10             0,50                     20         20         -------------------- 100,00
12         100        0          0          9185               459,25             10             0,50                     20         20         -------------------- 100,00
13         100        0          0          5309               265,45             4              0,20                     20         20         -------------------- 100,00
14         100        0          0          0                  0,00               0              0,00                     20         20         NaN                        
21         59         0          41         39353              1967,65            41             2,05                     20         20         ------------ 59,00         
27         100        0          0          56873              2843,65            57             2,85                     20         20         -------------------- 100,00
30         100        0          0          6266               313,30             4              0,20                     20         20         -------------------- 100,00
32         100        0          0          5309               265,45             4              0,20                     20         20         -------------------- 100,00
33         100        0          0          5309               265,45             4              0,20                     20         20         -------------------- 100,00
39         73         1          26         94080              4704,00            91             4,55                     20         20         --------------- 73,00      
53         98         0          2          93858              4692,90            90             4,50                     20         20         -------------------- 98,00 
63         92         0          8          52181              2609,05            55             2,75                     20         20         ------------------- 92,00  
67         92         0          8          53363              2668,15            55             2,75                     20         20         ------------------- 92,00  
72         96         0          4          5242               262,10             4              0,20                     20         20         -------------------- 96,00 
75         100        0          0          5310               265,50             4              0,20                     20         20         -------------------- 100,00
78         100        0          0          10                 0,50               0              0,00                     20         20         NaN                        
82         100        0          0          90                 4,50               0              0,00                     20         20         NaN                        
92         100        0          0          85                 4,25               0              0,00                     20         20         NaN                        
95         100        0          0          10                 0,50               0              0,00                     20         20         NaN                        
96         100        0          0          85                 4,25               0              0,00                     20         20         NaN                        
103        100        0          0          0                  0,00               0              0,00                     20         20         NaN                        
109        100        0          0          100                5,00               0              0,00                     20         20         NaN                        
110        100        0          0          100                5,00               0              0,00                     20         20         NaN                        
113        100        0          0          100                5,00               0              0,00                     20         20         NaN                        
114        100        0          0          810                40,50              0              0,00                     20         20         NaN                        
115        100        0          0          100                5,00               0              0,00                     20         20         NaN                        
119        100        0          0          1776               88,80              1              0,05                     20         20         -------------------- 100,00
126        99         0          1          1683               84,15              1              0,05                     20         20         -------------------- 99,00 
130        96         0          4          5242               262,10             4              0,20                     20         20         -------------------- 96,00 
133        100        0          0          500                25,00              0              0,00                     20         20         NaN                        
134        100        0          0          500                25,00              0              0,00                     20         20         NaN                        
137        100        0          0          100                5,00               0              0,00                     20         20         NaN                        
138        96         0          4          4599               229,95             4              0,20                     20         20         -------------------- 96,00 
144        100        0          0          100                5,00               0              0,00                     20         20         NaN                        
