contains the data for build a graph for analysis.
Exploration Boolean Negation
34 perturbation point.
NEGB : negation of boolean value.
20 linear problems to be resolved
linear problem are generated randomly
Perturbator IndexLoc   #Success   #Failure   #Exception #Call      #Perturtions   %Success                   
NEGB        3          1836       0          0          195590     1836           -------------------- 100,00
NEGB        12         1836       0          0          196685     1836           -------------------- 100,00
NEGB        13         1062       0          0          64665      1062           -------------------- 100,00
NEGB        14         0          0          0          0          0              NaN                        
NEGB        21         0          0          11191      3806904    11191           0,00                      
NEGB        27         11150      0          41         7780561    11191          -------------------- 99,63 
NEGB        30         1062       0          0          64665      1062           -------------------- 100,00
NEGB        32         1062       0          0          64665      1062           -------------------- 100,00
NEGB        33         1062       0          0          64665      1062           -------------------- 100,00
NEGB        39         13833      199        5743       22748058   19775          -------------- 69,95       
NEGB        53         18511      30         172        22200073   18713          -------------------- 98,92 
NEGB        63         9545       81         996        6948810    10622          ------------------ 89,86   
NEGB        67         8406       164        2049       6918049    10619          ---------------- 79,16     
NEGB        72         0          0          1062       32756      1062            0,00                      
NEGB        75         1062       0          0          64450      1062           -------------------- 100,00
NEGB        78         2          0          0          2          2              -------------------- 100,00
NEGB        82         18         0          0          230        18             -------------------- 100,00
NEGB        92         16         0          1          264        17             ------------------- 94,12  
NEGB        95         2          0          0          3          2              -------------------- 100,00
NEGB        96         17         0          0          152        17             -------------------- 100,00
NEGB        103        0          0          0          0          0              NaN                        
NEGB        109        0          0          20         20         20              0,00                      
NEGB        110        0          0          20         20         20              0,00                      
NEGB        113        0          0          20         20         20              0,00                      
NEGB        114        0          142        20         941        162             0,00                      
NEGB        115        20         0          0          20         20             -------------------- 100,00
NEGB        119        338        0          20         3463       358            ------------------- 94,41  
NEGB        126        0          0          338        3105       338             0,00                      
NEGB        130        0          0          1062       32756      1062            0,00                      
NEGB        133        0          0          100        300        100             0,00                      
NEGB        134        20         0          80         300        100            ---- 20,00                 
NEGB        137        0          20         0          20         20              0,00                      
NEGB        138        20         0          920        25978      940            - 2,13                     
NEGB        144        0          0          20         20         20              0,00                      
