detail per task and per Perturbator.
Exploration Boolean Negation
34 perturbation point.
NEGB : negation of boolean value.
20 linear problems to be resolved
linear problem are generated randomly
Task       Perturbator IndexLoc   #Success   #Failure   #Exception #Call      #Perturbations %Success                   
0          NEGB       3          148        0          0          22143      148            -------------------- 100,00
0          NEGB       12         148        0          0          21961      148            -------------------- 100,00
0          NEGB       13         84         0          0          7075       84             -------------------- 100,00
0          NEGB       14         0          0          0          0          0              NaN                        
0          NEGB       21         0          0          876        384126     876             0,00                      
0          NEGB       27         875        0          1          782137     876            -------------------- 99,89 
0          NEGB       30         84         0          0          7075       84             -------------------- 100,00
0          NEGB       32         84         0          0          7075       84             -------------------- 100,00
0          NEGB       33         84         0          0          7075       84             -------------------- 100,00
0          NEGB       39         1236       3          441        2606000    1680           --------------- 73,57      
0          NEGB       53         1582       0          14         2546418    1596           -------------------- 99,12 
0          NEGB       63         800        1          63         736338     864            ------------------- 92,59  
0          NEGB       67         757        3          104        730722     864            ------------------ 87,62   
0          NEGB       72         0          0          84         3570       84              0,00                      
0          NEGB       75         84         0          0          7056       84             -------------------- 100,00
0          NEGB       78         0          0          0          0          0              NaN                        
0          NEGB       82         0          0          0          0          0              NaN                        
0          NEGB       92         0          0          0          0          0              NaN                        
0          NEGB       95         0          0          0          0          0              NaN                        
0          NEGB       96         0          0          0          0          0              NaN                        
0          NEGB       103        0          0          0          0          0              NaN                        
0          NEGB       109        0          0          1          1          1               0,00                      
0          NEGB       110        0          0          1          1          1               0,00                      
0          NEGB       113        0          0          1          1          1               0,00                      
0          NEGB       114        0          4          1          15         5               0,00                      
0          NEGB       115        1          0          0          1          1              -------------------- 100,00
0          NEGB       119        19         0          1          210        20             ------------------- 95,00  
0          NEGB       126        0          0          19         190        19              0,00                      
0          NEGB       130        0          0          84         3570       84              0,00                      
0          NEGB       133        0          0          5          15         5               0,00                      
0          NEGB       134        1          0          4          15         5              ---- 20,00                 
0          NEGB       137        0          1          0          1          1               0,00                      
0          NEGB       138        1          0          80         3322       81             - 1,23                     
0          NEGB       144        0          0          1          1          1               0,00                      
1          NEGB       3          69         0          0          4802       69             -------------------- 100,00
1          NEGB       12         69         0          0          4815       69             -------------------- 100,00
1          NEGB       13         46         0          0          2131       46             -------------------- 100,00
1          NEGB       14         0          0          0          0          0              NaN                        
1          NEGB       21         0          0          446        99681      446             0,00                      
1          NEGB       27         444        0          2          206202     446            -------------------- 99,55 
1          NEGB       30         46         0          0          2131       46             -------------------- 100,00
1          NEGB       32         46         0          0          2131       46             -------------------- 100,00
1          NEGB       33         46         0          0          2131       46             -------------------- 100,00
1          NEGB       39         482        4          250        485872     736            -------------- 65,49       
1          NEGB       53         679        1          10         476820     690            -------------------- 98,41 
1          NEGB       63         356        2          30         149400     388            ------------------- 91,75  
1          NEGB       67         298        2          88         147066     388            ---------------- 76,80     
1          NEGB       72         0          0          46         1081       46              0,00                      
1          NEGB       75         46         0          0          2116       46             -------------------- 100,00
1          NEGB       78         0          0          0          0          0              NaN                        
1          NEGB       82         0          0          0          0          0              NaN                        
1          NEGB       92         0          0          0          0          0              NaN                        
1          NEGB       95         0          0          0          0          0              NaN                        
1          NEGB       96         0          0          0          0          0              NaN                        
1          NEGB       103        0          0          0          0          0              NaN                        
1          NEGB       109        0          0          1          1          1               0,00                      
1          NEGB       110        0          0          1          1          1               0,00                      
1          NEGB       113        0          0          1          1          1               0,00                      
1          NEGB       114        0          13         1          105        14              0,00                      
1          NEGB       115        1          0          0          1          1              -------------------- 100,00
1          NEGB       119        15         0          1          136        16             ------------------- 93,75  
1          NEGB       126        0          0          15         120        15              0,00                      
1          NEGB       130        0          0          46         1081       46              0,00                      
1          NEGB       133        0          0          5          15         5               0,00                      
1          NEGB       134        1          0          4          15         5              ---- 20,00                 
1          NEGB       137        0          1          0          1          1               0,00                      
1          NEGB       138        1          0          33         596        34             - 2,94                     
1          NEGB       144        0          0          1          1          1               0,00                      
2          NEGB       3          84         0          0          7029       84             -------------------- 100,00
2          NEGB       12         84         0          0          7058       84             -------------------- 100,00
2          NEGB       13         47         0          0          2213       47             -------------------- 100,00
2          NEGB       14         0          0          0          0          0              NaN                        
2          NEGB       21         0          0          478        114481     478             0,00                      
2          NEGB       27         478        0          0          235652     478            -------------------- 100,00
2          NEGB       30         47         0          0          2213       47             -------------------- 100,00
2          NEGB       32         47         0          0          2213       47             -------------------- 100,00
2          NEGB       33         47         0          0          2213       47             -------------------- 100,00
2          NEGB       39         546        10         243        577796     799            -------------- 68,34       
2          NEGB       53         739        4          9          565280     752            -------------------- 98,27 
2          NEGB       63         404        10         33         196112     447            ------------------- 90,38  
2          NEGB       67         359        14         73         191354     446            ----------------- 80,49    
2          NEGB       72         0          0          47         1128       47              0,00                      
2          NEGB       75         47         0          0          2209       47             -------------------- 100,00
2          NEGB       78         1          0          0          1          1              -------------------- 100,00
2          NEGB       82         17         0          0          224        17             -------------------- 100,00
2          NEGB       92         15         0          1          250        16             ------------------- 93,75  
2          NEGB       95         1          0          0          1          1              -------------------- 100,00
2          NEGB       96         16         0          0          138        16             -------------------- 100,00
2          NEGB       103        0          0          0          0          0              NaN                        
2          NEGB       109        0          0          1          1          1               0,00                      
2          NEGB       110        0          0          1          1          1               0,00                      
2          NEGB       113        0          0          1          1          1               0,00                      
2          NEGB       114        0          5          1          21         6               0,00                      
2          NEGB       115        1          0          0          1          1              -------------------- 100,00
2          NEGB       119        16         0          1          153        17             ------------------- 94,12  
2          NEGB       126        0          0          16         136        16              0,00                      
2          NEGB       130        0          0          47         1128       47              0,00                      
2          NEGB       133        0          0          5          15         5               0,00                      
2          NEGB       134        1          0          4          15         5              ---- 20,00                 
2          NEGB       137        0          1          0          1          1               0,00                      
2          NEGB       138        1          0          42         947        43             - 2,33                     
2          NEGB       144        0          0          1          1          1               0,00                      
3          NEGB       3          88         0          0          7691       88             -------------------- 100,00
3          NEGB       12         88         0          0          7767       88             -------------------- 100,00
3          NEGB       13         51         0          0          2635       51             -------------------- 100,00
3          NEGB       14         0          0          0          0          0              NaN                        
3          NEGB       21         0          0          635        201930     635             0,00                      
3          NEGB       27         632        0          3          414131     635            -------------------- 99,53 
3          NEGB       30         51         0          0          2635       51             -------------------- 100,00
3          NEGB       32         51         0          0          2635       51             -------------------- 100,00
3          NEGB       33         51         0          0          2635       51             -------------------- 100,00
3          NEGB       39         760        8          252        972150     1020           --------------- 74,51      
3          NEGB       53         964        2          3          941830     969            -------------------- 99,48 
3          NEGB       63         503        7          55         320316     565            ------------------ 89,03   
3          NEGB       67         447        21         97         322154     565            ---------------- 79,12     
3          NEGB       72         0          0          51         1326       51              0,00                      
3          NEGB       75         51         0          0          2601       51             -------------------- 100,00
3          NEGB       78         0          0          0          0          0              NaN                        
3          NEGB       82         0          0          0          0          0              NaN                        
3          NEGB       92         0          0          0          0          0              NaN                        
3          NEGB       95         0          0          0          0          0              NaN                        
3          NEGB       96         0          0          0          0          0              NaN                        
3          NEGB       103        0          0          0          0          0              NaN                        
3          NEGB       109        0          0          1          1          1               0,00                      
3          NEGB       110        0          0          1          1          1               0,00                      
3          NEGB       113        0          0          1          1          1               0,00                      
3          NEGB       114        0          4          1          15         5               0,00                      
3          NEGB       115        1          0          0          1          1              -------------------- 100,00
3          NEGB       119        19         0          1          210        20             ------------------- 95,00  
3          NEGB       126        0          0          19         190        19              0,00                      
3          NEGB       130        0          0          51         1326       51              0,00                      
3          NEGB       133        0          0          5          15         5               0,00                      
3          NEGB       134        1          0          4          15         5              ---- 20,00                 
3          NEGB       137        0          1          0          1          1               0,00                      
3          NEGB       138        1          0          47         1177       48             - 2,08                     
3          NEGB       144        0          0          1          1          1               0,00                      
4          NEGB       3          67         0          0          4417       67             -------------------- 100,00
4          NEGB       12         67         0          0          4497       67             -------------------- 100,00
4          NEGB       13         38         0          0          1463       38             -------------------- 100,00
4          NEGB       14         0          0          0          0          0              NaN                        
4          NEGB       21         0          0          394        77815      394             0,00                      
4          NEGB       27         392        0          2          161716     394            -------------------- 99,49 
4          NEGB       30         38         0          0          1463       38             -------------------- 100,00
4          NEGB       32         38         0          0          1463       38             -------------------- 100,00
4          NEGB       33         38         0          0          1463       38             -------------------- 100,00
4          NEGB       39         562        7          267        655160     836            -------------- 67,22       
4          NEGB       53         789        1          8          638652     798            -------------------- 98,87 
4          NEGB       63         448        1          19         219326     468            -------------------- 95,73 
4          NEGB       67         310        4          154        229784     468            -------------- 66,24       
4          NEGB       72         0          0          38         741        38              0,00                      
4          NEGB       75         38         0          0          1444       38             -------------------- 100,00
4          NEGB       78         0          0          0          0          0              NaN                        
4          NEGB       82         0          0          0          0          0              NaN                        
4          NEGB       92         0          0          0          0          0              NaN                        
4          NEGB       95         0          0          0          0          0              NaN                        
4          NEGB       96         0          0          0          0          0              NaN                        
4          NEGB       103        0          0          0          0          0              NaN                        
4          NEGB       109        0          0          1          1          1               0,00                      
4          NEGB       110        0          0          1          1          1               0,00                      
4          NEGB       113        0          0          1          1          1               0,00                      
4          NEGB       114        0          6          1          28         7               0,00                      
4          NEGB       115        1          0          0          1          1              -------------------- 100,00
4          NEGB       119        21         0          1          253        22             -------------------- 95,45 
4          NEGB       126        0          0          21         231        21              0,00                      
4          NEGB       130        0          0          38         741        38              0,00                      
4          NEGB       133        0          0          5          15         5               0,00                      
4          NEGB       134        1          0          4          15         5              ---- 20,00                 
4          NEGB       137        0          1          0          1          1               0,00                      
4          NEGB       138        1          0          32         562        33             - 3,03                     
4          NEGB       144        0          0          1          1          1               0,00                      
5          NEGB       3          111        0          0          12391      111            -------------------- 100,00
5          NEGB       12         111        0          0          12323      111            -------------------- 100,00
5          NEGB       13         56         0          0          3180       56             -------------------- 100,00
5          NEGB       14         0          0          0          0          0              NaN                        
5          NEGB       21         0          0          744        277140     744             0,00                      
5          NEGB       27         742        0          2          569550     744            -------------------- 99,73 
5          NEGB       30         56         0          0          3180       56             -------------------- 100,00
5          NEGB       32         56         0          0          3180       56             -------------------- 100,00
5          NEGB       33         56         0          0          3180       56             -------------------- 100,00
5          NEGB       39         886        0          346        1475320    1232           --------------- 71,92      
5          NEGB       53         1168       3          5          1388667    1176           -------------------- 99,32 
5          NEGB       63         591        5          79         460057     675            ------------------ 87,56   
5          NEGB       67         546        18         111        467217     675            ----------------- 80,89    
5          NEGB       72         0          0          56         1596       56              0,00                      
5          NEGB       75         56         0          0          3136       56             -------------------- 100,00
5          NEGB       78         0          0          0          0          0              NaN                        
5          NEGB       82         0          0          0          0          0              NaN                        
5          NEGB       92         0          0          0          0          0              NaN                        
5          NEGB       95         0          0          0          0          0              NaN                        
5          NEGB       96         0          0          0          0          0              NaN                        
5          NEGB       103        0          0          0          0          0              NaN                        
5          NEGB       109        0          0          1          1          1               0,00                      
5          NEGB       110        0          0          1          1          1               0,00                      
5          NEGB       113        0          0          1          1          1               0,00                      
5          NEGB       114        0          6          1          28         7               0,00                      
5          NEGB       115        1          0          0          1          1              -------------------- 100,00
5          NEGB       119        21         0          1          253        22             -------------------- 95,45 
5          NEGB       126        0          0          21         231        21              0,00                      
5          NEGB       130        0          0          56         1596       56              0,00                      
5          NEGB       133        0          0          5          15         5               0,00                      
5          NEGB       134        1          0          4          15         5              ---- 20,00                 
5          NEGB       137        0          1          0          1          1               0,00                      
5          NEGB       138        1          0          50         1327       51             - 1,96                     
5          NEGB       144        0          0          1          1          1               0,00                      
6          NEGB       3          112        0          0          12473      112            -------------------- 100,00
6          NEGB       12         112        0          0          12586      112            -------------------- 100,00
6          NEGB       13         66         0          0          4378       66             -------------------- 100,00
6          NEGB       14         0          0          0          0          0              NaN                        
6          NEGB       21         0          0          768        295296     768             0,00                      
6          NEGB       27         766        0          2          602677     768            -------------------- 99,74 
6          NEGB       30         66         0          0          4378       66             -------------------- 100,00
6          NEGB       32         66         0          0          4378       66             -------------------- 100,00
6          NEGB       33         66         0          0          4378       66             -------------------- 100,00
6          NEGB       39         999        13         308        1641700    1320           ---------------- 75,68     
6          NEGB       53         1248       0          6          1575366    1254           -------------------- 99,52 
6          NEGB       63         594        2          77         456586     673            ------------------ 88,26   
6          NEGB       67         576        1          96         458840     673            ------------------ 85,59   
6          NEGB       72         0          0          66         2211       66              0,00                      
6          NEGB       75         66         0          0          4356       66             -------------------- 100,00
6          NEGB       78         0          0          0          0          0              NaN                        
6          NEGB       82         0          0          0          0          0              NaN                        
6          NEGB       92         0          0          0          0          0              NaN                        
6          NEGB       95         0          0          0          0          0              NaN                        
6          NEGB       96         0          0          0          0          0              NaN                        
6          NEGB       103        0          0          0          0          0              NaN                        
6          NEGB       109        0          0          1          1          1               0,00                      
6          NEGB       110        0          0          1          1          1               0,00                      
6          NEGB       113        0          0          1          1          1               0,00                      
6          NEGB       114        0          3          1          10         4               0,00                      
6          NEGB       115        1          0          0          1          1              -------------------- 100,00
6          NEGB       119        19         0          1          210        20             ------------------- 95,00  
6          NEGB       126        0          0          19         190        19              0,00                      
6          NEGB       130        0          0          66         2211       66              0,00                      
6          NEGB       133        0          0          5          15         5               0,00                      
6          NEGB       134        1          0          4          15         5              ---- 20,00                 
6          NEGB       137        0          1          0          1          1               0,00                      
6          NEGB       138        1          0          63         2081       64             - 1,56                     
6          NEGB       144        0          0          1          1          1               0,00                      
7          NEGB       3          108        0          0          11703      108            -------------------- 100,00
7          NEGB       12         108        0          0          11728      108            -------------------- 100,00
7          NEGB       13         67         0          0          4522       67             -------------------- 100,00
7          NEGB       14         0          0          0          0          0              NaN                        
7          NEGB       21         0          0          734        269745     734             0,00                      
7          NEGB       27         732        0          2          550688     734            -------------------- 99,73 
7          NEGB       30         67         0          0          4522       67             -------------------- 100,00
7          NEGB       32         67         0          0          4522       67             -------------------- 100,00
7          NEGB       33         67         0          0          4522       67             -------------------- 100,00
7          NEGB       39         853        44         309        1327941    1206           --------------- 70,73      
7          NEGB       53         1119       5          15         1297304    1139           -------------------- 98,24 
7          NEGB       63         596        11         47         423865     654            ------------------- 91,13  
7          NEGB       67         507        26         121        420279     654            ---------------- 77,52     
7          NEGB       72         0          0          67         2278       67              0,00                      
7          NEGB       75         67         0          0          4489       67             -------------------- 100,00
7          NEGB       78         0          0          0          0          0              NaN                        
7          NEGB       82         0          0          0          0          0              NaN                        
7          NEGB       92         0          0          0          0          0              NaN                        
7          NEGB       95         0          0          0          0          0              NaN                        
7          NEGB       96         0          0          0          0          0              NaN                        
7          NEGB       103        0          0          0          0          0              NaN                        
7          NEGB       109        0          0          1          1          1               0,00                      
7          NEGB       110        0          0          1          1          1               0,00                      
7          NEGB       113        0          0          1          1          1               0,00                      
7          NEGB       114        0          18         1          190        19              0,00                      
7          NEGB       115        1          0          0          1          1              -------------------- 100,00
7          NEGB       119        17         0          1          171        18             ------------------- 94,44  
7          NEGB       126        0          0          17         153        17              0,00                      
7          NEGB       130        0          0          67         2278       67              0,00                      
7          NEGB       133        0          0          5          15         5               0,00                      
7          NEGB       134        1          0          4          15         5              ---- 20,00                 
7          NEGB       137        0          1          0          1          1               0,00                      
7          NEGB       138        1          0          49         1276       50             - 2,00                     
7          NEGB       144        0          0          1          1          1               0,00                      
8          NEGB       3          87         0          0          7490       87             -------------------- 100,00
8          NEGB       12         87         0          0          7625       87             -------------------- 100,00
8          NEGB       13         52         0          0          2707       52             -------------------- 100,00
8          NEGB       14         0          0          0          0          0              NaN                        
8          NEGB       21         0          0          549        150975     549             0,00                      
8          NEGB       27         547        0          2          310119     549            -------------------- 99,64 
8          NEGB       30         52         0          0          2707       52             -------------------- 100,00
8          NEGB       32         52         0          0          2707       52             -------------------- 100,00
8          NEGB       33         52         0          0          2707       52             -------------------- 100,00
8          NEGB       39         579        30         275        730847     884            -------------- 65,50       
8          NEGB       53         818        5          9          692064     832            -------------------- 98,32 
8          NEGB       63         392        13         43         200170     448            ------------------ 87,50   
8          NEGB       67         332        30         86         194291     448            --------------- 74,11      
8          NEGB       72         0          0          52         1378       52              0,00                      
8          NEGB       75         52         0          0          2704       52             -------------------- 100,00
8          NEGB       78         0          0          0          0          0              NaN                        
8          NEGB       82         0          0          0          0          0              NaN                        
8          NEGB       92         0          0          0          0          0              NaN                        
8          NEGB       95         0          0          0          0          0              NaN                        
8          NEGB       96         0          0          0          0          0              NaN                        
8          NEGB       103        0          0          0          0          0              NaN                        
8          NEGB       109        0          0          1          1          1               0,00                      
8          NEGB       110        0          0          1          1          1               0,00                      
8          NEGB       113        0          0          1          1          1               0,00                      
8          NEGB       114        0          7          1          36         8               0,00                      
8          NEGB       115        1          0          0          1          1              -------------------- 100,00
8          NEGB       119        16         0          1          153        17             ------------------- 94,12  
8          NEGB       126        0          0          16         136        16              0,00                      
8          NEGB       130        0          0          52         1378       52              0,00                      
8          NEGB       133        0          0          5          15         5               0,00                      
8          NEGB       134        1          0          4          15         5              ---- 20,00                 
8          NEGB       137        0          1          0          1          1               0,00                      
8          NEGB       138        1          0          45         1082       46             - 2,17                     
8          NEGB       144        0          0          1          1          1               0,00                      
9          NEGB       3          100        0          0          9999       100            -------------------- 100,00
9          NEGB       12         100        0          0          10022      100            -------------------- 100,00
9          NEGB       13         57         0          0          3243       57             -------------------- 100,00
9          NEGB       14         0          0          0          0          0              NaN                        
9          NEGB       21         0          0          552        152628     552             0,00                      
9          NEGB       27         550        0          2          311777     552            -------------------- 99,64 
9          NEGB       30         57         0          0          3243       57             -------------------- 100,00
9          NEGB       32         57         0          0          3243       57             -------------------- 100,00
9          NEGB       33         57         0          0          3243       57             -------------------- 100,00
9          NEGB       39         648        13         308        820216     969            -------------- 66,87       
9          NEGB       53         902        0          10         831600     912            -------------------- 98,90 
9          NEGB       63         481        1          50         279009     532            ------------------- 90,41  
9          NEGB       67         412        1          118        272791     531            ---------------- 77,59     
9          NEGB       72         0          0          57         1653       57              0,00                      
9          NEGB       75         57         0          0          3249       57             -------------------- 100,00
9          NEGB       78         0          0          0          0          0              NaN                        
9          NEGB       82         0          0          0          0          0              NaN                        
9          NEGB       92         0          0          0          0          0              NaN                        
9          NEGB       95         0          0          0          0          0              NaN                        
9          NEGB       96         0          0          0          0          0              NaN                        
9          NEGB       103        0          0          0          0          0              NaN                        
9          NEGB       109        0          0          1          1          1               0,00                      
9          NEGB       110        0          0          1          1          1               0,00                      
9          NEGB       113        0          0          1          1          1               0,00                      
9          NEGB       114        0          7          1          36         8               0,00                      
9          NEGB       115        1          0          0          1          1              -------------------- 100,00
9          NEGB       119        16         0          1          153        17             ------------------- 94,12  
9          NEGB       126        0          0          16         136        16              0,00                      
9          NEGB       130        0          0          57         1653       57              0,00                      
9          NEGB       133        0          0          5          15         5               0,00                      
9          NEGB       134        1          0          4          15         5              ---- 20,00                 
9          NEGB       137        0          1          0          1          1               0,00                      
9          NEGB       138        1          0          50         1327       51             - 1,96                     
9          NEGB       144        0          0          1          1          1               0,00                      
10         NEGB       3          47         0          0          2215       47             -------------------- 100,00
10         NEGB       12         47         0          0          2228       47             -------------------- 100,00
10         NEGB       13         30         0          0          914        30             -------------------- 100,00
10         NEGB       14         0          0          0          0          0              NaN                        
10         NEGB       21         0          0          318        50721      318             0,00                      
10         NEGB       27         316        0          2          106268     318            -------------------- 99,37 
10         NEGB       30         30         0          0          914        30             -------------------- 100,00
10         NEGB       32         30         0          0          914        30             -------------------- 100,00
10         NEGB       33         30         0          0          914        30             -------------------- 100,00
10         NEGB       39         327        5          208        300816     540            ------------- 60,56        
10         NEGB       53         505        1          4          261766     510            -------------------- 99,02 
10         NEGB       63         308        1          12         103522     321            -------------------- 95,95 
10         NEGB       67         266        1          54         106050     321            ----------------- 82,87    
10         NEGB       72         0          0          30         465        30              0,00                      
10         NEGB       75         30         0          0          900        30             -------------------- 100,00
10         NEGB       78         0          0          0          0          0              NaN                        
10         NEGB       82         0          0          0          0          0              NaN                        
10         NEGB       92         0          0          0          0          0              NaN                        
10         NEGB       95         0          0          0          0          0              NaN                        
10         NEGB       96         0          0          0          0          0              NaN                        
10         NEGB       103        0          0          0          0          0              NaN                        
10         NEGB       109        0          0          1          1          1               0,00                      
10         NEGB       110        0          0          1          1          1               0,00                      
10         NEGB       113        0          0          1          1          1               0,00                      
10         NEGB       114        0          3          1          10         4               0,00                      
10         NEGB       115        1          0          0          1          1              -------------------- 100,00
10         NEGB       119        17         0          1          171        18             ------------------- 94,44  
10         NEGB       126        0          0          17         153        17              0,00                      
10         NEGB       130        0          0          30         465        30              0,00                      
10         NEGB       133        0          0          5          15         5               0,00                      
10         NEGB       134        1          0          4          15         5              ---- 20,00                 
10         NEGB       137        0          1          0          1          1               0,00                      
10         NEGB       138        1          0          27         407        28             - 3,57                     
10         NEGB       144        0          0          1          1          1               0,00                      
11         NEGB       3          53         0          0          2806       53             -------------------- 100,00
11         NEGB       12         53         0          0          2825       53             -------------------- 100,00
11         NEGB       13         32         0          0          1034       32             -------------------- 100,00
11         NEGB       14         0          0          0          0          0              NaN                        
11         NEGB       21         0          0          307        47278      307             0,00                      
11         NEGB       27         305        0          2          97359      307            -------------------- 99,35 
11         NEGB       30         32         0          0          1034       32             -------------------- 100,00
11         NEGB       32         32         0          0          1034       32             -------------------- 100,00
11         NEGB       33         32         0          0          1034       32             -------------------- 100,00
11         NEGB       39         326        6          180        238144     512            ------------- 63,67        
11         NEGB       53         471        0          9          231060     480            -------------------- 98,13 
11         NEGB       63         246        3          32         78667      281            ------------------ 87,54   
11         NEGB       67         194        3          84         78085      281            -------------- 69,04       
11         NEGB       72         0          0          32         528        32              0,00                      
11         NEGB       75         32         0          0          1024       32             -------------------- 100,00
11         NEGB       78         0          0          0          0          0              NaN                        
11         NEGB       82         0          0          0          0          0              NaN                        
11         NEGB       92         0          0          0          0          0              NaN                        
11         NEGB       95         0          0          0          0          0              NaN                        
11         NEGB       96         0          0          0          0          0              NaN                        
11         NEGB       103        0          0          0          0          0              NaN                        
11         NEGB       109        0          0          1          1          1               0,00                      
11         NEGB       110        0          0          1          1          1               0,00                      
11         NEGB       113        0          0          1          1          1               0,00                      
11         NEGB       114        0          4          1          15         5               0,00                      
11         NEGB       115        1          0          0          1          1              -------------------- 100,00
11         NEGB       119        15         0          1          136        16             ------------------- 93,75  
11         NEGB       126        0          0          15         120        15              0,00                      
11         NEGB       130        0          0          32         528        32              0,00                      
11         NEGB       133        0          0          5          15         5               0,00                      
11         NEGB       134        1          0          4          15         5              ---- 20,00                 
11         NEGB       137        0          1          0          1          1               0,00                      
11         NEGB       138        1          0          28         436        29             - 3,45                     
11         NEGB       144        0          0          1          1          1               0,00                      
12         NEGB       3          175        0          0          30639      175            -------------------- 100,00
12         NEGB       12         175        0          0          30686      175            -------------------- 100,00
12         NEGB       13         101        0          0          10223      101            -------------------- 100,00
12         NEGB       14         0          0          0          0          0              NaN                        
12         NEGB       21         0          0          1175       690900     1175            0,00                      
12         NEGB       27         1173       0          2          1402670    1175           -------------------- 99,83 
12         NEGB       30         101        0          0          10223      101            -------------------- 100,00
12         NEGB       32         101        0          0          10223      101            -------------------- 100,00
12         NEGB       33         101        0          0          10223      101            -------------------- 100,00
12         NEGB       39         1666       23         533        4606129    2222           --------------- 74,98      
12         NEGB       53         2108       3          10         4501287    2121           -------------------- 99,39 
12         NEGB       63         993        8          190        1397454    1191           ----------------- 83,38    
12         NEGB       67         927        14         250        1397682    1191           ---------------- 77,83     
12         NEGB       72         0          0          101        5151       101             0,00                      
12         NEGB       75         101        0          0          10201      101            -------------------- 100,00
12         NEGB       78         0          0          0          0          0              NaN                        
12         NEGB       82         0          0          0          0          0              NaN                        
12         NEGB       92         0          0          0          0          0              NaN                        
12         NEGB       95         0          0          0          0          0              NaN                        
12         NEGB       96         0          0          0          0          0              NaN                        
12         NEGB       103        0          0          0          0          0              NaN                        
12         NEGB       109        0          0          1          1          1               0,00                      
12         NEGB       110        0          0          1          1          1               0,00                      
12         NEGB       113        0          0          1          1          1               0,00                      
12         NEGB       114        0          10         1          66         11              0,00                      
12         NEGB       115        1          0          0          1          1              -------------------- 100,00
12         NEGB       119        21         0          1          253        22             -------------------- 95,45 
12         NEGB       126        0          0          21         231        21              0,00                      
12         NEGB       130        0          0          101        5151       101             0,00                      
12         NEGB       133        0          0          5          15         5               0,00                      
12         NEGB       134        1          0          4          15         5              ---- 20,00                 
12         NEGB       137        0          1          0          1          1               0,00                      
12         NEGB       138        1          0          91         4279       92             - 1,09                     
12         NEGB       144        0          0          1          1          1               0,00                      
13         NEGB       3          95         0          0          9086       95             -------------------- 100,00
13         NEGB       12         95         0          0          9073       95             -------------------- 100,00
13         NEGB       13         55         0          0          3042       55             -------------------- 100,00
13         NEGB       14         0          0          0          0          0              NaN                        
13         NEGB       21         0          0          512        131328     512             0,00                      
13         NEGB       27         510        0          2          269297     512            -------------------- 99,61 
13         NEGB       30         55         0          0          3042       55             -------------------- 100,00
13         NEGB       32         55         0          0          3042       55             -------------------- 100,00
13         NEGB       33         55         0          0          3042       55             -------------------- 100,00
13         NEGB       39         775        2          268        1004416    1045           --------------- 74,16      
13         NEGB       53         982        0          8          983160     990            -------------------- 99,19 
13         NEGB       63         512        5          32         299325     549            ------------------- 93,26  
13         NEGB       67         447        7          95         296935     549            ----------------- 81,42    
13         NEGB       72         0          0          55         1540       55              0,00                      
13         NEGB       75         55         0          0          3025       55             -------------------- 100,00
13         NEGB       78         0          0          0          0          0              NaN                        
13         NEGB       82         0          0          0          0          0              NaN                        
13         NEGB       92         0          0          0          0          0              NaN                        
13         NEGB       95         0          0          0          0          0              NaN                        
13         NEGB       96         0          0          0          0          0              NaN                        
13         NEGB       103        0          0          0          0          0              NaN                        
13         NEGB       109        0          0          1          1          1               0,00                      
13         NEGB       110        0          0          1          1          1               0,00                      
13         NEGB       113        0          0          1          1          1               0,00                      
13         NEGB       114        0          4          1          15         5               0,00                      
13         NEGB       115        1          0          0          1          1              -------------------- 100,00
13         NEGB       119        18         0          1          190        19             ------------------- 94,74  
13         NEGB       126        0          0          18         171        18              0,00                      
13         NEGB       130        0          0          55         1540       55              0,00                      
13         NEGB       133        0          0          5          15         5               0,00                      
13         NEGB       134        1          0          4          15         5              ---- 20,00                 
13         NEGB       137        0          1          0          1          1               0,00                      
13         NEGB       138        1          0          51         1379       52             - 1,92                     
13         NEGB       144        0          0          1          1          1               0,00                      
14         NEGB       3          55         0          0          2999       55             -------------------- 100,00
14         NEGB       12         55         0          0          3053       55             -------------------- 100,00
14         NEGB       13         33         0          0          1089       33             -------------------- 100,00
14         NEGB       14         0          0          0          0          0              NaN                        
14         NEGB       21         0          0          291        42486      291             0,00                      
14         NEGB       27         287        0          4          87497      291            -------------------- 98,63 
14         NEGB       30         33         0          0          1089       33             -------------------- 100,00
14         NEGB       32         33         0          0          1089       33             -------------------- 100,00
14         NEGB       33         33         0          0          1089       33             -------------------- 100,00
14         NEGB       39         259        0          170        161434     429            ------------- 60,37        
14         NEGB       53         388        0          8          156828     396            -------------------- 97,98 
14         NEGB       63         210        0          21         52896      231            ------------------- 90,91  
14         NEGB       67         182        0          49         52680      231            ---------------- 78,79     
14         NEGB       72         0          0          33         561        33              0,00                      
14         NEGB       75         33         0          0          1089       33             -------------------- 100,00
14         NEGB       78         0          0          0          0          0              NaN                        
14         NEGB       82         0          0          0          0          0              NaN                        
14         NEGB       92         0          0          0          0          0              NaN                        
14         NEGB       95         0          0          0          0          0              NaN                        
14         NEGB       96         0          0          0          0          0              NaN                        
14         NEGB       103        0          0          0          0          0              NaN                        
14         NEGB       109        0          0          1          1          1               0,00                      
14         NEGB       110        0          0          1          1          1               0,00                      
14         NEGB       113        0          0          1          1          1               0,00                      
14         NEGB       114        0          6          1          28         7               0,00                      
14         NEGB       115        1          0          0          1          1              -------------------- 100,00
14         NEGB       119        12         0          1          91         13             ------------------- 92,31  
14         NEGB       126        0          0          12         78         12              0,00                      
14         NEGB       130        0          0          33         561        33              0,00                      
14         NEGB       133        0          0          5          15         5               0,00                      
14         NEGB       134        1          0          4          15         5              ---- 20,00                 
14         NEGB       137        0          1          0          1          1               0,00                      
14         NEGB       138        1          0          27         407        28             - 3,57                     
14         NEGB       144        0          0          1          1          1               0,00                      
15         NEGB       3          72         0          0          5230       72             -------------------- 100,00
15         NEGB       12         72         0          0          5214       72             -------------------- 100,00
15         NEGB       13         41         0          0          1696       41             -------------------- 100,00
15         NEGB       14         0          0          0          0          0              NaN                        
15         NEGB       21         0          0          377        71253      377             0,00                      
15         NEGB       27         376        0          1          147080     377            -------------------- 99,73 
15         NEGB       30         41         0          0          1696       41             -------------------- 100,00
15         NEGB       32         41         0          0          1696       41             -------------------- 100,00
15         NEGB       33         41         0          0          1696       41             -------------------- 100,00
15         NEGB       39         362        0          253        345510     615            ------------ 58,86         
15         NEGB       53         566        0          8          331072     574            -------------------- 98,61 
15         NEGB       63         311        0          33         117997     344            ------------------- 90,41  
15         NEGB       67         280        0          63         117339     343            ----------------- 81,63    
15         NEGB       72         0          0          41         861        41              0,00                      
15         NEGB       75         41         0          0          1681       41             -------------------- 100,00
15         NEGB       78         1          0          0          1          1              -------------------- 100,00
15         NEGB       82         1          0          0          6          1              -------------------- 100,00
15         NEGB       92         1          0          0          14         1              -------------------- 100,00
15         NEGB       95         1          0          0          2          1              -------------------- 100,00
15         NEGB       96         1          0          0          14         1              -------------------- 100,00
15         NEGB       103        0          0          0          0          0              NaN                        
15         NEGB       109        0          0          1          1          1               0,00                      
15         NEGB       110        0          0          1          1          1               0,00                      
15         NEGB       113        0          0          1          1          1               0,00                      
15         NEGB       114        0          5          1          21         6               0,00                      
15         NEGB       115        1          0          0          1          1              -------------------- 100,00
15         NEGB       119        14         0          1          120        15             ------------------- 93,33  
15         NEGB       126        0          0          14         105        14              0,00                      
15         NEGB       130        0          0          41         861        41              0,00                      
15         NEGB       133        0          0          5          15         5               0,00                      
15         NEGB       134        1          0          4          15         5              ---- 20,00                 
15         NEGB       137        0          1          0          1          1               0,00                      
15         NEGB       138        1          0          36         704        37             - 2,70                     
15         NEGB       144        0          0          1          1          1               0,00                      
16         NEGB       3          62         0          0          3827       62             -------------------- 100,00
16         NEGB       12         62         0          0          3874       62             -------------------- 100,00
16         NEGB       13         39         0          0          1520       39             -------------------- 100,00
16         NEGB       14         0          0          0          0          0              NaN                        
16         NEGB       21         0          0          335        56280      335             0,00                      
16         NEGB       27         335        0          0          115696     335            -------------------- 100,00
16         NEGB       30         39         0          0          1520       39             -------------------- 100,00
16         NEGB       32         39         0          0          1520       39             -------------------- 100,00
16         NEGB       33         39         0          0          1520       39             -------------------- 100,00
16         NEGB       39         425        10         189        351064     624            -------------- 68,11       
16         NEGB       53         578        2          5          342300     585            -------------------- 98,80 
16         NEGB       63         315        4          29         119298     348            ------------------- 90,52  
16         NEGB       67         284        10         54         118844     348            ----------------- 81,61    
16         NEGB       72         0          0          39         780        39              0,00                      
16         NEGB       75         39         0          0          1521       39             -------------------- 100,00
16         NEGB       78         0          0          0          0          0              NaN                        
16         NEGB       82         0          0          0          0          0              NaN                        
16         NEGB       92         0          0          0          0          0              NaN                        
16         NEGB       95         0          0          0          0          0              NaN                        
16         NEGB       96         0          0          0          0          0              NaN                        
16         NEGB       103        0          0          0          0          0              NaN                        
16         NEGB       109        0          0          1          1          1               0,00                      
16         NEGB       110        0          0          1          1          1               0,00                      
16         NEGB       113        0          0          1          1          1               0,00                      
16         NEGB       114        0          2          1          6          3               0,00                      
16         NEGB       115        1          0          0          1          1              -------------------- 100,00
16         NEGB       119        15         0          1          136        16             ------------------- 93,75  
16         NEGB       126        0          0          15         120        15              0,00                      
16         NEGB       130        0          0          39         780        39              0,00                      
16         NEGB       133        0          0          5          15         5               0,00                      
16         NEGB       134        1          0          4          15         5              ---- 20,00                 
16         NEGB       137        0          1          0          1          1               0,00                      
16         NEGB       138        1          0          37         742        38             - 2,63                     
16         NEGB       144        0          0          1          1          1               0,00                      
17         NEGB       3          176        0          0          30354      176            -------------------- 100,00
17         NEGB       12         176        0          0          30998      176            -------------------- 100,00
17         NEGB       13         95         0          0          8962       95             -------------------- 100,00
17         NEGB       14         0          0          0          0          0              NaN                        
17         NEGB       21         0          0          1089       593505     1089            0,00                      
17         NEGB       27         1086       0          3          1205721    1089           -------------------- 99,72 
17         NEGB       30         95         0          0          8962       95             -------------------- 100,00
17         NEGB       32         95         0          0          8962       95             -------------------- 100,00
17         NEGB       33         95         0          0          8962       95             -------------------- 100,00
17         NEGB       39         1446       5          639        3978711    2090           -------------- 69,19       
17         NEGB       53         1980       0          15         3977673    1995           -------------------- 99,25 
17         NEGB       63         1000       2          100        1193394    1102           ------------------- 90,74  
17         NEGB       67         875        0          227        1175107    1102           ---------------- 79,40     
17         NEGB       72         0          0          95         4560       95              0,00                      
17         NEGB       75         95         0          0          9025       95             -------------------- 100,00
17         NEGB       78         0          0          0          0          0              NaN                        
17         NEGB       82         0          0          0          0          0              NaN                        
17         NEGB       92         0          0          0          0          0              NaN                        
17         NEGB       95         0          0          0          0          0              NaN                        
17         NEGB       96         0          0          0          0          0              NaN                        
17         NEGB       103        0          0          0          0          0              NaN                        
17         NEGB       109        0          0          1          1          1               0,00                      
17         NEGB       110        0          0          1          1          1               0,00                      
17         NEGB       113        0          0          1          1          1               0,00                      
17         NEGB       114        0          18         1          190        19              0,00                      
17         NEGB       115        1          0          0          1          1              -------------------- 100,00
17         NEGB       119        21         0          1          253        22             -------------------- 95,45 
17         NEGB       126        0          0          21         231        21              0,00                      
17         NEGB       130        0          0          95         4560       95              0,00                      
17         NEGB       133        0          0          5          15         5               0,00                      
17         NEGB       134        1          0          4          15         5              ---- 20,00                 
17         NEGB       137        0          1          0          1          1               0,00                      
17         NEGB       138        1          0          77         3082       78             - 1,28                     
17         NEGB       144        0          0          1          1          1               0,00                      
18         NEGB       3          52         0          0          2686       52             -------------------- 100,00
18         NEGB       12         52         0          0          2727       52             -------------------- 100,00
18         NEGB       13         32         0          0          1025       32             -------------------- 100,00
18         NEGB       14         0          0          0          0          0              NaN                        
18         NEGB       21         0          0          230        26565      230             0,00                      
18         NEGB       27         228        0          2          54591      230            -------------------- 99,13 
18         NEGB       30         32         0          0          1025       32             -------------------- 100,00
18         NEGB       32         32         0          0          1025       32             -------------------- 100,00
18         NEGB       33         32         0          0          1025       32             -------------------- 100,00
18         NEGB       39         294        4          118        151177     416            --------------- 70,67      
18         NEGB       53         378        1          5          146892     384            -------------------- 98,44 
18         NEGB       63         212        2          23         53972      237            ------------------ 89,45   
18         NEGB       67         183        4          50         50093      237            ---------------- 77,22     
18         NEGB       72         0          0          32         528        32              0,00                      
18         NEGB       75         32         0          0          1024       32             -------------------- 100,00
18         NEGB       78         0          0          0          0          0              NaN                        
18         NEGB       82         0          0          0          0          0              NaN                        
18         NEGB       92         0          0          0          0          0              NaN                        
18         NEGB       95         0          0          0          0          0              NaN                        
18         NEGB       96         0          0          0          0          0              NaN                        
18         NEGB       103        0          0          0          0          0              NaN                        
18         NEGB       109        0          0          1          1          1               0,00                      
18         NEGB       110        0          0          1          1          1               0,00                      
18         NEGB       113        0          0          1          1          1               0,00                      
18         NEGB       114        0          6          1          28         7               0,00                      
18         NEGB       115        1          0          0          1          1              -------------------- 100,00
18         NEGB       119        12         0          1          91         13             ------------------- 92,31  
18         NEGB       126        0          0          12         78         12              0,00                      
18         NEGB       130        0          0          32         528        32              0,00                      
18         NEGB       133        0          0          5          15         5               0,00                      
18         NEGB       134        1          0          4          15         5              ---- 20,00                 
18         NEGB       137        0          1          0          1          1               0,00                      
18         NEGB       138        1          0          26         379        27             - 3,70                     
18         NEGB       144        0          0          1          1          1               0,00                      
19         NEGB       3          75         0          0          5610       75             -------------------- 100,00
19         NEGB       12         75         0          0          5625       75             -------------------- 100,00
19         NEGB       13         40         0          0          1613       40             -------------------- 100,00
19         NEGB       14         0          0          0          0          0              NaN                        
19         NEGB       21         0          0          381        72771      381             0,00                      
19         NEGB       27         376        0          5          149733     381            -------------------- 98,69 
19         NEGB       30         40         0          0          1613       40             -------------------- 100,00
19         NEGB       32         40         0          0          1613       40             -------------------- 100,00
19         NEGB       33         40         0          0          1613       40             -------------------- 100,00
19         NEGB       39         402        12         186        317655     600            -------------- 67,00       
19         NEGB       53         547        2          11         314034     560            -------------------- 97,68 
19         NEGB       63         273        3          28         91106      304            ------------------ 89,80   
19         NEGB       67         224        5          75         90736      304            --------------- 73,68      
19         NEGB       72         0          0          40         820        40              0,00                      
19         NEGB       75         40         0          0          1600       40             -------------------- 100,00
19         NEGB       78         0          0          0          0          0              NaN                        
19         NEGB       82         0          0          0          0          0              NaN                        
19         NEGB       92         0          0          0          0          0              NaN                        
19         NEGB       95         0          0          0          0          0              NaN                        
19         NEGB       96         0          0          0          0          0              NaN                        
19         NEGB       103        0          0          0          0          0              NaN                        
19         NEGB       109        0          0          1          1          1               0,00                      
19         NEGB       110        0          0          1          1          1               0,00                      
19         NEGB       113        0          0          1          1          1               0,00                      
19         NEGB       114        0          11         1          78         12              0,00                      
19         NEGB       115        1          0          0          1          1              -------------------- 100,00
19         NEGB       119        14         0          1          120        15             ------------------- 93,33  
19         NEGB       126        0          0          14         105        14              0,00                      
19         NEGB       130        0          0          40         820        40              0,00                      
19         NEGB       133        0          0          5          15         5               0,00                      
19         NEGB       134        1          0          4          15         5              ---- 20,00                 
19         NEGB       137        0          1          0          1          1               0,00                      
19         NEGB       138        1          0          29         466        30             - 3,33                     
19         NEGB       144        0          0          1          1          1               0,00                      
