aggregate data per location for Perturbator = NEGB
Exploration Boolean Negation
34 perturbation point.
NEGB : negation of boolean value.
20 linear problems to be resolved
linear problem are generated randomly
IndexLoc   #Success   #Failure   #Exception #CallAllExecs      AvgCallPerExec     #Perturbations AvgPerturbationPerExec   #Execs     #ExecsRef  AvgCallRefPerTask #Tasks     %Success                   
3          1836       0          0          195590             106,53             1836           1,00                     1836       1836       91.8              20         -------------------- 100,00
12         1836       0          0          196685             107,13             1836           1,00                     1836       1836       91.8              20         -------------------- 100,00
13         1062       0          0          64665              60,89              1062           1,00                     1062       1062       53.1              20         -------------------- 100,00
14         0          0          0          0                  NaN                0              NaN                      0          0          0.0               20         NaN                        
21         0          0          11191      3806904            340,18             11191          1,00                     11191      11191      559.55            20          0,00                      
27         11150      0          41         7780561            695,25             11191          1,00                     11191      11191      559.55            20         -------------------- 99,63 
30         1062       0          0          64665              60,89              1062           1,00                     1062       1062       53.1              20         -------------------- 100,00
32         1062       0          0          64665              60,89              1062           1,00                     1062       1062       53.1              20         -------------------- 100,00
33         1062       0          0          64665              60,89              1062           1,00                     1062       1062       53.1              20         -------------------- 100,00
39         13833      199        5743       22748058           1150,34            19775          1,00                     19775      19775      988.75            20         -------------- 69,95       
53         18511      30         172        22200073           1186,34            18713          1,00                     18713      18713      935.65            20         -------------------- 98,92 
63         9545       81         996        6948810            654,19             10622          1,00                     10622      10622      531.1             20         ------------------ 89,86   
67         8406       164        2049       6918049            651,48             10619          1,00                     10619      10619      530.95            20         ---------------- 79,16     
72         0          0          1062       32756              30,84              1062           1,00                     1062       1062       53.1              20          0,00                      
75         1062       0          0          64450              60,69              1062           1,00                     1062       1062       53.1              20         -------------------- 100,00
78         2          0          0          2                  1,00               2              1,00                     2          2          0.1               20         -------------------- 100,00
82         18         0          0          230                12,78              18             1,00                     18         18         0.9               20         -------------------- 100,00
92         16         0          1          264                15,53              17             1,00                     17         17         0.85              20         ------------------- 94,12  
95         2          0          0          3                  1,50               2              1,00                     2          2          0.1               20         -------------------- 100,00
96         17         0          0          152                8,94               17             1,00                     17         17         0.85              20         -------------------- 100,00
103        0          0          0          0                  NaN                0              NaN                      0          0          0.0               20         NaN                        
109        0          0          20         20                 1,00               20             1,00                     20         20         1.0               20          0,00                      
110        0          0          20         20                 1,00               20             1,00                     20         20         1.0               20          0,00                      
113        0          0          20         20                 1,00               20             1,00                     20         20         1.0               20          0,00                      
114        0          142        20         941                5,81               162            1,00                     162        162        8.1               20          0,00                      
115        20         0          0          20                 1,00               20             1,00                     20         20         1.0               20         -------------------- 100,00
119        338        0          20         3463               9,67               358            1,00                     358        358        17.9              20         ------------------- 94,41  
126        0          0          338        3105               9,19               338            1,00                     338        338        16.9              20          0,00                      
130        0          0          1062       32756              30,84              1062           1,00                     1062       1062       53.1              20          0,00                      
133        0          0          100        300                3,00               100            1,00                     100        100        5.0               20          0,00                      
134        20         0          80         300                3,00               100            1,00                     100        100        5.0               20         ---- 20,00                 
137        0          20         0          20                 1,00               20             1,00                     20         20         1.0               20          0,00                      
138        20         0          920        25978              27,64              940            1,00                     940        940        47.0              20         - 2,13                     
144        0          0          20         20                 1,00               20             1,00                     20         20         1.0               20          0,00                      
