aggregate data per location for random rate = 0.25 and with Perturbator = NEGB
Exploration Boolean Negation
34 perturbation point.
NEGB : negation of boolean value.
20 linear problems to be resolved
linear problem are generated randomly
IndexLoc   #Success   #Failure   #Exception #CallAllExecs      AvgCallPerExec     #Perturbations AvgPerturbationPerExec   #Execs     #Tasks     %Success                   
3          100        0          0          8805               88,05              2247           22,47                    100        20         -------------------- 100,00
12         100        0          0          9815               98,15              2501           25,01                    100        20         -------------------- 100,00
13         100        0          0          5542               55,42              1389           13,89                    100        20         -------------------- 100,00
14         100        0          0          0                  0,00               0              0,00                     100        20         NaN                        
21         0          0          100        390                3,90               100            1,00                     100        20          0,00                      
27         11         0          89         627700669          6277006,69         158717795      1587177,95               100        20         --- 11,00                  
30         100        0          0          5542               55,42              1389           13,89                    100        20         -------------------- 100,00
32         100        0          0          5542               55,42              1389           13,89                    100        20         -------------------- 100,00
33         100        0          0          5542               55,42              1389           13,89                    100        20         -------------------- 100,00
39         0          0          100        1025               10,25              265            2,65                     100        20          0,00                      
53         14         7          79         218672             2186,72            54723          547,23                   100        20         --- 14,00                  
63         3          1          96         43296              432,96             10817          108,17                   100        20         - 3,00                     
67         0          1          99         62946              629,46             15719          157,19                   100        20          0,00                      
72         0          0          100        390                3,90               100            1,00                     100        20          0,00                      
75         100        0          0          5310               53,10              1333           13,33                    100        20         -------------------- 100,00
78         100        0          0          10                 0,10               1              0,01                     100        20         -------------------- 100,00
82         100        0          0          48                 0,48               12             0,12                     100        20         -------------------- 100,00
92         98         0          2          97                 0,97               27             0,27                     100        20         -------------------- 98,00 
95         100        0          0          10                 0,10               1              0,01                     100        20         -------------------- 100,00
96         100        0          0          27                 0,27               7              0,07                     100        20         -------------------- 100,00
103        100        0          0          0                  0,00               0              0,00                     100        20         NaN                        
109        72         0          28         100                1,00               28             0,28                     100        20         --------------- 72,00      
110        72         0          28         100                1,00               28             0,28                     100        20         --------------- 72,00      
113        72         0          28         100                1,00               28             0,28                     100        20         --------------- 72,00      
114        15         79         6          327                3,27               85             0,85                     100        20         --- 15,00                  
115        100        0          0          100                1,00               28             0,28                     100        20         -------------------- 100,00
119        99         0          1          385                3,85               99             0,99                     100        20         -------------------- 99,00 
126        2          0          98         382                3,82               98             0,98                     100        20         - 2,00                     
130        0          0          100        390                3,90               100            1,00                     100        20          0,00                      
133        21         0          79         299                2,99               79             0,79                     100        20         ----- 21,00                
134        28         0          72         299                2,99               79             0,79                     100        20         ------ 28,00               
137        72         28         0          100                1,00               28             0,28                     100        20         --------------- 72,00      
138        0          0          100        390                3,90               100            1,00                     100        20          0,00                      
144        72         0          28         100                1,00               28             0,28                     100        20         --------------- 72,00      
