aggregate data per location for random rate = 0.002 and with Perturbator = NEGB
Exploration Boolean Negation
34 perturbation point.
NEGB : negation of boolean value.
20 linear problems to be resolved
linear problem are generated randomly
IndexLoc   #Success   #Failure   #Exception #CallAllExecs      AvgCallPerExec     #Perturbations AvgPerturbationPerExec   #Execs     #Tasks     %Success                   
3          100        0          0          9158               91,58              14             0,14                     100        20         -------------------- 100,00
12         100        0          0          9177               91,77              14             0,14                     100        20         -------------------- 100,00
13         100        0          0          5317               53,17              7              0,07                     100        20         -------------------- 100,00
14         100        0          0          0                  0,00               0              0,00                     100        20         NaN                        
21         39         0          61         32461              324,61             61             0,61                     100        20         -------- 39,00             
27         99         0          1          57382              573,82             99             0,99                     100        20         -------------------- 99,00 
30         100        0          0          5317               53,17              7              0,07                     100        20         -------------------- 100,00
32         100        0          0          5317               53,17              7              0,07                     100        20         -------------------- 100,00
33         100        0          0          5317               53,17              7              0,07                     100        20         -------------------- 100,00
39         61         0          39         83963              839,63             136            1,36                     100        20         ------------- 61,00        
53         100        0          0          93863              938,63             154            1,54                     100        20         -------------------- 100,00
63         88         1          11         53303              533,03             94             0,94                     100        20         ------------------ 88,00   
67         86         2          12         52047              520,47             92             0,92                     100        20         ------------------ 86,00   
72         93         0          7          5108               51,08              7              0,07                     100        20         ------------------- 93,00  
75         100        0          0          5310               53,10              7              0,07                     100        20         -------------------- 100,00
78         100        0          0          10                 0,10               0              0,00                     100        20         NaN                        
82         100        0          0          90                 0,90               0              0,00                     100        20         NaN                        
92         100        0          0          85                 0,85               0              0,00                     100        20         NaN                        
95         100        0          0          10                 0,10               0              0,00                     100        20         NaN                        
96         100        0          0          85                 0,85               0              0,00                     100        20         NaN                        
103        100        0          0          0                  0,00               0              0,00                     100        20         NaN                        
109        100        0          0          100                1,00               0              0,00                     100        20         NaN                        
110        100        0          0          100                1,00               0              0,00                     100        20         NaN                        
113        100        0          0          100                1,00               0              0,00                     100        20         NaN                        
114        100        0          0          810                8,10               0              0,00                     100        20         NaN                        
115        100        0          0          100                1,00               0              0,00                     100        20         NaN                        
119        100        0          0          1748               17,48              3              0,03                     100        20         -------------------- 100,00
126        97         0          3          1668               16,68              3              0,03                     100        20         -------------------- 97,00 
130        93         0          7          5108               51,08              7              0,07                     100        20         ------------------- 93,00  
133        100        0          0          500                5,00               0              0,00                     100        20         NaN                        
134        100        0          0          500                5,00               0              0,00                     100        20         NaN                        
137        100        0          0          100                1,00               0              0,00                     100        20         NaN                        
138        93         0          7          4458               44,58              7              0,07                     100        20         ------------------- 93,00  
144        100        0          0          100                1,00               0              0,00                     100        20         NaN                        
