aggregate data per location for random rate = 0.3 and with Perturbator = NEGB
Exploration Boolean Negation
34 perturbation point.
NEGB : negation of boolean value.
20 linear problems to be resolved
linear problem are generated randomly
IndexLoc   #Success   #Failure   #Exception #CallAllExecs      AvgCallPerExec     #Perturbations AvgPerturbationPerExec   #Execs     #Tasks     %Success                   
3          100        0          0          8506               85,06              2596           25,96                    100        20         -------------------- 100,00
12         100        0          0          10024              100,24             3057           30,57                    100        20         -------------------- 100,00
13         100        0          0          5673               56,73              1690           16,90                    100        20         -------------------- 100,00
14         100        0          0          0                  0,00               0              0,00                     100        20         NaN                        
21         0          0          100        330                3,30               100            1,00                     100        20          0,00                      
27         0          0          100        659417991          6594179,91         202076699      2020766,99               100        20          0,00                      
30         100        0          0          5673               56,73              1690           16,90                    100        20         -------------------- 100,00
32         100        0          0          5673               56,73              1690           16,90                    100        20         -------------------- 100,00
33         100        0          0          5673               56,73              1690           16,90                    100        20         -------------------- 100,00
39         0          0          100        656                6,56               210            2,10                     100        20          0,00                      
53         5          1          94         241973             2419,73            72651          726,51                   100        20         - 5,00                     
63         1          7          92         43038              430,38             12956          129,56                   100        20         - 1,00                     
67         0          0          100        71682              716,82             21646          216,46                   100        20          0,00                      
72         0          0          100        330                3,30               100            1,00                     100        20          0,00                      
75         100        0          0          5310               53,10              1597           15,97                    100        20         -------------------- 100,00
78         100        0          0          10                 0,10               1              0,01                     100        20         -------------------- 100,00
82         100        0          0          40                 0,40               9              0,09                     100        20         -------------------- 100,00
92         98         0          2          93                 0,93               30             0,30                     100        20         -------------------- 98,00 
95         100        0          0          10                 0,10               1              0,01                     100        20         -------------------- 100,00
96         100        0          0          32                 0,32               9              0,09                     100        20         -------------------- 100,00
103        100        0          0          0                  0,00               0              0,00                     100        20         NaN                        
109        69         0          31         100                1,00               31             0,31                     100        20         -------------- 69,00       
110        69         0          31         100                1,00               31             0,31                     100        20         -------------- 69,00       
113        69         0          31         100                1,00               31             0,31                     100        20         -------------- 69,00       
114        11         85         4          299                2,99               89             0,89                     100        20         --- 11,00                  
115        100        0          0          100                1,00               31             0,31                     100        20         -------------------- 100,00
119        100        0          0          330                3,30               100            1,00                     100        20         -------------------- 100,00
126        0          0          100        330                3,30               100            1,00                     100        20          0,00                      
130        0          0          100        330                3,30               100            1,00                     100        20          0,00                      
133        18         0          82         287                2,87               82             0,82                     100        20         ---- 18,00                 
134        25         0          75         287                2,87               82             0,82                     100        20         ----- 25,00                
137        69         31         0          100                1,00               31             0,31                     100        20         -------------- 69,00       
138        0          0          100        330                3,30               100            1,00                     100        20          0,00                      
144        69         0          31         100                1,00               31             0,31                     100        20         -------------- 69,00       
