aggregate data per location for random rate = 0.005 and with Perturbator = NEGB
Exploration Boolean Negation
34 perturbation point.
NEGB : negation of boolean value.
20 linear problems to be resolved
linear problem are generated randomly
IndexLoc   #Success   #Failure   #Exception #CallAllExecs      AvgCallPerExec     #Perturbations AvgPerturbationPerExec   #Execs     #Tasks     %Success                   
3          100        0          0          9115               91,15              42             0,42                     100        20         -------------------- 100,00
12         100        0          0          9196               91,96              43             0,43                     100        20         -------------------- 100,00
13         100        0          0          5311               53,11              27             0,27                     100        20         -------------------- 100,00
14         100        0          0          0                  0,00               0              0,00                     100        20         NaN                        
21         8          0          92         18934              189,34             92             0,92                     100        20         -- 8,00                    
27         100        0          0          60255              602,55             294            2,94                     100        20         -------------------- 100,00
30         100        0          0          5311               53,11              27             0,27                     100        20         -------------------- 100,00
32         100        0          0          5311               53,11              27             0,27                     100        20         -------------------- 100,00
33         100        0          0          5311               53,11              27             0,27                     100        20         -------------------- 100,00
39         27         1          72         67506              675,06             331            3,31                     100        20         ------ 27,00               
53         97         1          2          94349              943,49             458            4,58                     100        20         -------------------- 97,00 
63         78         0          22         51851              518,51             254            2,54                     100        20         ---------------- 78,00     
67         54         4          42         51362              513,62             252            2,52                     100        20         ----------- 54,00          
72         77         0          23         4613               46,13              23             0,23                     100        20         ---------------- 77,00     
75         100        0          0          5310               53,10              27             0,27                     100        20         -------------------- 100,00
78         100        0          0          10                 0,10               0              0,00                     100        20         NaN                        
82         100        0          0          89                 0,89               1              0,01                     100        20         -------------------- 100,00
92         100        0          0          85                 0,85               1              0,01                     100        20         -------------------- 100,00
95         100        0          0          10                 0,10               0              0,00                     100        20         NaN                        
96         100        0          0          81                 0,81               1              0,01                     100        20         -------------------- 100,00
103        100        0          0          0                  0,00               0              0,00                     100        20         NaN                        
109        99         0          1          100                1,00               1              0,01                     100        20         -------------------- 99,00 
110        99         0          1          100                1,00               1              0,01                     100        20         -------------------- 99,00 
113        99         0          1          100                1,00               1              0,01                     100        20         -------------------- 99,00 
114        99         1          0          803                8,03               1              0,01                     100        20         -------------------- 99,00 
115        100        0          0          100                1,00               1              0,01                     100        20         -------------------- 100,00
119        98         0          2          1748               17,48              7              0,07                     100        20         -------------------- 98,00 
126        93         0          7          1642               16,42              7              0,07                     100        20         ------------------- 93,00  
130        77         0          23         4613               46,13              23             0,23                     100        20         ---------------- 77,00     
133        99         0          1          500                5,00               1              0,01                     100        20         -------------------- 99,00 
134        100        0          0          500                5,00               1              0,01                     100        20         -------------------- 100,00
137        99         1          0          100                1,00               1              0,01                     100        20         -------------------- 99,00 
138        83         0          17         4212               42,12              17             0,17                     100        20         ----------------- 83,00    
144        99         0          1          100                1,00               1              0,01                     100        20         -------------------- 99,00 
