aggregate data per location for random rate = 0.01 and with Perturbator = NEGB
Exploration Boolean Negation
34 perturbation point.
NEGB : negation of boolean value.
20 linear problems to be resolved
linear problem are generated randomly
IndexLoc   #Success   #Failure   #Exception #CallAllExecs      AvgCallPerExec     #Perturbations AvgPerturbationPerExec   #Execs     #Tasks     %Success                   
3          100        0          0          9138               91,38              94             0,94                     100        20         -------------------- 100,00
12         100        0          0          9236               92,36              95             0,95                     100        20         -------------------- 100,00
13         100        0          0          5323               53,23              58             0,58                     100        20         -------------------- 100,00
14         100        0          0          0                  0,00               0              0,00                     100        20         NaN                        
21         2          0          98         9545               95,45              98             0,98                     100        20         - 2,00                     
27         99         0          1          66419              664,19             671            6,71                     100        20         -------------------- 99,00 
30         100        0          0          5323               53,23              58             0,58                     100        20         -------------------- 100,00
32         100        0          0          5323               53,23              58             0,58                     100        20         -------------------- 100,00
33         100        0          0          5323               53,23              58             0,58                     100        20         -------------------- 100,00
39         8          0          92         45384              453,84             471            4,71                     100        20         -- 8,00                    
53         93         1          6          93955              939,55             939            9,39                     100        20         ------------------- 93,00  
63         57         3          40         50869              508,69             525            5,25                     100        20         ------------ 57,00         
67         39         2          59         50466              504,66             522            5,22                     100        20         -------- 39,00             
72         58         0          42         4129               41,29              42             0,42                     100        20         ------------ 58,00         
75         100        0          0          5310               53,10              58             0,58                     100        20         -------------------- 100,00
78         100        0          0          10                 0,10               0              0,00                     100        20         NaN                        
82         100        0          0          89                 0,89               1              0,01                     100        20         -------------------- 100,00
92         100        0          0          85                 0,85               1              0,01                     100        20         -------------------- 100,00
95         100        0          0          10                 0,10               0              0,00                     100        20         NaN                        
96         100        0          0          81                 0,81               1              0,01                     100        20         -------------------- 100,00
103        100        0          0          0                  0,00               0              0,00                     100        20         NaN                        
109        99         0          1          100                1,00               1              0,01                     100        20         -------------------- 99,00 
110        99         0          1          100                1,00               1              0,01                     100        20         -------------------- 99,00 
113        99         0          1          100                1,00               1              0,01                     100        20         -------------------- 99,00 
114        97         3          0          801                8,01               3              0,03                     100        20         -------------------- 97,00 
115        100        0          0          100                1,00               1              0,01                     100        20         -------------------- 100,00
119        99         0          1          1687               16,87              13             0,13                     100        20         -------------------- 99,00 
126        87         0          13         1614               16,14              13             0,13                     100        20         ------------------ 87,00   
130        58         0          42         4129               41,29              42             0,42                     100        20         ------------ 58,00         
133        98         0          2          499                4,99               2              0,02                     100        20         -------------------- 98,00 
134        99         0          1          499                4,99               2              0,02                     100        20         -------------------- 99,00 
137        99         1          0          100                1,00               1              0,01                     100        20         -------------------- 99,00 
138        65         0          35         3675               36,75              36             0,36                     100        20         ------------- 65,00        
144        99         0          1          100                1,00               1              0,01                     100        20         -------------------- 99,00 
