aggregate data per location for random rate = 0.5 and with Perturbator = NEGB
Exploration Boolean Negation
34 perturbation point.
NEGB : negation of boolean value.
20 linear problems to be resolved
linear problem are generated randomly
IndexLoc   #Success   #Failure   #Exception #CallAllExecs      AvgCallPerExec     #Perturbations AvgPerturbationPerExec   #Execs     #Tasks     %Success                   
3          100        0          0          7848               78,48              3941           39,41                    100        20         -------------------- 100,00
12         100        0          0          10486              104,86             5289           52,89                    100        20         -------------------- 100,00
13         100        0          0          5866               58,66              2917           29,17                    100        20         -------------------- 100,00
14         100        0          0          0                  0,00               0              0,00                     100        20         NaN                        
21         0          0          100        198                1,98               100            1,00                     100        20          0,00                      
27         0          0          100        581261114          5812611,14         293026238      2930262,38               100        20          0,00                      
30         100        0          0          5866               58,66              2917           29,17                    100        20         -------------------- 100,00
32         100        0          0          5866               58,66              2917           29,17                    100        20         -------------------- 100,00
33         100        0          0          5866               58,66              2917           29,17                    100        20         -------------------- 100,00
39         0          0          100        296                2,96               149            1,49                     100        20          0,00                      
53         2          2          96         1357069            13570,69           679473         6794,73                  100        20         - 2,00                     
63         0          2          98         39277              392,77             19662          196,62                   100        20          0,00                      
67         0          0          100        100700             1007,00            50749          507,49                   100        20          0,00                      
72         0          0          100        198                1,98               100            1,00                     100        20          0,00                      
75         100        0          0          5310               53,10              2659           26,59                    100        20         -------------------- 100,00
78         100        0          0          10                 0,10               4              0,04                     100        20         -------------------- 100,00
82         100        0          0          32                 0,32               14             0,14                     100        20         -------------------- 100,00
92         96         0          4          115                1,15               59             0,59                     100        20         -------------------- 96,00 
95         100        0          0          11                 0,11               4              0,04                     100        20         -------------------- 100,00
96         100        0          0          21                 0,21               11             0,11                     100        20         -------------------- 100,00
103        100        0          0          0                  0,00               0              0,00                     100        20         NaN                        
109        49         0          51         100                1,00               51             0,51                     100        20         ---------- 49,00           
110        49         0          51         100                1,00               51             0,51                     100        20         ---------- 49,00           
113        49         0          51         100                1,00               51             0,51                     100        20         ---------- 49,00           
114        1          99         0          196                1,96               99             0,99                     100        20         - 1,00                     
115        100        0          0          100                1,00               51             0,51                     100        20         -------------------- 100,00
119        100        0          0          198                1,98               100            1,00                     100        20         -------------------- 100,00
126        0          0          100        198                1,98               100            1,00                     100        20          0,00                      
130        0          0          100        198                1,98               100            1,00                     100        20          0,00                      
133        1          0          99         196                1,96               99             0,99                     100        20         - 1,00                     
134        5          0          95         196                1,96               99             0,99                     100        20         - 5,00                     
137        49         51         0          100                1,00               51             0,51                     100        20         ---------- 49,00           
138        0          0          100        198                1,98               100            1,00                     100        20          0,00                      
144        49         0          51         100                1,00               51             0,51                     100        20         ---------- 49,00           
