aggregate data per location for random rate = 0.001 and with Perturbator = 1
Exploration Plus One
111 perturbation point
PONE : plus one perturbator
20 linear problems to be resolved
linear problem are generated randomly
IndexLoc   #Success   #Failure   #Exception #CallAllExecs      AvgCallPerExec     #Perturbations AvgPerturbationPerExec   #Execs     #Tasks     %Success                   
0          100        0          0          5310               265,50             4              0,20                     20         20         -------------------- 100,00
1          100        0          0          9180               459,00             10             0,50                     20         20         -------------------- 100,00
2          100        0          0          9180               459,00             10             0,50                     20         20         -------------------- 100,00
4          100        0          0          9181               459,05             10             0,50                     20         20         -------------------- 100,00
5          100        0          0          9194               459,70             10             0,50                     20         20         -------------------- 100,00
6          100        0          0          9179               458,95             10             0,50                     20         20         -------------------- 100,00
7          100        0          0          9179               458,95             10             0,50                     20         20         -------------------- 100,00
8          100        0          0          9182               459,10             10             0,50                     20         20         -------------------- 100,00
9          100        0          0          9182               459,10             10             0,50                     20         20         -------------------- 100,00
10         100        0          0          9180               459,00             10             0,50                     20         20         -------------------- 100,00
11         100        0          0          9192               459,60             10             0,50                     20         20         -------------------- 100,00
15         100        0          0          5314               265,70             4              0,20                     20         20         -------------------- 100,00
16         100        0          0          5310               265,50             4              0,20                     20         20         -------------------- 100,00
17         100        0          0          55955              2797,75            57             2,85                     20         20         -------------------- 100,00
18         100        0          0          55955              2797,75            57             2,85                     20         20         -------------------- 100,00
19         100        0          0          55955              2797,75            57             2,85                     20         20         -------------------- 100,00
20         100        0          0          55955              2797,75            57             2,85                     20         20         -------------------- 100,00
22         100        0          0          56298              2814,90            57             2,85                     20         20         -------------------- 100,00
23         100        0          0          58403              2920,15            57             2,85                     20         20         -------------------- 100,00
24         100        0          0          55955              2797,75            57             2,85                     20         20         -------------------- 100,00
25         100        0          0          55955              2797,75            57             2,85                     20         20         -------------------- 100,00
26         100        0          0          56158              2807,90            57             2,85                     20         20         -------------------- 100,00
28         100        0          0          5310               265,50             4              0,20                     20         20         -------------------- 100,00
29         100        0          0          5316               265,80             4              0,20                     20         20         -------------------- 100,00
31         100        0          0          5310               265,50             4              0,20                     20         20         -------------------- 100,00
34         100        0          0          5316               265,80             4              0,20                     20         20         -------------------- 100,00
35         100        0          0          5310               265,50             4              0,20                     20         20         -------------------- 100,00
36         100        0          0          5310               265,50             4              0,20                     20         20         -------------------- 100,00
37         100        0          0          98871              4943,55            99             4,95                     20         20         -------------------- 100,00
38         93         0          7          94985              4749,25            93             4,65                     20         20         ------------------- 93,00  
40         96         0          4          91818              4590,90            89             4,45                     20         20         -------------------- 96,00 
41         44         0          56         54079              2703,95            56             2,80                     20         20         --------- 44,00            
42         86         1          13         92204              4610,20            89             4,45                     20         20         ------------------ 86,00   
43         44         0          56         54079              2703,95            56             2,80                     20         20         --------- 44,00            
44         99         0          1          93638              4681,90            90             4,50                     20         20         -------------------- 99,00 
45         95         1          4          91794              4589,70            89             4,45                     20         20         ------------------- 95,00  
46         98         0          2          93541              4677,05            90             4,50                     20         20         -------------------- 98,00 
47         98         0          2          93466              4673,30            90             4,50                     20         20         -------------------- 98,00 
48         100        0          0          93582              4679,10            90             4,50                     20         20         -------------------- 100,00
49         99         0          1          93565              4678,25            90             4,50                     20         20         -------------------- 99,00 
50         99         0          1          93565              4678,25            90             4,50                     20         20         -------------------- 99,00 
51         100        0          0          93565              4678,25            90             4,50                     20         20         -------------------- 100,00
52         99         0          1          93638              4681,90            90             4,50                     20         20         -------------------- 99,00 
54         99         0          1          53202              2660,10            55             2,75                     20         20         -------------------- 99,00 
55         100        0          0          53065              2653,25            55             2,75                     20         20         -------------------- 100,00
56         98         0          2          53182              2659,10            55             2,75                     20         20         -------------------- 98,00 
57         98         0          2          53182              2659,10            55             2,75                     20         20         -------------------- 98,00 
58         98         0          2          53078              2653,90            55             2,75                     20         20         -------------------- 98,00 
59         99         0          1          52810              2640,50            55             2,75                     20         20         -------------------- 99,00 
60         98         0          2          53090              2654,50            55             2,75                     20         20         -------------------- 98,00 
61         98         0          2          53090              2654,50            55             2,75                     20         20         -------------------- 98,00 
62         93         0          7          51985              2599,25            55             2,75                     20         20         ------------------- 93,00  
64         100        0          0          15                 0,75               0              0,00                     20         20         NaN                        
65         99         0          1          53147              2657,35            55             2,75                     20         20         -------------------- 99,00 
66         100        0          0          53095              2654,75            55             2,75                     20         20         -------------------- 100,00
68         99         0          1          15304              765,20             15             0,75                     20         20         -------------------- 99,00 
69         97         0          3          15199              759,95             15             0,75                     20         20         -------------------- 97,00 
70         100        0          0          5310               265,50             4              0,20                     20         20         -------------------- 100,00
71         96         0          4          5242               262,10             4              0,20                     20         20         -------------------- 96,00 
73         100        0          0          5310               265,50             4              0,20                     20         20         -------------------- 100,00
74         100        0          0          5310               265,50             4              0,20                     20         20         -------------------- 100,00
76         100        0          0          10                 0,50               0              0,00                     20         20         NaN                        
77         100        0          0          10                 0,50               0              0,00                     20         20         NaN                        
79         100        0          0          15                 0,75               0              0,00                     20         20         NaN                        
80         100        0          0          90                 4,50               0              0,00                     20         20         NaN                        
81         100        0          0          90                 4,50               0              0,00                     20         20         NaN                        
83         100        0          0          85                 4,25               0              0,00                     20         20         NaN                        
84         100        0          0          85                 4,25               0              0,00                     20         20         NaN                        
85         100        0          0          85                 4,25               0              0,00                     20         20         NaN                        
86         100        0          0          85                 4,25               0              0,00                     20         20         NaN                        
87         100        0          0          85                 4,25               0              0,00                     20         20         NaN                        
88         100        0          0          85                 4,25               0              0,00                     20         20         NaN                        
89         100        0          0          85                 4,25               0              0,00                     20         20         NaN                        
90         100        0          0          85                 4,25               0              0,00                     20         20         NaN                        
91         100        0          0          85                 4,25               0              0,00                     20         20         NaN                        
93         100        0          0          10                 0,50               0              0,00                     20         20         NaN                        
94         100        0          0          10                 0,50               0              0,00                     20         20         NaN                        
97         100        0          0          10                 0,50               0              0,00                     20         20         NaN                        
98         100        0          0          0                  0,00               0              0,00                     20         20         NaN                        
99         100        0          0          0                  0,00               0              0,00                     20         20         NaN                        
100        100        0          0          0                  0,00               0              0,00                     20         20         NaN                        
101        100        0          0          0                  0,00               0              0,00                     20         20         NaN                        
102        100        0          0          0                  0,00               0              0,00                     20         20         NaN                        
104        100        0          0          0                  0,00               0              0,00                     20         20         NaN                        
105        100        0          0          0                  0,00               0              0,00                     20         20         NaN                        
106        100        0          0          0                  0,00               0              0,00                     20         20         NaN                        
107        96         0          4          5242               262,10             4              0,20                     20         20         -------------------- 96,00 
108        98         0          2          5298               264,90             4              0,20                     20         20         -------------------- 98,00 
111        100        0          0          100                5,00               0              0,00                     20         20         NaN                        
112        100        0          0          100                5,00               0              0,00                     20         20         NaN                        
116        100        0          0          100                5,00               0              0,00                     20         20         NaN                        
117        100        0          0          1790               89,50              1              0,05                     20         20         -------------------- 100,00
118        100        0          0          1790               89,50              1              0,05                     20         20         -------------------- 100,00
120        100        0          0          1690               84,50              1              0,05                     20         20         -------------------- 100,00
121        100        0          0          1690               84,50              1              0,05                     20         20         -------------------- 100,00
122        99         0          1          1683               84,15              1              0,05                     20         20         -------------------- 99,00 
123        100        0          0          1690               84,50              1              0,05                     20         20         -------------------- 100,00
124        100        0          0          1690               84,50              1              0,05                     20         20         -------------------- 100,00
125        100        0          0          1690               84,50              1              0,05                     20         20         -------------------- 100,00
127        100        0          0          5316               265,80             4              0,20                     20         20         -------------------- 100,00
128        99         0          1          5292               264,60             4              0,20                     20         20         -------------------- 99,00 
129        99         0          1          5301               265,05             4              0,20                     20         20         -------------------- 99,00 
131        97         3          0          5298               264,90             4              0,20                     20         20         -------------------- 97,00 
132        99         0          1          5301               265,05             4              0,20                     20         20         -------------------- 99,00 
135        100        0          0          100                5,00               0              0,00                     20         20         NaN                        
136        100        0          0          100                5,00               0              0,00                     20         20         NaN                        
139        100        0          0          100                5,00               0              0,00                     20         20         NaN                        
140        100        0          0          100                5,00               0              0,00                     20         20         NaN                        
141        100        0          0          100                5,00               0              0,00                     20         20         NaN                        
142        100        0          0          100                5,00               0              0,00                     20         20         NaN                        
143        100        0          0          100                5,00               0              0,00                     20         20         NaN                        
