aggregate data per location for Magnitude = 100
Exploration Plus Magnitude
magnitude value : 1 5 10 20 50 75 100 
111 perturbation point
PM : Numerical Perturbator
20 linear problems to be resolved
linear problem are generated randomly
IndexLoc   #Success   #Failure   #Exception #CallAllExecs      AvgCallPerExec     #Perturbations AvgPerturbationPerExec   #Execs     #ExecsRef  AvgCallRefPerTask #Tasks     %Success                   
0          1062       0          0          64665              60,89              1062           1,00                     1062       1062       53.1              20         -------------------- 100,00
1          1836       0          0          195590             106,53             1836           1,00                     1836       1836       91.8              20         -------------------- 100,00
2          1836       0          0          196078             106,80             1836           1,00                     1836       1836       91.8              20         -------------------- 100,00
4          0          0          1836       98957              53,90              1836           1,00                     1836       1836       91.8              20          0,00                      
5          0          0          1836       98957              53,90              1836           1,00                     1836       1836       91.8              20          0,00                      
6          1836       0          0          194772             106,08             1836           1,00                     1836       1836       91.8              20         -------------------- 100,00
7          1836       0          0          194772             106,08             1836           1,00                     1836       1836       91.8              20         -------------------- 100,00
8          1836       0          0          197967             107,83             1836           1,00                     1836       1836       91.8              20         -------------------- 100,00
9          1836       0          0          197967             107,83             1836           1,00                     1836       1836       91.8              20         -------------------- 100,00
10         1836       0          0          194765             106,08             1836           1,00                     1836       1836       91.8              20         -------------------- 100,00
11         1836       0          0          197998             107,84             1836           1,00                     1836       1836       91.8              20         -------------------- 100,00
15         1062       0          0          66189              62,32              1062           1,00                     1062       1062       53.1              20         -------------------- 100,00
16         0          0          1062       32756              30,84              1062           1,00                     1062       1062       53.1              20          0,00                      
17         0          0          11191      3806904            340,18             11191          1,00                     11191      11191      559.55            20          0,00                      
18         11191      0          0          7602617            679,35             11191          1,00                     11191      11191      559.55            20         -------------------- 100,00
19         0          0          11191      3806904            340,18             11191          1,00                     11191      11191      559.55            20          0,00                      
20         11191      0          0          7602617            679,35             11191          1,00                     11191      11191      559.55            20         -------------------- 100,00
22         0          0          11191      3806904            340,18             11191          1,00                     11191      11191      559.55            20          0,00                      
23         0          0          11191      3806904            340,18             11191          1,00                     11191      11191      559.55            20          0,00                      
24         11150      0          41         7601272            679,23             11191          1,00                     11191      11191      559.55            20         -------------------- 99,63 
25         11150      0          41         7601272            679,23             11191          1,00                     11191      11191      559.55            20         -------------------- 99,63 
26         11191      0          0          7757310            693,17             11191          1,00                     11191      11191      559.55            20         -------------------- 100,00
28         1062       0          0          64450              60,69              1062           1,00                     1062       1062       53.1              20         -------------------- 100,00
29         0          0          1062       32756              30,84              1062           1,00                     1062       1062       53.1              20          0,00                      
31         0          0          1062       32756              30,84              1062           1,00                     1062       1062       53.1              20          0,00                      
34         0          0          1062       32756              30,84              1062           1,00                     1062       1062       53.1              20          0,00                      
35         1062       0          0          64450              60,69              1062           1,00                     1062       1062       53.1              20         -------------------- 100,00
36         0          0          1062       32756              30,84              1062           1,00                     1062       1062       53.1              20          0,00                      
37         14895      199        4681       23362412           1181,41            19775          1,00                     19775      19775      988.75            20         ---------------- 75,32     
38         18713      0          1062       23998367           1213,57            19775          1,00                     19775      19775      988.75            20         ------------------- 94,63  
40         0          0          18713      11099459           593,14             18713          1,00                     18713      18713      935.65            20          0,00                      
41         0          0          18713      11099459           593,14             18713          1,00                     18713      18713      935.65            20          0,00                      
42         0          0          18713      11099459           593,14             18713          1,00                     18713      18713      935.65            20          0,00                      
43         0          0          18713      11099459           593,14             18713          1,00                     18713      18713      935.65            20          0,00                      
44         18517      29         167        22177916           1185,16            18713          1,00                     18713      18713      935.65            20         -------------------- 98,95 
45         0          0          18713      11099459           593,14             18713          1,00                     18713      18713      935.65            20          0,00                      
46         0          0          18713      11099459           593,14             18713          1,00                     18713      18713      935.65            20          0,00                      
47         14956      196        3561       22144133           1183,36            18713          1,00                     18713      18713      935.65            20         ---------------- 79,92     
48         18707      1          5          22201380           1186,41            18713          1,00                     18713      18713      935.65            20         -------------------- 99,97 
49         18519      29         165        22178097           1185,17            18713          1,00                     18713      18713      935.65            20         -------------------- 98,96 
50         18519      29         165        22178097           1185,17            18713          1,00                     18713      18713      935.65            20         -------------------- 98,96 
51         18707      1          5          22202362           1186,47            18713          1,00                     18713      18713      935.65            20         -------------------- 99,97 
52         18517      29         167        22177916           1185,16            18713          1,00                     18713      18713      935.65            20         -------------------- 98,95 
54         10426      29         167        7010627            660,01             10622          1,00                     10622      10622      531.1             20         -------------------- 98,15 
55         7308       159        3155       6845020            644,42             10622          1,00                     10622      10622      531.1             20         -------------- 68,80       
56         10426      29         167        7010627            660,01             10622          1,00                     10622      10622      531.1             20         -------------------- 98,15 
57         10426      29         167        7010627            660,01             10622          1,00                     10622      10622      531.1             20         -------------------- 98,15 
58         10453      25         144        7010432            659,99             10622          1,00                     10622      10622      531.1             20         -------------------- 98,41 
59         8631       130        1861       6923278            651,79             10622          1,00                     10622      10622      531.1             20         ----------------- 81,26    
60         10426      29         167        7010627            660,01             10622          1,00                     10622      10622      531.1             20         -------------------- 98,15 
61         10622      0          0          7012765            660,21             10622          1,00                     10622      10622      531.1             20         -------------------- 100,00
62         10622      0          0          7012765            660,21             10622          1,00                     10622      10622      531.1             20         -------------------- 100,00
64         2          0          1          3                  1,00               3              1,00                     3          3          0.15              20         -------------- 66,67       
65         10423      29         167        7007991            659,95             10619          1,00                     10619      10619      530.95            20         -------------------- 98,15 
66         8602       135        1882       6920185            651,68             10619          1,00                     10619      10619      530.95            20         ----------------- 81,01    
68         2727       26         299        541969             177,58             3052           1,00                     3052       3052       152.6             20         ------------------ 89,35   
69         1990       0          1062       451094             147,80             3052           1,00                     3052       3052       152.6             20         -------------- 65,20       
70         1062       0          0          64450              60,69              1062           1,00                     1062       1062       53.1              20         -------------------- 100,00
71         1062       0          0          64450              60,69              1062           1,00                     1062       1062       53.1              20         -------------------- 100,00
73         1062       0          0          64450              60,69              1062           1,00                     1062       1062       53.1              20         -------------------- 100,00
74         1062       0          0          64450              60,69              1062           1,00                     1062       1062       53.1              20         -------------------- 100,00
76         2          0          0          2                  1,00               2              1,00                     2          2          0.1               20         -------------------- 100,00
77         2          0          0          2                  1,00               2              1,00                     2          2          0.1               20         -------------------- 100,00
79         3          0          0          6                  2,00               3              1,00                     3          3          0.15              20         -------------------- 100,00
80         18         0          0          229                12,72              18             1,00                     18         18         0.9               20         -------------------- 100,00
81         18         0          0          291                16,17              18             1,00                     18         18         0.9               20         -------------------- 100,00
83         0          0          17         137                8,06               17             1,00                     17         17         0.85              20          0,00                      
84         0          0          17         137                8,06               17             1,00                     17         17         0.85              20          0,00                      
85         0          0          17         137                8,06               17             1,00                     17         17         0.85              20          0,00                      
86         0          0          17         137                8,06               17             1,00                     17         17         0.85              20          0,00                      
87         0          0          17         137                8,06               17             1,00                     17         17         0.85              20          0,00                      
88         17         0          0          272                16,00              17             1,00                     17         17         0.85              20         -------------------- 100,00
89         17         0          0          272                16,00              17             1,00                     17         17         0.85              20         -------------------- 100,00
90         17         0          0          272                16,00              17             1,00                     17         17         0.85              20         -------------------- 100,00
91         17         0          0          257                15,12              17             1,00                     17         17         0.85              20         -------------------- 100,00
93         0          0          2          2                  1,00               2              1,00                     2          2          0.1               20          0,00                      
94         2          0          0          3                  1,50               2              1,00                     2          2          0.1               20         -------------------- 100,00
97         0          0          2          2                  1,00               2              1,00                     2          2          0.1               20          0,00                      
98         0          0          0          0                  NaN                0              NaN                      0          0          0.0               20         NaN                        
99         0          0          0          0                  NaN                0              NaN                      0          0          0.0               20         NaN                        
100        0          0          0          0                  NaN                0              NaN                      0          0          0.0               20         NaN                        
101        0          0          0          0                  NaN                0              NaN                      0          0          0.0               20         NaN                        
102        0          0          0          0                  NaN                0              NaN                      0          0          0.0               20         NaN                        
104        0          0          0          0                  NaN                0              NaN                      0          0          0.0               20         NaN                        
105        0          0          0          0                  NaN                0              NaN                      0          0          0.0               20         NaN                        
106        0          0          0          0                  NaN                0              NaN                      0          0          0.0               20         NaN                        
107        0          0          1060       32668              30,82              1060           1,00                     1060       1060       53.0              20          0,00                      
108        0          0          1060       32668              30,82              1060           1,00                     1060       1060       53.0              20          0,00                      
111        0          0          20         20                 1,00               20             1,00                     20         20         1.0               20          0,00                      
112        20         0          0          20                 1,00               20             1,00                     20         20         1.0               20         -------------------- 100,00
116        20         0          0          20                 1,00               20             1,00                     20         20         1.0               20         -------------------- 100,00
117        358        0          0          3463               9,67               358            1,00                     358        358        17.9              20         -------------------- 100,00
118        338        0          20         6568               18,35              358            1,00                     358        358        17.9              20         ------------------- 94,41  
120        0          0          338        3105               9,19               338            1,00                     338        338        16.9              20          0,00                      
121        338        0          0          5872               17,37              338            1,00                     338        338        16.9              20         -------------------- 100,00
122        0          0          338        3105               9,19               338            1,00                     338        338        16.9              20          0,00                      
123        338        0          0          5872               17,37              338            1,00                     338        338        16.9              20         -------------------- 100,00
124        338        0          0          5872               17,37              338            1,00                     338        338        16.9              20         -------------------- 100,00
125        0          0          338        3105               9,19               338            1,00                     338        338        16.9              20          0,00                      
127        0          0          1062       32756              30,84              1062           1,00                     1062       1062       53.1              20          0,00                      
128        0          0          1062       32756              30,84              1062           1,00                     1062       1062       53.1              20          0,00                      
129        0          0          1062       32756              30,84              1062           1,00                     1062       1062       53.1              20          0,00                      
131        0          0          1062       32756              30,84              1062           1,00                     1062       1062       53.1              20          0,00                      
132        0          0          1062       32756              30,84              1062           1,00                     1062       1062       53.1              20          0,00                      
135        20         0          0          20                 1,00               20             1,00                     20         20         1.0               20         -------------------- 100,00
136        20         0          0          20                 1,00               20             1,00                     20         20         1.0               20         -------------------- 100,00
139        0          0          20         20                 1,00               20             1,00                     20         20         1.0               20          0,00                      
140        0          0          20         20                 1,00               20             1,00                     20         20         1.0               20          0,00                      
141        0          0          20         20                 1,00               20             1,00                     20         20         1.0               20          0,00                      
142        0          0          20         20                 1,00               20             1,00                     20         20         1.0               20          0,00                      
143        20         0          0          20                 1,00               20             1,00                     20         20         1.0               20         -------------------- 100,00
