contains the data for build a graph for analysis.
Exploration Plus One
111 perturbation point
PONE : plus one perturbator
20 linear problems to be resolved
linear problem are generated randomly
Perturbator IndexLoc   #Success   #Failure   #Exception #Call      #Perturtions   %Success                   
1           0          1062       0          0          64450      1062           -------------------- 100,00
1           1          1836       0          0          196078     1836           -------------------- 100,00
1           2          1836       0          0          196078     1836           -------------------- 100,00
1           4          1836       0          0          196925     1836           -------------------- 100,00
1           5          1836       0          0          196883     1836           -------------------- 100,00
1           6          1836       0          0          195567     1836           -------------------- 100,00
1           7          1836       0          0          195567     1836           -------------------- 100,00
1           8          1836       0          0          196763     1836           -------------------- 100,00
1           9          1836       0          0          196763     1836           -------------------- 100,00
1           10         1836       0          0          196058     1836           -------------------- 100,00
1           11         1836       0          0          197998     1836           -------------------- 100,00
1           15         1062       0          0          65384      1062           -------------------- 100,00
1           16         1062       0          0          64448      1062           -------------------- 100,00
1           17         11188      0          3          7602569    11191          -------------------- 99,97 
1           18         11191      0          0          7602617    11191          -------------------- 100,00
1           19         11188      0          3          7602569    11191          -------------------- 99,97 
1           20         11191      0          0          7602617    11191          -------------------- 100,00
1           22         11175      0          16         7664401    11191          -------------------- 99,86 
1           23         11143      0          48         7612589    11191          -------------------- 99,57 
1           24         11169      0          22         7602587    11191          -------------------- 99,80 
1           25         11169      0          22         7602587    11191          -------------------- 99,80 
1           26         11191      0          0          7653193    11191          -------------------- 100,00
1           28         1062       0          0          64450      1062           -------------------- 100,00
1           29         1024       0          38         64604      1062           -------------------- 96,42 
1           31         1062       0          0          64467      1062           -------------------- 100,00
1           34         1024       0          38         64604      1062           -------------------- 96,42 
1           35         1062       0          0          64450      1062           -------------------- 100,00
1           36         1047       3          12         64474      1062           -------------------- 98,59 
1           37         19767      0          8          24611318   19775          -------------------- 99,96 
1           38         18713      0          1062       23998367   19775          ------------------- 94,63  
1           40         16410      76         2227       21548250   18713          ------------------ 87,69   
1           41         0          0          18713      11099459   18713           0,00                      
1           42         14247      180        4286       21748831   18713          ---------------- 76,13     
1           43         0          0          18713      11099459   18713           0,00                      
1           44         18569      21         123        22180988   18713          -------------------- 99,23 
1           45         17174      40         1499       21619068   18713          ------------------- 91,78  
1           46         18537      25         151        22179844   18713          -------------------- 99,06 
1           47         18330      29         354        22212403   18713          -------------------- 97,95 
1           48         18711      0          2          22188238   18713          -------------------- 99,99 
1           49         18636      12         65         22184369   18713          -------------------- 99,59 
1           50         18636      12         65         22184369   18713          -------------------- 99,59 
1           51         18713      0          0          22180205   18713          -------------------- 100,00
1           52         18517      29         167        22177916   18713          -------------------- 98,95 
1           54         10478      21         123        7012483    10622          -------------------- 98,64 
1           55         10248      29         345        7007590    10622          -------------------- 96,48 
1           56         10467      23         132        7010405    10622          -------------------- 98,54 
1           57         10467      23         132        7010405    10622          -------------------- 98,54 
1           58         10499      21         102        7010265    10622          -------------------- 98,84 
1           59         9563       71         988        6970137    10622          ------------------- 90,03  
1           60         10484      22         116        7009950    10622          -------------------- 98,70 
1           61         10484      22         116        7009950    10622          -------------------- 98,70 
1           62         9683       59         880        6951625    10622          ------------------- 91,16  
1           64         2          1          0          3          3              -------------- 66,67       
1           65         10423      29         167        7007991    10619          -------------------- 98,15 
1           66         10619      0          0          7010127    10619          -------------------- 100,00
1           68         2816       19         217        541414     3052           ------------------- 92,27  
1           69         2582       16         454        534215     3052           ----------------- 84,60    
1           70         1062       0          0          64450      1062           -------------------- 100,00
1           71         2          0          1060       32841      1062           - 0,19                     
1           73         1062       0          0          64450      1062           -------------------- 100,00
1           74         1062       0          0          64450      1062           -------------------- 100,00
1           76         2          0          0          2          2              -------------------- 100,00
1           77         2          0          0          2          2              -------------------- 100,00
1           79         3          0          0          6          3              -------------------- 100,00
1           80         18         0          0          289        18             -------------------- 100,00
1           81         18         0          0          291        18             -------------------- 100,00
1           83         17         0          0          271        17             -------------------- 100,00
1           84         17         0          0          271        17             -------------------- 100,00
1           85         17         0          0          271        17             -------------------- 100,00
1           86         17         0          0          272        17             -------------------- 100,00
1           87         17         0          0          272        17             -------------------- 100,00
1           88         17         0          0          272        17             -------------------- 100,00
1           89         17         0          0          272        17             -------------------- 100,00
1           90         17         0          0          272        17             -------------------- 100,00
1           91         17         0          0          257        17             -------------------- 100,00
1           93         1          0          1          3          2              ---------- 50,00           
1           94         2          0          0          3          2              -------------------- 100,00
1           97         0          1          1          2          2               0,00                      
1           98         0          0          0          0          0              NaN                        
1           99         0          0          0          0          0              NaN                        
1           100        0          0          0          0          0              NaN                        
1           101        0          0          0          0          0              NaN                        
1           102        0          0          0          0          0              NaN                        
1           104        0          0          0          0          0              NaN                        
1           105        0          0          0          0          0              NaN                        
1           106        0          0          0          0          0              NaN                        
1           107        0          0          1060       32668      1060            0,00                      
1           108        591        16         453        61752      1060           ------------ 55,75         
1           111        2          6          12         20         20             -- 10,00                   
1           112        20         0          0          20         20             -------------------- 100,00
1           116        20         0          0          20         20             -------------------- 100,00
1           117        358        0          0          6548       358            -------------------- 100,00
1           118        338        0          20         6568       358            ------------------- 94,41  
1           120        318        0          20         5872       338            ------------------- 94,08  
1           121        338        0          0          5872       338            -------------------- 100,00
1           122        1          0          337        3117       338            - 0,30                     
1           123        338        0          0          5872       338            -------------------- 100,00
1           124        338        0          0          5872       338            -------------------- 100,00
1           125        140        0          198        4199       338            --------- 41,42            
1           127        1024       0          38         64604      1062           -------------------- 96,42 
1           128        856        10         196        63595      1062           ----------------- 80,60    
1           129        591        17         454        61903      1062           ------------ 55,65         
1           131        635        265        162        63641      1062           ------------ 59,79         
1           132        591        17         454        61903      1062           ------------ 55,65         
1           135        20         0          0          20         20             -------------------- 100,00
1           136        20         0          0          20         20             -------------------- 100,00
1           139        0          0          20         20         20              0,00                      
1           140        0          0          20         20         20              0,00                      
1           141        0          0          20         20         20              0,00                      
1           142        0          0          20         20         20              0,00                      
1           143        20         0          0          20         20             -------------------- 100,00
