aggregate data per location for random rate = 0.2 and with Perturbator = 1
Exploration Plus One
111 perturbation point
PONE : plus one perturbator
20 linear problems to be resolved
linear problem are generated randomly
IndexLoc   #Success   #Failure   #Exception #CallAllExecs      AvgCallPerExec     #Perturbations AvgPerturbationPerExec   #Execs     #Tasks     %Success                   
0          100        0          0          5310               53,10              1077           10,77                    100        20         -------------------- 100,00
1          100        0          0          9180               91,80              1891           18,91                    100        20         -------------------- 100,00
2          100        0          0          9180               91,80              1891           18,91                    100        20         -------------------- 100,00
4          100        0          0          9922               99,22              2039           20,39                    100        20         -------------------- 100,00
5          100        0          0          10216              102,16             2094           20,94                    100        20         -------------------- 100,00
6          100        0          0          8700               87,00              1792           17,92                    100        20         -------------------- 100,00
7          100        0          0          8700               87,00              1792           17,92                    100        20         -------------------- 100,00
8          100        0          0          10036              100,36             2064           20,64                    100        20         -------------------- 100,00
9          100        0          0          10036              100,36             2064           20,64                    100        20         -------------------- 100,00
10         100        0          0          9161               91,61              1886           18,86                    100        20         -------------------- 100,00
11         100        0          0          11606              116,06             2368           23,68                    100        20         -------------------- 100,00
15         100        0          0          6494               64,94              1309           13,09                    100        20         -------------------- 100,00
16         99         0          1          5314               53,14              1078           10,78                    100        20         -------------------- 99,00 
17         98         0          2          55907              559,07             11090          110,90                   100        20         -------------------- 98,00 
18         100        0          0          55955              559,55             11100          111,00                   100        20         -------------------- 100,00
19         98         0          2          55907              559,07             11090          110,90                   100        20         -------------------- 98,00 
20         100        0          0          55955              559,55             11100          111,00                   100        20         -------------------- 100,00
22         72         0          28         3820233            38202,33           773725         7737,25                  100        20         --------------- 72,00      
23         56         0          44         70696              706,96             14085          140,85                   100        20         ------------ 56,00         
24         80         0          20         55567              555,67             11040          110,40                   100        20         ---------------- 80,00     
25         80         0          20         55567              555,67             11040          110,40                   100        20         ---------------- 80,00     
26         100        0          0          476403             4764,03            95285          952,85                   100        20         -------------------- 100,00
28         100        0          0          5310               53,10              1077           10,77                    100        20         -------------------- 100,00
29         67         0          33         6004               60,04              1207           12,07                    100        20         -------------- 67,00       
31         100        0          0          5350               53,50              1086           10,86                    100        20         -------------------- 100,00
34         67         0          33         6004               60,04              1207           12,07                    100        20         -------------- 67,00       
35         100        0          0          5310               53,10              1077           10,77                    100        20         -------------------- 100,00
36         90         2          8          5316               53,16              1079           10,79                    100        20         ------------------ 90,00   
37         90         0          10         96896              968,96             19337          193,37                   100        20         ------------------ 90,00   
38         0          0          100        8422               84,22              1740           17,40                    100        20          0,00                      
40         0          0          100        8635               86,35              1777           17,77                    100        20          0,00                      
41         0          0          100        437                4,37               100            1,00                     100        20          0,00                      
42         0          1          99         97134              971,34             19378          193,78                   100        20          0,00                      
43         0          0          100        437                4,37               100            1,00                     100        20          0,00                      
44         22         3          75         95714              957,14             19101          191,01                   100        20         ----- 22,00                
45         0          0          100        8081               80,81              1669           16,69                    100        20          0,00                      
46         11         8          81         101078             1010,78            20203          202,03                   100        20         --- 11,00                  
47         17         3          80         126683             1266,83            25346          253,46                   100        20         ---- 17,00                 
48         99         0          1          101137             1011,37            20215          202,15                   100        20         -------------------- 99,00 
49         36         4          60         94039              940,39             18766          187,66                   100        20         -------- 36,00             
50         36         4          60         94039              940,39             18766          187,66                   100        20         -------- 36,00             
51         100        0          0          93565              935,65             18664          186,64                   100        20         -------------------- 100,00
52         17         5          78         91745              917,45             18294          182,94                   100        20         ---- 17,00                 
54         21         9          70         54046              540,46             10757          107,57                   100        20         ----- 21,00                
55         8          0          92         54195              541,95             10781          107,81                   100        20         -- 8,00                    
56         19         6          75         53088              530,88             10555          105,55                   100        20         ---- 19,00                 
57         27         4          69         51605              516,05             10273          102,73                   100        20         ------ 27,00               
58         30         4          66         52024              520,24             10366          103,66                   100        20         ------ 30,00               
59         1          1          98         42675              426,75             8514           85,14                    100        20         - 1,00                     
60         22         7          71         51983              519,83             10356          103,56                   100        20         ----- 22,00                
61         22         7          71         51983              519,83             10356          103,56                   100        20         ----- 22,00                
62         1          8          91         43631              436,31             8700           87,00                    100        20         - 1,00                     
64         100        0          0          15                 0,15               2              0,02                     100        20         -------------------- 100,00
65         10         6          84         52297              522,97             10417          104,17                   100        20         -- 10,00                   
66         100        0          0          53095              530,95             10556          105,56                   100        20         -------------------- 100,00
68         17         7          76         16789              167,89             3357           33,57                    100        20         ---- 17,00                 
69         4          0          96         10752              107,52             2190           21,90                    100        20         - 4,00                     
70         100        0          0          5310               53,10              1077           10,77                    100        20         -------------------- 100,00
71         0          0          100        446                4,46               101            1,01                     100        20          0,00                      
73         100        0          0          5310               53,10              1077           10,77                    100        20         -------------------- 100,00
74         100        0          0          5310               53,10              1077           10,77                    100        20         -------------------- 100,00
76         100        0          0          10                 0,10               0              0,00                     100        20         NaN                        
77         100        0          0          10                 0,10               0              0,00                     100        20         NaN                        
79         100        0          0          18                 0,18               3              0,03                     100        20         -------------------- 100,00
80         100        0          0          89                 0,89               23             0,23                     100        20         -------------------- 100,00
81         100        0          0          90                 0,90               23             0,23                     100        20         -------------------- 100,00
83         100        0          0          97                 0,97               23             0,23                     100        20         -------------------- 100,00
84         100        0          0          97                 0,97               23             0,23                     100        20         -------------------- 100,00
85         100        0          0          97                 0,97               23             0,23                     100        20         -------------------- 100,00
86         100        0          0          113                1,13               25             0,25                     100        20         -------------------- 100,00
87         100        0          0          113                1,13               25             0,25                     100        20         -------------------- 100,00
88         100        0          0          113                1,13               25             0,25                     100        20         -------------------- 100,00
89         100        0          0          113                1,13               25             0,25                     100        20         -------------------- 100,00
90         100        0          0          113                1,13               25             0,25                     100        20         -------------------- 100,00
91         100        0          0          85                 0,85               22             0,22                     100        20         -------------------- 100,00
93         100        0          0          10                 0,10               0              0,00                     100        20         NaN                        
94         100        0          0          10                 0,10               0              0,00                     100        20         NaN                        
97         100        0          0          10                 0,10               0              0,00                     100        20         NaN                        
98         100        0          0          0                  0,00               0              0,00                     100        20         NaN                        
99         100        0          0          0                  0,00               0              0,00                     100        20         NaN                        
100        100        0          0          0                  0,00               0              0,00                     100        20         NaN                        
101        100        0          0          0                  0,00               0              0,00                     100        20         NaN                        
102        100        0          0          0                  0,00               0              0,00                     100        20         NaN                        
104        100        0          0          0                  0,00               0              0,00                     100        20         NaN                        
105        100        0          0          0                  0,00               0              0,00                     100        20         NaN                        
106        100        0          0          0                  0,00               0              0,00                     100        20         NaN                        
107        0          0          100        437                4,37               100            1,00                     100        20          0,00                      
108        4          2          94         4268               42,68              866            8,66                     100        20         - 4,00                     
111        79         8          13         100                1,00               24             0,24                     100        20         ---------------- 79,00     
112        100        0          0          100                1,00               24             0,24                     100        20         -------------------- 100,00
116        100        0          0          100                1,00               24             0,24                     100        20         -------------------- 100,00
117        100        0          0          1776               17,76              359            3,59                     100        20         -------------------- 100,00
118        78         0          22         1790               17,90              362            3,62                     100        20         ---------------- 78,00     
120        86         0          14         1690               16,90              343            3,43                     100        20         ------------------ 86,00   
121        100        0          0          1690               16,90              343            3,43                     100        20         -------------------- 100,00
122        3          0          97         431                4,31               98             0,98                     100        20         - 3,00                     
123        100        0          0          1690               16,90              343            3,43                     100        20         -------------------- 100,00
124        100        0          0          1690               16,90              343            3,43                     100        20         -------------------- 100,00
125        8          0          92         635                6,35               143            1,43                     100        20         -- 8,00                    
127        67         0          33         6004               60,04              1207           12,07                    100        20         -------------- 67,00       
128        17         1          82         4964               49,64              1017           10,17                    100        20         ---- 17,00                 
129        6          2          92         4446               44,46              909            9,09                     100        20         -- 6,00                    
131        0          20         80         4319               43,19              871            8,71                     100        20          0,00                      
132        6          2          92         4446               44,46              909            9,09                     100        20         -- 6,00                    
135        100        0          0          100                1,00               24             0,24                     100        20         -------------------- 100,00
136        100        0          0          100                1,00               24             0,24                     100        20         -------------------- 100,00
139        76         0          24         100                1,00               24             0,24                     100        20         ---------------- 76,00     
140        76         0          24         100                1,00               24             0,24                     100        20         ---------------- 76,00     
141        76         0          24         100                1,00               24             0,24                     100        20         ---------------- 76,00     
142        76         0          24         100                1,00               24             0,24                     100        20         ---------------- 76,00     
143        100        0          0          100                1,00               24             0,24                     100        20         -------------------- 100,00
