contains the data for build a graph for analysis.
Exploration Plus Magnitude
magnitude value : 1 5 10 20 50 75 100 
111 perturbation point
PM : Numerical Perturbator
20 linear problems to be resolved
linear problem are generated randomly
Magnitude   IndexLoc   #Success   #Failure   #Exception #Call      #Perturtions   %Success                   
1           0          1062       0          0          64450      1062           -------------------- 100,00
5           0          1062       0          0          64450      1062           -------------------- 100,00
10          0          1062       0          0          64454      1062           -------------------- 100,00
20          0          1062       0          0          64684      1062           -------------------- 100,00
50          0          1062       0          0          64665      1062           -------------------- 100,00
75          0          1062       0          0          64665      1062           -------------------- 100,00
100         0          1062       0          0          64665      1062           -------------------- 100,00
1           1          1836       0          0          196078     1836           -------------------- 100,00
5           1          1836       0          0          196078     1836           -------------------- 100,00
10          1          1836       0          0          196083     1836           -------------------- 100,00
20          1          1836       0          0          195947     1836           -------------------- 100,00
50          1          1836       0          0          195590     1836           -------------------- 100,00
75          1          1836       0          0          195590     1836           -------------------- 100,00
100         1          1836       0          0          195590     1836           -------------------- 100,00
1           2          1836       0          0          196078     1836           -------------------- 100,00
5           2          1836       0          0          196078     1836           -------------------- 100,00
10          2          1836       0          0          196078     1836           -------------------- 100,00
20          2          1836       0          0          196078     1836           -------------------- 100,00
50          2          1836       0          0          196078     1836           -------------------- 100,00
75          2          1836       0          0          196078     1836           -------------------- 100,00
100         2          1836       0          0          196078     1836           -------------------- 100,00
1           4          1836       0          0          196925     1836           -------------------- 100,00
5           4          1836       0          0          196261     1836           -------------------- 100,00
10          4          1813       0          23         195540     1836           -------------------- 98,75 
20          4          290        0          1546       122166     1836           ---- 15,80                 
50          4          0          0          1836       98957      1836            0,00                      
75          4          0          0          1836       98957      1836            0,00                      
100         4          0          0          1836       98957      1836            0,00                      
1           5          1836       0          0          196883     1836           -------------------- 100,00
5           5          1814       0          22         196834     1836           -------------------- 98,80 
10          5          1791       0          45         196754     1836           -------------------- 97,55 
20          5          1580       0          256        191828     1836           ------------------ 86,06   
50          5          145        0          1691       113974     1836           -- 7,90                    
75          5          0          0          1836       98957      1836            0,00                      
100         5          0          0          1836       98957      1836            0,00                      
1           6          1836       0          0          195567     1836           -------------------- 100,00
5           6          1836       0          0          195314     1836           -------------------- 100,00
10          6          1836       0          0          195178     1836           -------------------- 100,00
20          6          1836       0          0          194994     1836           -------------------- 100,00
50          6          1836       0          0          194817     1836           -------------------- 100,00
75          6          1836       0          0          194784     1836           -------------------- 100,00
100         6          1836       0          0          194772     1836           -------------------- 100,00
1           7          1836       0          0          195567     1836           -------------------- 100,00
5           7          1836       0          0          195314     1836           -------------------- 100,00
10          7          1836       0          0          195178     1836           -------------------- 100,00
20          7          1836       0          0          194994     1836           -------------------- 100,00
50          7          1836       0          0          194817     1836           -------------------- 100,00
75          7          1836       0          0          194784     1836           -------------------- 100,00
100         7          1836       0          0          194772     1836           -------------------- 100,00
1           8          1836       0          0          196763     1836           -------------------- 100,00
5           8          1836       0          0          197169     1836           -------------------- 100,00
10          8          1836       0          0          197304     1836           -------------------- 100,00
20          8          1836       0          0          197611     1836           -------------------- 100,00
50          8          1836       0          0          197917     1836           -------------------- 100,00
75          8          1836       0          0          197959     1836           -------------------- 100,00
100         8          1836       0          0          197967     1836           -------------------- 100,00
1           9          1836       0          0          196763     1836           -------------------- 100,00
5           9          1836       0          0          197169     1836           -------------------- 100,00
10          9          1836       0          0          197304     1836           -------------------- 100,00
20          9          1836       0          0          197611     1836           -------------------- 100,00
50          9          1836       0          0          197917     1836           -------------------- 100,00
75          9          1836       0          0          197959     1836           -------------------- 100,00
100         9          1836       0          0          197967     1836           -------------------- 100,00
1           10         1836       0          0          196058     1836           -------------------- 100,00
5           10         1836       0          0          194765     1836           -------------------- 100,00
10          10         1836       0          0          194765     1836           -------------------- 100,00
20          10         1836       0          0          194765     1836           -------------------- 100,00
50          10         1836       0          0          194765     1836           -------------------- 100,00
75          10         1836       0          0          194765     1836           -------------------- 100,00
100         10         1836       0          0          194765     1836           -------------------- 100,00
1           11         1836       0          0          197998     1836           -------------------- 100,00
5           11         1836       0          0          197998     1836           -------------------- 100,00
10          11         1836       0          0          197998     1836           -------------------- 100,00
20          11         1836       0          0          197998     1836           -------------------- 100,00
50          11         1836       0          0          197998     1836           -------------------- 100,00
75          11         1836       0          0          197998     1836           -------------------- 100,00
100         11         1836       0          0          197998     1836           -------------------- 100,00
1           15         1062       0          0          65384      1062           -------------------- 100,00
5           15         1062       0          0          65447      1062           -------------------- 100,00
10          15         1062       0          0          65555      1062           -------------------- 100,00
20          15         1062       0          0          65704      1062           -------------------- 100,00
50          15         1062       0          0          66010      1062           -------------------- 100,00
75          15         1062       0          0          66116      1062           -------------------- 100,00
100         15         1062       0          0          66189      1062           -------------------- 100,00
1           16         1062       0          0          64448      1062           -------------------- 100,00
5           16         1061       0          1          64347      1062           -------------------- 99,91 
10          16         1056       0          6          64190      1062           -------------------- 99,44 
20          16         960        0          102        61663      1062           ------------------- 90,40  
50          16         38         0          1024       34824      1062           - 3,58                     
75          16         0          0          1062       32756      1062            0,00                      
100         16         0          0          1062       32756      1062            0,00                      
1           17         11188      0          3          7602569    11191          -------------------- 99,97 
5           17         11141      0          50         7601617    11191          -------------------- 99,55 
10          17         11032      0          159        7597905    11191          -------------------- 98,58 
20          17         10214      0          977        7513151    11191          ------------------- 91,27  
50          17         823        0          10368      4361447    11191          -- 7,35                    
75          17         0          0          11191      3806904    11191           0,00                      
100         17         0          0          11191      3806904    11191           0,00                      
1           18         11191      0          0          7602617    11191          -------------------- 100,00
5           18         11191      0          0          7602617    11191          -------------------- 100,00
10          18         11191      0          0          7602617    11191          -------------------- 100,00
20          18         11191      0          0          7602617    11191          -------------------- 100,00
50          18         11191      0          0          7602617    11191          -------------------- 100,00
75          18         11191      0          0          7602617    11191          -------------------- 100,00
100         18         11191      0          0          7602617    11191          -------------------- 100,00
1           19         11188      0          3          7602569    11191          -------------------- 99,97 
5           19         11141      0          50         7601617    11191          -------------------- 99,55 
10          19         11032      0          159        7597905    11191          -------------------- 98,58 
20          19         10214      0          977        7513151    11191          ------------------- 91,27  
50          19         823        0          10368      4361447    11191          -- 7,35                    
75          19         0          0          11191      3806904    11191           0,00                      
100         19         0          0          11191      3806904    11191           0,00                      
1           20         11191      0          0          7602617    11191          -------------------- 100,00
5           20         11191      0          0          7602617    11191          -------------------- 100,00
10          20         11191      0          0          7602617    11191          -------------------- 100,00
20          20         11191      0          0          7602617    11191          -------------------- 100,00
50          20         11191      0          0          7602617    11191          -------------------- 100,00
75          20         11191      0          0          7602617    11191          -------------------- 100,00
100         20         11191      0          0          7602617    11191          -------------------- 100,00
1           22         11175      0          16         7664401    11191          -------------------- 99,86 
5           22         11171      0          20         7672782    11191          -------------------- 99,82 
10          22         11172      0          19         7666585    11191          -------------------- 99,83 
20          22         5525       0          5666       6352397    11191          ---------- 49,37           
50          22         0          0          11191      3806904    11191           0,00                      
75          22         0          0          11191      3806904    11191           0,00                      
100         22         0          0          11191      3806904    11191           0,00                      
1           23         11143      0          48         7612589    11191          -------------------- 99,57 
5           23         11112      0          79         7615891    11191          -------------------- 99,29 
10          23         11020      0          171        7613298    11191          -------------------- 98,47 
20          23         10354      0          837        7556474    11191          ------------------- 92,52  
50          23         1038       0          10153      4486846    11191          -- 9,28                    
75          23         0          0          11191      3806904    11191           0,00                      
100         23         0          0          11191      3806904    11191           0,00                      
1           24         11169      0          22         7602587    11191          -------------------- 99,80 
5           24         11157      0          34         7601118    11191          -------------------- 99,70 
10          24         11153      0          38         7600405    11191          -------------------- 99,66 
20          24         11151      0          40         7600644    11191          -------------------- 99,64 
50          24         11150      0          41         7601008    11191          -------------------- 99,63 
75          24         11150      0          41         7601149    11191          -------------------- 99,63 
100         24         11150      0          41         7601272    11191          -------------------- 99,63 
1           25         11169      0          22         7602587    11191          -------------------- 99,80 
5           25         11157      0          34         7601118    11191          -------------------- 99,70 
10          25         11153      0          38         7600405    11191          -------------------- 99,66 
20          25         11151      0          40         7600644    11191          -------------------- 99,64 
50          25         11150      0          41         7601008    11191          -------------------- 99,63 
75          25         11150      0          41         7601149    11191          -------------------- 99,63 
100         25         11150      0          41         7601272    11191          -------------------- 99,63 
1           26         11191      0          0          7653193    11191          -------------------- 100,00
5           26         11191      0          0          7664474    11191          -------------------- 100,00
10          26         11191      0          0          7671406    11191          -------------------- 100,00
20          26         11191      0          0          7686547    11191          -------------------- 100,00
50          26         11191      0          0          7724981    11191          -------------------- 100,00
75          26         11191      0          0          7743626    11191          -------------------- 100,00
100         26         11191      0          0          7757310    11191          -------------------- 100,00
1           28         1062       0          0          64450      1062           -------------------- 100,00
5           28         1062       0          0          64450      1062           -------------------- 100,00
10          28         1062       0          0          64450      1062           -------------------- 100,00
20          28         1062       0          0          64450      1062           -------------------- 100,00
50          28         1062       0          0          64450      1062           -------------------- 100,00
75          28         1062       0          0          64450      1062           -------------------- 100,00
100         28         1062       0          0          64450      1062           -------------------- 100,00
1           29         1024       0          38         64604      1062           -------------------- 96,42 
5           29         968        0          94         62939      1062           ------------------- 91,15  
10          29         915        0          147        61263      1062           ------------------ 86,16   
20          29         713        0          349        55248      1062           -------------- 67,14       
50          29         56         0          1006       36428      1062           -- 5,27                    
75          29         0          0          1062       32756      1062            0,00                      
100         29         0          0          1062       32756      1062            0,00                      
1           31         1062       0          0          64467      1062           -------------------- 100,00
5           31         1049       0          13         64447      1062           -------------------- 98,78 
10          31         1038       0          24         64432      1062           -------------------- 97,74 
20          31         928        0          134        63001      1062           ------------------ 87,38   
50          31         78         0          984        37185      1062           -- 7,34                    
75          31         0          0          1062       32756      1062            0,00                      
100         31         0          0          1062       32756      1062            0,00                      
1           34         1024       0          38         64604      1062           -------------------- 96,42 
5           34         968        0          94         62939      1062           ------------------- 91,15  
10          34         915        0          147        61263      1062           ------------------ 86,16   
20          34         713        0          349        55248      1062           -------------- 67,14       
50          34         56         0          1006       36428      1062           -- 5,27                    
75          34         0          0          1062       32756      1062            0,00                      
100         34         0          0          1062       32756      1062            0,00                      
1           35         1062       0          0          64450      1062           -------------------- 100,00
5           35         1062       0          0          64450      1062           -------------------- 100,00
10          35         1062       0          0          64450      1062           -------------------- 100,00
20          35         1062       0          0          64450      1062           -------------------- 100,00
50          35         1062       0          0          64450      1062           -------------------- 100,00
75          35         1062       0          0          64450      1062           -------------------- 100,00
100         35         1062       0          0          64450      1062           -------------------- 100,00
1           36         1047       3          12         64474      1062           -------------------- 98,59 
5           36         993        8          61         64277      1062           ------------------- 93,50  
10          36         831        14         217        63416      1062           ---------------- 78,25     
20          36         58         4          1000       39148      1062           -- 5,46                    
50          36         0          0          1062       32756      1062            0,00                      
75          36         0          0          1062       32756      1062            0,00                      
100         36         0          0          1062       32756      1062            0,00                      
1           37         19767      0          8          24611318   19775          -------------------- 99,96 
5           37         19588      19         168        24601571   19775          -------------------- 99,05 
10          37         18832      65         878        24555303   19775          -------------------- 95,23 
20          37         15185      199        4391       23627178   19775          ---------------- 76,79     
50          37         14895      199        4681       23362412   19775          ---------------- 75,32     
75          37         14895      199        4681       23362412   19775          ---------------- 75,32     
100         37         14895      199        4681       23362412   19775          ---------------- 75,32     
1           38         18713      0          1062       23998367   19775          ------------------- 94,63  
5           38         18713      0          1062       23998367   19775          ------------------- 94,63  
10          38         18713      0          1062       23998367   19775          ------------------- 94,63  
20          38         18713      0          1062       23998367   19775          ------------------- 94,63  
50          38         18713      0          1062       23998367   19775          ------------------- 94,63  
75          38         18713      0          1062       23998367   19775          ------------------- 94,63  
100         38         18713      0          1062       23998367   19775          ------------------- 94,63  
1           40         16410      76         2227       21548250   18713          ------------------ 87,69   
5           40         12438      53         6222       19230901   18713          -------------- 66,47       
10          40         7574       34         11105      16304698   18713          --------- 40,47            
20          40         271        1          18441      11353857   18713          - 1,45                     
50          40         0          0          18713      11099459   18713           0,00                      
75          40         0          0          18713      11099459   18713           0,00                      
100         40         0          0          18713      11099459   18713           0,00                      
1           41         0          0          18713      11099459   18713           0,00                      
5           41         0          0          18713      11099459   18713           0,00                      
10          41         0          0          18713      11099459   18713           0,00                      
20          41         0          0          18713      11099459   18713           0,00                      
50          41         0          0          18713      11099459   18713           0,00                      
75          41         0          0          18713      11099459   18713           0,00                      
100         41         0          0          18713      11099459   18713           0,00                      
1           42         14247      180        4286       21748831   18713          ---------------- 76,13     
5           42         14424      186        4103       21781079   18713          ---------------- 77,08     
10          42         14147      175        4391       21773129   18713          ---------------- 75,60     
20          42         14646      171        3896       21813559   18713          ---------------- 78,27     
50          42         7429       23         11261      18638355   18713          -------- 39,70             
75          42         0          0          18713      11099459   18713           0,00                      
100         42         0          0          18713      11099459   18713           0,00                      
1           43         0          0          18713      11099459   18713           0,00                      
5           43         0          0          18713      11099459   18713           0,00                      
10          43         0          0          18713      11099459   18713           0,00                      
20          43         0          0          18713      11099459   18713           0,00                      
50          43         0          0          18713      11099459   18713           0,00                      
75          43         0          0          18713      11099459   18713           0,00                      
100         43         0          0          18713      11099459   18713           0,00                      
1           44         18569      21         123        22180988   18713          -------------------- 99,23 
5           44         18523      29         161        22177944   18713          -------------------- 98,98 
10          44         18517      29         167        22177916   18713          -------------------- 98,95 
20          44         18517      29         167        22177916   18713          -------------------- 98,95 
50          44         18517      29         167        22177916   18713          -------------------- 98,95 
75          44         18517      29         167        22177916   18713          -------------------- 98,95 
100         44         18517      29         167        22177916   18713          -------------------- 98,95 
1           45         17174      40         1499       21619068   18713          ------------------- 91,78  
5           45         13053      36         5624       19270528   18713          -------------- 69,75       
10          45         7850       16         10847      16320281   18713          --------- 41,95            
20          45         277        0          18436      11352135   18713          - 1,48                     
50          45         0          0          18713      11099459   18713           0,00                      
75          45         0          0          18713      11099459   18713           0,00                      
100         45         0          0          18713      11099459   18713           0,00                      
1           46         18537      25         151        22179844   18713          -------------------- 99,06 
5           46         18325      21         367        22177209   18713          -------------------- 97,93 
10          46         18133      25         555        22155860   18713          -------------------- 96,90 
20          46         16433      21         2259       21775851   18713          ------------------ 87,82   
50          46         1618       2          17093      13056656   18713          -- 8,65                    
75          46         0          0          18713      11099459   18713           0,00                      
100         46         0          0          18713      11099459   18713           0,00                      
1           47         18330      29         354        22212403   18713          -------------------- 97,95 
5           47         17608      84         1021       22247005   18713          ------------------- 94,10  
10          47         17176      100        1437       22272132   18713          ------------------- 91,79  
20          47         16680      121        1912       22277974   18713          ------------------ 89,14   
50          47         15787      157        2769       22218527   18713          ----------------- 84,36    
75          47         15340      173        3200       22184964   18713          ----------------- 81,98    
100         47         14956      196        3561       22144133   18713          ---------------- 79,92     
1           48         18711      0          2          22188238   18713          -------------------- 99,99 
5           48         18711      0          2          22194485   18713          -------------------- 99,99 
10          48         18710      1          2          22195519   18713          -------------------- 99,98 
20          48         18708      1          4          22196494   18713          -------------------- 99,97 
50          48         18707      1          5          22200097   18713          -------------------- 99,97 
75          48         18707      1          5          22200809   18713          -------------------- 99,97 
100         48         18707      1          5          22201380   18713          -------------------- 99,97 
1           49         18636      12         65         22184369   18713          -------------------- 99,59 
5           49         18565      22         126        22181821   18713          -------------------- 99,21 
10          49         18561      23         129        22181459   18713          -------------------- 99,19 
20          49         18547      24         142        22179235   18713          -------------------- 99,11 
50          49         18522      28         163        22178054   18713          -------------------- 98,98 
75          49         18520      28         165        22178116   18713          -------------------- 98,97 
100         49         18519      29         165        22178097   18713          -------------------- 98,96 
1           50         18636      12         65         22184369   18713          -------------------- 99,59 
5           50         18565      22         126        22181821   18713          -------------------- 99,21 
10          50         18561      23         129        22181459   18713          -------------------- 99,19 
20          50         18547      24         142        22179235   18713          -------------------- 99,11 
50          50         18522      28         163        22178054   18713          -------------------- 98,98 
75          50         18520      28         165        22178116   18713          -------------------- 98,97 
100         50         18519      29         165        22178097   18713          -------------------- 98,96 
1           51         18713      0          0          22180205   18713          -------------------- 100,00
5           51         18707      1          5          22202362   18713          -------------------- 99,97 
10          51         18707      1          5          22202362   18713          -------------------- 99,97 
20          51         18707      1          5          22202362   18713          -------------------- 99,97 
50          51         18707      1          5          22202362   18713          -------------------- 99,97 
75          51         18707      1          5          22202362   18713          -------------------- 99,97 
100         51         18707      1          5          22202362   18713          -------------------- 99,97 
1           52         18517      29         167        22177916   18713          -------------------- 98,95 
5           52         18517      29         167        22177916   18713          -------------------- 98,95 
10          52         18517      29         167        22177916   18713          -------------------- 98,95 
20          52         18517      29         167        22177916   18713          -------------------- 98,95 
50          52         18517      29         167        22177916   18713          -------------------- 98,95 
75          52         18517      29         167        22177916   18713          -------------------- 98,95 
100         52         18517      29         167        22177916   18713          -------------------- 98,95 
1           54         10478      21         123        7012483    10622          -------------------- 98,64 
5           54         10432      29         161        7010643    10622          -------------------- 98,21 
10          54         10426      29         167        7010627    10622          -------------------- 98,15 
20          54         10426      29         167        7010627    10622          -------------------- 98,15 
50          54         10426      29         167        7010627    10622          -------------------- 98,15 
75          54         10426      29         167        7010627    10622          -------------------- 98,15 
100         54         10426      29         167        7010627    10622          -------------------- 98,15 
1           55         10248      29         345        7007590    10622          -------------------- 96,48 
5           55         9576       77         969        6992801    10622          ------------------- 90,15  
10          55         9169       91         1362       6984483    10622          ------------------ 86,32   
20          55         8729       108        1785       6963702    10622          ----------------- 82,18    
50          55         7959       133        2530       6907058    10622          --------------- 74,93      
75          55         7604       143        2875       6875555    10622          --------------- 71,59      
100         55         7308       159        3155       6845020    10622          -------------- 68,80       
1           56         10467      23         132        7010405    10622          -------------------- 98,54 
5           56         10432      29         161        7010389    10622          -------------------- 98,21 
10          56         10430      29         163        7010670    10622          -------------------- 98,19 
20          56         10426      29         167        7010627    10622          -------------------- 98,15 
50          56         10426      29         167        7010627    10622          -------------------- 98,15 
75          56         10426      29         167        7010627    10622          -------------------- 98,15 
100         56         10426      29         167        7010627    10622          -------------------- 98,15 
1           57         10467      23         132        7010405    10622          -------------------- 98,54 
5           57         10432      29         161        7010389    10622          -------------------- 98,21 
10          57         10430      29         163        7010670    10622          -------------------- 98,19 
20          57         10426      29         167        7010627    10622          -------------------- 98,15 
50          57         10426      29         167        7010627    10622          -------------------- 98,15 
75          57         10426      29         167        7010627    10622          -------------------- 98,15 
100         57         10426      29         167        7010627    10622          -------------------- 98,15 
1           58         10499      21         102        7010265    10622          -------------------- 98,84 
5           58         10467      23         132        7010080    10622          -------------------- 98,54 
10          58         10459      24         139        7010255    10622          -------------------- 98,47 
20          58         10455      25         142        7010563    10622          -------------------- 98,43 
50          58         10454      25         143        7010626    10622          -------------------- 98,42 
75          58         10454      25         143        7010438    10622          -------------------- 98,42 
100         58         10453      25         144        7010432    10622          -------------------- 98,41 
1           59         9563       71         988        6970137    10622          ------------------- 90,03  
5           59         9018       96         1508       6935360    10622          ----------------- 84,90    
10          59         8885       111        1626       6932119    10622          ----------------- 83,65    
20          59         8767       123        1732       6928217    10622          ----------------- 82,54    
50          59         8666       126        1830       6924939    10622          ----------------- 81,59    
75          59         8642       128        1852       6923090    10622          ----------------- 81,36    
100         59         8631       130        1861       6923278    10622          ----------------- 81,26    
1           60         10484      22         116        7009950    10622          -------------------- 98,70 
5           60         10426      29         167        7010627    10622          -------------------- 98,15 
10          60         10426      29         167        7010627    10622          -------------------- 98,15 
20          60         10426      29         167        7010627    10622          -------------------- 98,15 
50          60         10426      29         167        7010627    10622          -------------------- 98,15 
75          60         10426      29         167        7010627    10622          -------------------- 98,15 
100         60         10426      29         167        7010627    10622          -------------------- 98,15 
1           61         10484      22         116        7009950    10622          -------------------- 98,70 
5           61         10622      0          0          7012765    10622          -------------------- 100,00
10          61         10622      0          0          7012765    10622          -------------------- 100,00
20          61         10622      0          0          7012765    10622          -------------------- 100,00
50          61         10622      0          0          7012765    10622          -------------------- 100,00
75          61         10622      0          0          7012765    10622          -------------------- 100,00
100         61         10622      0          0          7012765    10622          -------------------- 100,00
1           62         9683       59         880        6951625    10622          ------------------- 91,16  
5           62         10622      0          0          7012765    10622          -------------------- 100,00
10          62         10622      0          0          7012765    10622          -------------------- 100,00
20          62         10622      0          0          7012765    10622          -------------------- 100,00
50          62         10622      0          0          7012765    10622          -------------------- 100,00
75          62         10622      0          0          7012765    10622          -------------------- 100,00
100         62         10622      0          0          7012765    10622          -------------------- 100,00
1           64         2          1          0          3          3              -------------- 66,67       
5           64         2          0          1          3          3              -------------- 66,67       
10          64         2          0          1          3          3              -------------- 66,67       
20          64         2          0          1          3          3              -------------- 66,67       
50          64         2          0          1          3          3              -------------- 66,67       
75          64         2          0          1          3          3              -------------- 66,67       
100         64         2          0          1          3          3              -------------- 66,67       
1           65         10423      29         167        7007991    10619          -------------------- 98,15 
5           65         10423      29         167        7007991    10619          -------------------- 98,15 
10          65         10423      29         167        7007991    10619          -------------------- 98,15 
20          65         10423      29         167        7007991    10619          -------------------- 98,15 
50          65         10423      29         167        7007991    10619          -------------------- 98,15 
75          65         10423      29         167        7007991    10619          -------------------- 98,15 
100         65         10423      29         167        7007991    10619          -------------------- 98,15 
1           66         10619      0          0          7010127    10619          -------------------- 100,00
5           66         8602       135        1882       6920185    10619          ----------------- 81,01    
10          66         8602       135        1882       6920185    10619          ----------------- 81,01    
20          66         8602       135        1882       6920185    10619          ----------------- 81,01    
50          66         8602       135        1882       6920185    10619          ----------------- 81,01    
75          66         8602       135        1882       6920185    10619          ----------------- 81,01    
100         66         8602       135        1882       6920185    10619          ----------------- 81,01    
1           68         2816       19         217        541414     3052           ------------------- 92,27  
5           68         2757       25         270        541796     3052           ------------------- 90,33  
10          68         2741       26         285        541789     3052           ------------------ 89,81   
20          68         2730       26         296        541904     3052           ------------------ 89,45   
50          68         2727       26         299        541899     3052           ------------------ 89,35   
75          68         2727       26         299        541920     3052           ------------------ 89,35   
100         68         2727       26         299        541969     3052           ------------------ 89,35   
1           69         2582       16         454        534215     3052           ----------------- 84,60    
5           69         2432       13         607        517365     3052           ---------------- 79,69     
10          69         2258       10         784        491123     3052           --------------- 73,98      
20          69         1996       0          1056       453807     3052           -------------- 65,40       
50          69         1990       0          1062       451094     3052           -------------- 65,20       
75          69         1990       0          1062       451094     3052           -------------- 65,20       
100         69         1990       0          1062       451094     3052           -------------- 65,20       
1           70         1062       0          0          64450      1062           -------------------- 100,00
5           70         1062       0          0          64450      1062           -------------------- 100,00
10          70         1062       0          0          64450      1062           -------------------- 100,00
20          70         1062       0          0          64450      1062           -------------------- 100,00
50          70         1062       0          0          64450      1062           -------------------- 100,00
75          70         1062       0          0          64450      1062           -------------------- 100,00
100         70         1062       0          0          64450      1062           -------------------- 100,00
1           71         2          0          1060       32841      1062           - 0,19                     
5           71         1062       0          0          64450      1062           -------------------- 100,00
10          71         1062       0          0          64450      1062           -------------------- 100,00
20          71         1062       0          0          64450      1062           -------------------- 100,00
50          71         1062       0          0          64450      1062           -------------------- 100,00
75          71         1062       0          0          64450      1062           -------------------- 100,00
100         71         1062       0          0          64450      1062           -------------------- 100,00
1           73         1062       0          0          64450      1062           -------------------- 100,00
5           73         1062       0          0          64450      1062           -------------------- 100,00
10          73         1062       0          0          64450      1062           -------------------- 100,00
20          73         1062       0          0          64450      1062           -------------------- 100,00
50          73         1062       0          0          64450      1062           -------------------- 100,00
75          73         1062       0          0          64450      1062           -------------------- 100,00
100         73         1062       0          0          64450      1062           -------------------- 100,00
1           74         1062       0          0          64450      1062           -------------------- 100,00
5           74         1062       0          0          64450      1062           -------------------- 100,00
10          74         1062       0          0          64450      1062           -------------------- 100,00
20          74         1062       0          0          64450      1062           -------------------- 100,00
50          74         1062       0          0          64450      1062           -------------------- 100,00
75          74         1062       0          0          64450      1062           -------------------- 100,00
100         74         1062       0          0          64450      1062           -------------------- 100,00
1           76         2          0          0          2          2              -------------------- 100,00
5           76         2          0          0          2          2              -------------------- 100,00
10          76         2          0          0          2          2              -------------------- 100,00
20          76         2          0          0          2          2              -------------------- 100,00
50          76         2          0          0          2          2              -------------------- 100,00
75          76         2          0          0          2          2              -------------------- 100,00
100         76         2          0          0          2          2              -------------------- 100,00
1           77         2          0          0          2          2              -------------------- 100,00
5           77         2          0          0          2          2              -------------------- 100,00
10          77         2          0          0          2          2              -------------------- 100,00
20          77         2          0          0          2          2              -------------------- 100,00
50          77         2          0          0          2          2              -------------------- 100,00
75          77         2          0          0          2          2              -------------------- 100,00
100         77         2          0          0          2          2              -------------------- 100,00
1           79         3          0          0          6          3              -------------------- 100,00
5           79         3          0          0          6          3              -------------------- 100,00
10          79         3          0          0          6          3              -------------------- 100,00
20          79         3          0          0          6          3              -------------------- 100,00
50          79         3          0          0          6          3              -------------------- 100,00
75          79         3          0          0          6          3              -------------------- 100,00
100         79         3          0          0          6          3              -------------------- 100,00
1           80         18         0          0          289        18             -------------------- 100,00
5           80         18         0          0          272        18             -------------------- 100,00
10          80         18         0          0          229        18             -------------------- 100,00
20          80         18         0          0          229        18             -------------------- 100,00
50          80         18         0          0          229        18             -------------------- 100,00
75          80         18         0          0          229        18             -------------------- 100,00
100         80         18         0          0          229        18             -------------------- 100,00
1           81         18         0          0          291        18             -------------------- 100,00
5           81         18         0          0          291        18             -------------------- 100,00
10          81         18         0          0          291        18             -------------------- 100,00
20          81         18         0          0          291        18             -------------------- 100,00
50          81         18         0          0          291        18             -------------------- 100,00
75          81         18         0          0          291        18             -------------------- 100,00
100         81         18         0          0          291        18             -------------------- 100,00
1           83         17         0          0          271        17             -------------------- 100,00
5           83         11         0          6          230        17             ------------- 64,71        
10          83         0          0          17         137        17              0,00                      
20          83         0          0          17         137        17              0,00                      
50          83         0          0          17         137        17              0,00                      
75          83         0          0          17         137        17              0,00                      
100         83         0          0          17         137        17              0,00                      
1           84         17         0          0          271        17             -------------------- 100,00
5           84         11         0          6          230        17             ------------- 64,71        
10          84         0          0          17         137        17              0,00                      
20          84         0          0          17         137        17              0,00                      
50          84         0          0          17         137        17              0,00                      
75          84         0          0          17         137        17              0,00                      
100         84         0          0          17         137        17              0,00                      
1           85         17         0          0          271        17             -------------------- 100,00
5           85         11         0          6          230        17             ------------- 64,71        
10          85         0          0          17         137        17              0,00                      
20          85         0          0          17         137        17              0,00                      
50          85         0          0          17         137        17              0,00                      
75          85         0          0          17         137        17              0,00                      
100         85         0          0          17         137        17              0,00                      
1           86         17         0          0          272        17             -------------------- 100,00
5           86         10         0          7          249        17             ------------ 58,82         
10          86         1          0          16         150        17             -- 5,88                    
20          86         0          0          17         137        17              0,00                      
50          86         0          0          17         137        17              0,00                      
75          86         0          0          17         137        17              0,00                      
100         86         0          0          17         137        17              0,00                      
1           87         17         0          0          272        17             -------------------- 100,00
5           87         11         0          6          235        17             ------------- 64,71        
10          87         0          0          17         137        17              0,00                      
20          87         0          0          17         137        17              0,00                      
50          87         0          0          17         137        17              0,00                      
75          87         0          0          17         137        17              0,00                      
100         87         0          0          17         137        17              0,00                      
1           88         17         0          0          272        17             -------------------- 100,00
5           88         17         0          0          272        17             -------------------- 100,00
10          88         17         0          0          272        17             -------------------- 100,00
20          88         17         0          0          272        17             -------------------- 100,00
50          88         17         0          0          272        17             -------------------- 100,00
75          88         17         0          0          272        17             -------------------- 100,00
100         88         17         0          0          272        17             -------------------- 100,00
1           89         17         0          0          272        17             -------------------- 100,00
5           89         17         0          0          272        17             -------------------- 100,00
10          89         17         0          0          272        17             -------------------- 100,00
20          89         17         0          0          272        17             -------------------- 100,00
50          89         17         0          0          272        17             -------------------- 100,00
75          89         17         0          0          272        17             -------------------- 100,00
100         89         17         0          0          272        17             -------------------- 100,00
1           90         17         0          0          272        17             -------------------- 100,00
5           90         17         0          0          272        17             -------------------- 100,00
10          90         17         0          0          272        17             -------------------- 100,00
20          90         17         0          0          272        17             -------------------- 100,00
50          90         17         0          0          272        17             -------------------- 100,00
75          90         17         0          0          272        17             -------------------- 100,00
100         90         17         0          0          272        17             -------------------- 100,00
1           91         17         0          0          257        17             -------------------- 100,00
5           91         17         0          0          257        17             -------------------- 100,00
10          91         17         0          0          257        17             -------------------- 100,00
20          91         17         0          0          257        17             -------------------- 100,00
50          91         17         0          0          257        17             -------------------- 100,00
75          91         17         0          0          257        17             -------------------- 100,00
100         91         17         0          0          257        17             -------------------- 100,00
1           93         1          0          1          3          2              ---------- 50,00           
5           93         1          0          1          3          2              ---------- 50,00           
10          93         0          0          2          2          2               0,00                      
20          93         0          0          2          2          2               0,00                      
50          93         0          0          2          2          2               0,00                      
75          93         0          0          2          2          2               0,00                      
100         93         0          0          2          2          2               0,00                      
1           94         2          0          0          3          2              -------------------- 100,00
5           94         2          0          0          3          2              -------------------- 100,00
10          94         2          0          0          3          2              -------------------- 100,00
20          94         2          0          0          3          2              -------------------- 100,00
50          94         2          0          0          3          2              -------------------- 100,00
75          94         2          0          0          3          2              -------------------- 100,00
100         94         2          0          0          3          2              -------------------- 100,00
1           97         0          1          1          2          2               0,00                      
5           97         1          0          1          2          2              ---------- 50,00           
10          97         1          0          1          2          2              ---------- 50,00           
20          97         0          0          2          2          2               0,00                      
50          97         0          0          2          2          2               0,00                      
75          97         0          0          2          2          2               0,00                      
100         97         0          0          2          2          2               0,00                      
1           98         0          0          0          0          0              NaN                        
5           98         0          0          0          0          0              NaN                        
10          98         0          0          0          0          0              NaN                        
20          98         0          0          0          0          0              NaN                        
50          98         0          0          0          0          0              NaN                        
75          98         0          0          0          0          0              NaN                        
100         98         0          0          0          0          0              NaN                        
1           99         0          0          0          0          0              NaN                        
5           99         0          0          0          0          0              NaN                        
10          99         0          0          0          0          0              NaN                        
20          99         0          0          0          0          0              NaN                        
50          99         0          0          0          0          0              NaN                        
75          99         0          0          0          0          0              NaN                        
100         99         0          0          0          0          0              NaN                        
1           100        0          0          0          0          0              NaN                        
5           100        0          0          0          0          0              NaN                        
10          100        0          0          0          0          0              NaN                        
20          100        0          0          0          0          0              NaN                        
50          100        0          0          0          0          0              NaN                        
75          100        0          0          0          0          0              NaN                        
100         100        0          0          0          0          0              NaN                        
1           101        0          0          0          0          0              NaN                        
5           101        0          0          0          0          0              NaN                        
10          101        0          0          0          0          0              NaN                        
20          101        0          0          0          0          0              NaN                        
50          101        0          0          0          0          0              NaN                        
75          101        0          0          0          0          0              NaN                        
100         101        0          0          0          0          0              NaN                        
1           102        0          0          0          0          0              NaN                        
5           102        0          0          0          0          0              NaN                        
10          102        0          0          0          0          0              NaN                        
20          102        0          0          0          0          0              NaN                        
50          102        0          0          0          0          0              NaN                        
75          102        0          0          0          0          0              NaN                        
100         102        0          0          0          0          0              NaN                        
1           104        0          0          0          0          0              NaN                        
5           104        0          0          0          0          0              NaN                        
10          104        0          0          0          0          0              NaN                        
20          104        0          0          0          0          0              NaN                        
50          104        0          0          0          0          0              NaN                        
75          104        0          0          0          0          0              NaN                        
100         104        0          0          0          0          0              NaN                        
1           105        0          0          0          0          0              NaN                        
5           105        0          0          0          0          0              NaN                        
10          105        0          0          0          0          0              NaN                        
20          105        0          0          0          0          0              NaN                        
50          105        0          0          0          0          0              NaN                        
75          105        0          0          0          0          0              NaN                        
100         105        0          0          0          0          0              NaN                        
1           106        0          0          0          0          0              NaN                        
5           106        0          0          0          0          0              NaN                        
10          106        0          0          0          0          0              NaN                        
20          106        0          0          0          0          0              NaN                        
50          106        0          0          0          0          0              NaN                        
75          106        0          0          0          0          0              NaN                        
100         106        0          0          0          0          0              NaN                        
1           107        0          0          1060       32668      1060            0,00                      
5           107        0          0          1060       32668      1060            0,00                      
10          107        0          0          1060       32668      1060            0,00                      
20          107        0          0          1060       32668      1060            0,00                      
50          107        0          0          1060       32668      1060            0,00                      
75          107        0          0          1060       32668      1060            0,00                      
100         107        0          0          1060       32668      1060            0,00                      
1           108        591        16         453        61752      1060           ------------ 55,75         
5           108        440        13         607        56074      1060           --------- 41,51            
10          108        267        10         783        46689      1060           ------ 25,19               
20          108        6          0          1054       33551      1060           - 0,57                     
50          108        0          0          1060       32668      1060            0,00                      
75          108        0          0          1060       32668      1060            0,00                      
100         108        0          0          1060       32668      1060            0,00                      
1           111        2          6          12         20         20             -- 10,00                   
5           111        0          0          20         20         20              0,00                      
10          111        0          0          20         20         20              0,00                      
20          111        0          0          20         20         20              0,00                      
50          111        0          0          20         20         20              0,00                      
75          111        0          0          20         20         20              0,00                      
100         111        0          0          20         20         20              0,00                      
1           112        20         0          0          20         20             -------------------- 100,00
5           112        20         0          0          20         20             -------------------- 100,00
10          112        20         0          0          20         20             -------------------- 100,00
20          112        20         0          0          20         20             -------------------- 100,00
50          112        20         0          0          20         20             -------------------- 100,00
75          112        20         0          0          20         20             -------------------- 100,00
100         112        20         0          0          20         20             -------------------- 100,00
1           116        20         0          0          20         20             -------------------- 100,00
5           116        20         0          0          20         20             -------------------- 100,00
10          116        20         0          0          20         20             -------------------- 100,00
20          116        20         0          0          20         20             -------------------- 100,00
50          116        20         0          0          20         20             -------------------- 100,00
75          116        20         0          0          20         20             -------------------- 100,00
100         116        20         0          0          20         20             -------------------- 100,00
1           117        358        0          0          6548       358            -------------------- 100,00
5           117        358        0          0          6268       358            -------------------- 100,00
10          117        358        0          0          5468       358            -------------------- 100,00
20          117        358        0          0          3547       358            -------------------- 100,00
50          117        358        0          0          3463       358            -------------------- 100,00
75          117        358        0          0          3463       358            -------------------- 100,00
100         117        358        0          0          3463       358            -------------------- 100,00
1           118        338        0          20         6568       358            ------------------- 94,41  
5           118        338        0          20         6568       358            ------------------- 94,41  
10          118        338        0          20         6568       358            ------------------- 94,41  
20          118        338        0          20         6568       358            ------------------- 94,41  
50          118        338        0          20         6568       358            ------------------- 94,41  
75          118        338        0          20         6568       358            ------------------- 94,41  
100         118        338        0          20         6568       358            ------------------- 94,41  
1           120        318        0          20         5872       338            ------------------- 94,08  
5           120        238        0          100        5672       338            --------------- 70,41      
10          120        138        0          200        4972       338            --------- 40,83            
20          120        4          0          334        3185       338            - 1,18                     
50          120        0          0          338        3105       338             0,00                      
75          120        0          0          338        3105       338             0,00                      
100         120        0          0          338        3105       338             0,00                      
1           121        338        0          0          5872       338            -------------------- 100,00
5           121        338        0          0          5872       338            -------------------- 100,00
10          121        338        0          0          5872       338            -------------------- 100,00
20          121        338        0          0          5872       338            -------------------- 100,00
50          121        338        0          0          5872       338            -------------------- 100,00
75          121        338        0          0          5872       338            -------------------- 100,00
100         121        338        0          0          5872       338            -------------------- 100,00
1           122        1          0          337        3117       338            - 0,30                     
5           122        0          0          338        3105       338             0,00                      
10          122        0          0          338        3105       338             0,00                      
20          122        0          0          338        3105       338             0,00                      
50          122        0          0          338        3105       338             0,00                      
75          122        0          0          338        3105       338             0,00                      
100         122        0          0          338        3105       338             0,00                      
1           123        338        0          0          5872       338            -------------------- 100,00
5           123        338        0          0          5872       338            -------------------- 100,00
10          123        338        0          0          5872       338            -------------------- 100,00
20          123        338        0          0          5872       338            -------------------- 100,00
50          123        338        0          0          5872       338            -------------------- 100,00
75          123        338        0          0          5872       338            -------------------- 100,00
100         123        338        0          0          5872       338            -------------------- 100,00
1           124        338        0          0          5872       338            -------------------- 100,00
5           124        338        0          0          5872       338            -------------------- 100,00
10          124        338        0          0          5872       338            -------------------- 100,00
20          124        338        0          0          5872       338            -------------------- 100,00
50          124        338        0          0          5872       338            -------------------- 100,00
75          124        338        0          0          5872       338            -------------------- 100,00
100         124        338        0          0          5872       338            -------------------- 100,00
1           125        140        0          198        4199       338            --------- 41,42            
5           125        0          0          338        3105       338             0,00                      
10          125        0          0          338        3105       338             0,00                      
20          125        0          0          338        3105       338             0,00                      
50          125        0          0          338        3105       338             0,00                      
75          125        0          0          338        3105       338             0,00                      
100         125        0          0          338        3105       338             0,00                      
1           127        1024       0          38         64604      1062           -------------------- 96,42 
5           127        968        0          94         62939      1062           ------------------- 91,15  
10          127        915        0          147        61263      1062           ------------------ 86,16   
20          127        713        0          349        55248      1062           -------------- 67,14       
50          127        56         0          1006       36428      1062           -- 5,27                    
75          127        0          0          1062       32756      1062            0,00                      
100         127        0          0          1062       32756      1062            0,00                      
1           128        856        10         196        63595      1062           ----------------- 80,60    
5           128        815        10         237        62417      1062           ---------------- 76,74     
10          128        705        7          350        60530      1062           -------------- 66,38       
20          128        504        8          550        55101      1062           ---------- 47,46           
50          128        34         0          1028       36547      1062           - 3,20                     
75          128        0          0          1062       32756      1062            0,00                      
100         128        0          0          1062       32756      1062            0,00                      
1           129        591        17         454        61903      1062           ------------ 55,65         
5           129        441        13         608        56200      1062           --------- 41,53            
10          129        268        10         784        46817      1062           ------ 25,24               
20          129        6          0          1056       33639      1062           - 0,56                     
50          129        0          0          1062       32756      1062            0,00                      
75          129        0          0          1062       32756      1062            0,00                      
100         129        0          0          1062       32756      1062            0,00                      
1           131        635        265        162        63641      1062           ------------ 59,79         
5           131        582        265        215        62082      1062           ----------- 54,80          
10          131        508        263        291        60398      1062           ---------- 47,83           
20          131        312        219        531        54476      1062           ------ 29,38               
50          131        15         0          1047       35781      1062           - 1,41                     
75          131        0          0          1062       32756      1062            0,00                      
100         131        0          0          1062       32756      1062            0,00                      
1           132        591        17         454        61903      1062           ------------ 55,65         
5           132        441        13         608        56200      1062           --------- 41,53            
10          132        268        10         784        46817      1062           ------ 25,24               
20          132        6          0          1056       33639      1062           - 0,56                     
50          132        0          0          1062       32756      1062            0,00                      
75          132        0          0          1062       32756      1062            0,00                      
100         132        0          0          1062       32756      1062            0,00                      
1           135        20         0          0          20         20             -------------------- 100,00
5           135        20         0          0          20         20             -------------------- 100,00
10          135        20         0          0          20         20             -------------------- 100,00
20          135        20         0          0          20         20             -------------------- 100,00
50          135        20         0          0          20         20             -------------------- 100,00
75          135        20         0          0          20         20             -------------------- 100,00
100         135        20         0          0          20         20             -------------------- 100,00
1           136        20         0          0          20         20             -------------------- 100,00
5           136        20         0          0          20         20             -------------------- 100,00
10          136        17         3          0          20         20             ----------------- 85,00    
20          136        20         0          0          20         20             -------------------- 100,00
50          136        20         0          0          20         20             -------------------- 100,00
75          136        20         0          0          20         20             -------------------- 100,00
100         136        20         0          0          20         20             -------------------- 100,00
1           139        0          0          20         20         20              0,00                      
5           139        0          0          20         20         20              0,00                      
10          139        0          0          20         20         20              0,00                      
20          139        0          0          20         20         20              0,00                      
50          139        0          0          20         20         20              0,00                      
75          139        0          0          20         20         20              0,00                      
100         139        0          0          20         20         20              0,00                      
1           140        0          0          20         20         20              0,00                      
5           140        0          0          20         20         20              0,00                      
10          140        0          0          20         20         20              0,00                      
20          140        0          0          20         20         20              0,00                      
50          140        0          0          20         20         20              0,00                      
75          140        0          0          20         20         20              0,00                      
100         140        0          0          20         20         20              0,00                      
1           141        0          0          20         20         20              0,00                      
5           141        0          0          20         20         20              0,00                      
10          141        0          0          20         20         20              0,00                      
20          141        0          0          20         20         20              0,00                      
50          141        0          0          20         20         20              0,00                      
75          141        0          0          20         20         20              0,00                      
100         141        0          0          20         20         20              0,00                      
1           142        0          0          20         20         20              0,00                      
5           142        0          0          20         20         20              0,00                      
10          142        0          0          20         20         20              0,00                      
20          142        0          0          20         20         20              0,00                      
50          142        0          0          20         20         20              0,00                      
75          142        0          0          20         20         20              0,00                      
100         142        0          0          20         20         20              0,00                      
1           143        20         0          0          20         20             -------------------- 100,00
5           143        20         0          0          20         20             -------------------- 100,00
10          143        20         0          0          20         20             -------------------- 100,00
20          143        20         0          0          20         20             -------------------- 100,00
50          143        20         0          0          20         20             -------------------- 100,00
75          143        20         0          0          20         20             -------------------- 100,00
100         143        20         0          0          20         20             -------------------- 100,00
