aggregate data per location for random rate = 0.3 and with Perturbator = 1
Exploration Plus One
111 perturbation point
PONE : plus one perturbator
20 linear problems to be resolved
linear problem are generated randomly
IndexLoc   #Success   #Failure   #Exception #CallAllExecs      AvgCallPerExec     #Perturbations AvgPerturbationPerExec   #Execs     #Tasks     %Success                   
0          100        0          0          5310               53,10              1597           15,97                    100        20         -------------------- 100,00
1          100        0          0          9180               91,80              2807           28,07                    100        20         -------------------- 100,00
2          100        0          0          9180               91,80              2807           28,07                    100        20         -------------------- 100,00
4          100        0          0          10084              100,84             3067           30,67                    100        20         -------------------- 100,00
5          100        0          0          10732              107,32             3248           32,48                    100        20         -------------------- 100,00
6          100        0          0          8516               85,16              2602           26,02                    100        20         -------------------- 100,00
7          100        0          0          8516               85,16              2602           26,02                    100        20         -------------------- 100,00
8          100        0          0          10489              104,89             3185           31,85                    100        20         -------------------- 100,00
9          100        0          0          10489              104,89             3185           31,85                    100        20         -------------------- 100,00
10         100        0          0          9147               91,47              2793           27,93                    100        20         -------------------- 100,00
11         100        0          0          13414              134,14             4029           40,29                    100        20         -------------------- 100,00
15         100        0          0          7338               73,38              2213           22,13                    100        20         -------------------- 100,00
16         100        0          0          5283               52,83              1591           15,91                    100        20         -------------------- 100,00
17         98         0          2          55907              559,07             16771          167,71                   100        20         -------------------- 98,00 
18         100        0          0          55955              559,55             16787          167,87                   100        20         -------------------- 100,00
19         98         0          2          55907              559,07             16771          167,71                   100        20         -------------------- 98,00 
20         100        0          0          55955              559,55             16787          167,87                   100        20         -------------------- 100,00
22         68         0          32         5512966            55129,66           1686185        16861,85                 100        20         -------------- 68,00       
23         39         0          61         92273              922,73             27776          277,76                   100        20         -------- 39,00             
24         70         0          30         54464              544,64             16364          163,64                   100        20         -------------- 70,00       
25         70         0          30         54464              544,64             16364          163,64                   100        20         -------------- 70,00       
26         86         0          14         6220798            62207,98           1889670        18896,70                 100        20         ------------------ 86,00   
28         100        0          0          5310               53,10              1597           15,97                    100        20         -------------------- 100,00
29         57         0          43         6847               68,47              2058           20,58                    100        20         ------------ 57,00         
31         100        0          0          5336               53,36              1606           16,06                    100        20         -------------------- 100,00
34         57         0          43         6847               68,47              2058           20,58                    100        20         ------------ 57,00         
35         100        0          0          5310               53,10              1597           15,97                    100        20         -------------------- 100,00
36         76         4          20         5300               53,00              1594           15,94                    100        20         ---------------- 76,00     
37         80         1          19         96488              964,88             29058          290,58                   100        20         ---------------- 80,00     
38         0          0          100        5394               53,94              1617           16,17                    100        20          0,00                      
40         0          0          100        5748               57,48              1712           17,12                    100        20          0,00                      
41         0          0          100        330                3,30               100            1,00                     100        20          0,00                      
42         1          0          99         95183              951,83             28668          286,68                   100        20         - 1,00                     
43         0          0          100        330                3,30               100            1,00                     100        20          0,00                      
44         11         6          83         102009             1020,09            30741          307,41                   100        20         --- 11,00                  
45         0          0          100        5500               55,00              1647           16,47                    100        20          0,00                      
46         3          3          94         110832             1108,32            33362          333,62                   100        20         - 3,00                     
47         7          4          89         129711             1297,11            39079          390,79                   100        20         -- 7,00                    
48         99         0          1          106811             1068,11            32176          321,76                   100        20         -------------------- 99,00 
49         28         5          67         95401              954,01             28742          287,42                   100        20         ------ 28,00               
50         28         5          67         95401              954,01             28742          287,42                   100        20         ------ 28,00               
51         100        0          0          93565              935,65             28187          281,87                   100        20         -------------------- 100,00
52         5          3          92         92326              923,26             27793          277,93                   100        20         - 5,00                     
54         12         4          84         54051              540,51             16254          162,54                   100        20         --- 12,00                  
55         3          5          92         55611              556,11             16695          166,95                   100        20         - 3,00                     
56         7          6          87         54131              541,31             16275          162,75                   100        20         -- 7,00                    
57         12         2          86         50464              504,64             15204          152,04                   100        20         --- 12,00                  
58         12         2          86         51379              513,79             15480          154,80                   100        20         --- 12,00                  
59         0          0          100        38041              380,41             11404          114,04                   100        20          0,00                      
60         13         6          81         49862              498,62             15038          150,38                   100        20         --- 13,00                  
61         13         6          81         49862              498,62             15038          150,38                   100        20         --- 13,00                  
62         4          7          89         41613              416,13             12504          125,04                   100        20         - 4,00                     
64         99         1          0          15                 0,15               3              0,03                     100        20         -------------------- 99,00 
65         10         6          84         50814              508,14             15304          153,04                   100        20         -- 10,00                   
66         100        0          0          53095              530,95             15952          159,52                   100        20         -------------------- 100,00
68         6          3          91         17288              172,88             5158           51,58                    100        20         -- 6,00                    
69         2          3          95         11142              111,42             3378           33,78                    100        20         - 2,00                     
70         100        0          0          5310               53,10              1597           15,97                    100        20         -------------------- 100,00
71         0          0          100        344                3,44               103            1,03                     100        20          0,00                      
73         100        0          0          5310               53,10              1597           15,97                    100        20         -------------------- 100,00
74         100        0          0          5310               53,10              1597           15,97                    100        20         -------------------- 100,00
76         100        0          0          10                 0,10               1              0,01                     100        20         -------------------- 100,00
77         100        0          0          10                 0,10               1              0,01                     100        20         -------------------- 100,00
79         100        0          0          18                 0,18               5              0,05                     100        20         -------------------- 100,00
80         100        0          0          89                 0,89               30             0,30                     100        20         -------------------- 100,00
81         100        0          0          91                 0,91               30             0,30                     100        20         -------------------- 100,00
83         100        0          0          115                1,15               33             0,33                     100        20         -------------------- 100,00
84         100        0          0          115                1,15               33             0,33                     100        20         -------------------- 100,00
85         100        0          0          115                1,15               33             0,33                     100        20         -------------------- 100,00
86         100        0          0          147                1,47               45             0,45                     100        20         -------------------- 100,00
87         100        0          0          147                1,47               45             0,45                     100        20         -------------------- 100,00
88         100        0          0          147                1,47               45             0,45                     100        20         -------------------- 100,00
89         100        0          0          147                1,47               45             0,45                     100        20         -------------------- 100,00
90         100        0          0          147                1,47               45             0,45                     100        20         -------------------- 100,00
91         100        0          0          85                 0,85               28             0,28                     100        20         -------------------- 100,00
93         99         0          1          10                 0,10               1              0,01                     100        20         -------------------- 99,00 
94         100        0          0          10                 0,10               1              0,01                     100        20         -------------------- 100,00
97         99         1          0          10                 0,10               1              0,01                     100        20         -------------------- 99,00 
98         100        0          0          0                  0,00               0              0,00                     100        20         NaN                        
99         100        0          0          0                  0,00               0              0,00                     100        20         NaN                        
100        100        0          0          0                  0,00               0              0,00                     100        20         NaN                        
101        100        0          0          0                  0,00               0              0,00                     100        20         NaN                        
102        100        0          0          0                  0,00               0              0,00                     100        20         NaN                        
104        100        0          0          0                  0,00               0              0,00                     100        20         NaN                        
105        100        0          0          0                  0,00               0              0,00                     100        20         NaN                        
106        100        0          0          0                  0,00               0              0,00                     100        20         NaN                        
107        0          0          100        330                3,30               100            1,00                     100        20          0,00                      
108        1          0          99         3951               39,51              1182           11,82                    100        20         - 1,00                     
111        74         10         16         100                1,00               31             0,31                     100        20         --------------- 74,00      
112        100        0          0          100                1,00               31             0,31                     100        20         -------------------- 100,00
116        100        0          0          100                1,00               31             0,31                     100        20         -------------------- 100,00
117        100        0          0          1762               17,62              511            5,11                     100        20         -------------------- 100,00
118        74         0          26         1790               17,90              520            5,20                     100        20         --------------- 74,00      
120        83         0          17         1690               16,90              491            4,91                     100        20         ----------------- 83,00    
121        100        0          0          1690               16,90              491            4,91                     100        20         -------------------- 100,00
122        0          0          100        344                3,44               103            1,03                     100        20          0,00                      
123        100        0          0          1690               16,90              491            4,91                     100        20         -------------------- 100,00
124        100        0          0          1690               16,90              491            4,91                     100        20         -------------------- 100,00
125        2          0          98         483                4,83               159            1,59                     100        20         - 2,00                     
127        57         0          43         6847               68,47              2058           20,58                    100        20         ------------ 57,00         
128        6          0          94         4459               44,59              1355           13,55                    100        20         -- 6,00                    
129        0          0          100        4065               40,65              1218           12,18                    100        20          0,00                      
131        0          4          96         3843               38,43              1144           11,44                    100        20          0,00                      
132        0          0          100        4065               40,65              1218           12,18                    100        20          0,00                      
135        100        0          0          100                1,00               31             0,31                     100        20         -------------------- 100,00
136        100        0          0          100                1,00               31             0,31                     100        20         -------------------- 100,00
139        69         0          31         100                1,00               31             0,31                     100        20         -------------- 69,00       
140        69         0          31         100                1,00               31             0,31                     100        20         -------------- 69,00       
141        69         0          31         100                1,00               31             0,31                     100        20         -------------- 69,00       
142        69         0          31         100                1,00               31             0,31                     100        20         -------------- 69,00       
143        100        0          0          100                1,00               31             0,31                     100        20         -------------------- 100,00
