aggregate data per location for random rate = 0.005 and with Perturbator = 1
Exploration Plus One
111 perturbation point
PONE : plus one perturbator
20 linear problems to be resolved
linear problem are generated randomly
IndexLoc   #Success   #Failure   #Exception #CallAllExecs      AvgCallPerExec     #Perturbations AvgPerturbationPerExec   #Execs     #Tasks     %Success                   
0          100        0          0          5310               53,10              27             0,27                     100        20         -------------------- 100,00
1          100        0          0          9180               91,80              43             0,43                     100        20         -------------------- 100,00
2          100        0          0          9180               91,80              43             0,43                     100        20         -------------------- 100,00
4          100        0          0          9218               92,18              44             0,44                     100        20         -------------------- 100,00
5          100        0          0          9198               91,98              43             0,43                     100        20         -------------------- 100,00
6          100        0          0          9176               91,76              43             0,43                     100        20         -------------------- 100,00
7          100        0          0          9176               91,76              43             0,43                     100        20         -------------------- 100,00
8          100        0          0          9193               91,93              43             0,43                     100        20         -------------------- 100,00
9          100        0          0          9193               91,93              43             0,43                     100        20         -------------------- 100,00
10         100        0          0          9180               91,80              43             0,43                     100        20         -------------------- 100,00
11         100        0          0          9211               92,11              43             0,43                     100        20         -------------------- 100,00
15         100        0          0          5334               53,34              27             0,27                     100        20         -------------------- 100,00
16         100        0          0          5309               53,09              27             0,27                     100        20         -------------------- 100,00
17         100        0          0          55955              559,55             269            2,69                     100        20         -------------------- 100,00
18         100        0          0          55955              559,55             269            2,69                     100        20         -------------------- 100,00
19         100        0          0          55955              559,55             269            2,69                     100        20         -------------------- 100,00
20         100        0          0          55955              559,55             269            2,69                     100        20         -------------------- 100,00
22         100        0          0          57685              576,85             281            2,81                     100        20         -------------------- 100,00
23         99         0          1          56352              563,52             271            2,71                     100        20         -------------------- 99,00 
24         100        0          0          55947              559,47             268            2,68                     100        20         -------------------- 100,00
25         100        0          0          55947              559,47             268            2,68                     100        20         -------------------- 100,00
26         100        0          0          57229              572,29             277            2,77                     100        20         -------------------- 100,00
28         100        0          0          5310               53,10              27             0,27                     100        20         -------------------- 100,00
29         99         0          1          5347               53,47              27             0,27                     100        20         -------------------- 99,00 
31         100        0          0          5310               53,10              27             0,27                     100        20         -------------------- 100,00
34         99         0          1          5347               53,47              27             0,27                     100        20         -------------------- 99,00 
35         100        0          0          5310               53,10              27             0,27                     100        20         -------------------- 100,00
36         100        0          0          5310               53,10              27             0,27                     100        20         -------------------- 100,00
37         100        0          0          98825              988,25             479            4,79                     100        20         -------------------- 100,00
38         69         0          31         74606              746,06             365            3,65                     100        20         -------------- 69,00       
40         56         1          43         78442              784,42             383            3,83                     100        20         ------------ 56,00         
41         5          0          95         19670              196,70             95             0,95                     100        20         - 5,00                     
42         49         2          49         83224              832,24             403            4,03                     100        20         ---------- 49,00           
43         5          0          95         19670              196,70             95             0,95                     100        20         - 5,00                     
44         97         0          3          94308              943,08             458            4,58                     100        20         -------------------- 97,00 
45         72         1          27         84736              847,36             407            4,07                     100        20         --------------- 72,00      
46         95         1          4          93896              938,96             455            4,55                     100        20         ------------------- 95,00  
47         88         0          12         93974              939,74             457            4,57                     100        20         ------------------ 88,00   
48         100        0          0          93822              938,22             454            4,54                     100        20         -------------------- 100,00
49         96         0          4          93583              935,83             452            4,52                     100        20         -------------------- 96,00 
50         96         0          4          93583              935,83             452            4,52                     100        20         -------------------- 96,00 
51         100        0          0          93565              935,65             452            4,52                     100        20         -------------------- 100,00
52         95         0          5          93950              939,50             456            4,56                     100        20         ------------------- 95,00  
54         95         1          4          53006              530,06             256            2,56                     100        20         ------------------- 95,00  
55         91         1          8          53260              532,60             257            2,57                     100        20         ------------------- 91,00  
56         96         0          4          53365              533,65             259            2,59                     100        20         -------------------- 96,00 
57         96         0          4          53365              533,65             259            2,59                     100        20         -------------------- 96,00 
58         98         0          2          53106              531,06             256            2,56                     100        20         -------------------- 98,00 
59         76         3          21         51987              519,87             254            2,54                     100        20         ---------------- 76,00     
60         98         0          2          53375              533,75             259            2,59                     100        20         -------------------- 98,00 
61         98         0          2          53375              533,75             259            2,59                     100        20         -------------------- 98,00 
62         79         1          20         50722              507,22             250            2,50                     100        20         ---------------- 79,00     
64         100        0          0          15                 0,15               0              0,00                     100        20         NaN                        
65         97         0          3          53021              530,21             256            2,56                     100        20         -------------------- 97,00 
66         100        0          0          53095              530,95             256            2,56                     100        20         -------------------- 100,00
68         94         0          6          15232              152,32             74             0,74                     100        20         ------------------- 94,00  
69         86         1          13         14873              148,73             72             0,72                     100        20         ------------------ 86,00   
70         100        0          0          5310               53,10              27             0,27                     100        20         -------------------- 100,00
71         77         0          23         4613               46,13              23             0,23                     100        20         ---------------- 77,00     
73         100        0          0          5310               53,10              27             0,27                     100        20         -------------------- 100,00
74         100        0          0          5310               53,10              27             0,27                     100        20         -------------------- 100,00
76         100        0          0          10                 0,10               0              0,00                     100        20         NaN                        
77         100        0          0          10                 0,10               0              0,00                     100        20         NaN                        
79         100        0          0          15                 0,15               0              0,00                     100        20         NaN                        
80         100        0          0          89                 0,89               1              0,01                     100        20         -------------------- 100,00
81         100        0          0          90                 0,90               1              0,01                     100        20         -------------------- 100,00
83         100        0          0          85                 0,85               1              0,01                     100        20         -------------------- 100,00
84         100        0          0          85                 0,85               1              0,01                     100        20         -------------------- 100,00
85         100        0          0          85                 0,85               1              0,01                     100        20         -------------------- 100,00
86         100        0          0          85                 0,85               1              0,01                     100        20         -------------------- 100,00
87         100        0          0          85                 0,85               1              0,01                     100        20         -------------------- 100,00
88         100        0          0          85                 0,85               1              0,01                     100        20         -------------------- 100,00
89         100        0          0          85                 0,85               1              0,01                     100        20         -------------------- 100,00
90         100        0          0          85                 0,85               1              0,01                     100        20         -------------------- 100,00
91         100        0          0          85                 0,85               1              0,01                     100        20         -------------------- 100,00
93         100        0          0          10                 0,10               0              0,00                     100        20         NaN                        
94         100        0          0          10                 0,10               0              0,00                     100        20         NaN                        
97         100        0          0          10                 0,10               0              0,00                     100        20         NaN                        
98         100        0          0          0                  0,00               0              0,00                     100        20         NaN                        
99         100        0          0          0                  0,00               0              0,00                     100        20         NaN                        
100        100        0          0          0                  0,00               0              0,00                     100        20         NaN                        
101        100        0          0          0                  0,00               0              0,00                     100        20         NaN                        
102        100        0          0          0                  0,00               0              0,00                     100        20         NaN                        
104        100        0          0          0                  0,00               0              0,00                     100        20         NaN                        
105        100        0          0          0                  0,00               0              0,00                     100        20         NaN                        
106        100        0          0          0                  0,00               0              0,00                     100        20         NaN                        
107        77         0          23         4613               46,13              23             0,23                     100        20         ---------------- 77,00     
108        89         0          11         5270               52,70              27             0,27                     100        20         ------------------ 89,00   
111        99         0          1          100                1,00               1              0,01                     100        20         -------------------- 99,00 
112        100        0          0          100                1,00               1              0,01                     100        20         -------------------- 100,00
116        100        0          0          100                1,00               1              0,01                     100        20         -------------------- 100,00
117        100        0          0          1790               17,90              8              0,08                     100        20         -------------------- 100,00
118        99         0          1          1790               17,90              8              0,08                     100        20         -------------------- 99,00 
120        100        0          0          1690               16,90              7              0,07                     100        20         -------------------- 100,00
121        100        0          0          1690               16,90              7              0,07                     100        20         -------------------- 100,00
122        93         0          7          1642               16,42              7              0,07                     100        20         ------------------- 93,00  
123        100        0          0          1690               16,90              7              0,07                     100        20         -------------------- 100,00
124        100        0          0          1690               16,90              7              0,07                     100        20         -------------------- 100,00
125        95         0          5          1654               16,54              7              0,07                     100        20         ------------------- 95,00  
127        99         0          1          5347               53,47              27             0,27                     100        20         -------------------- 99,00 
128        96         0          4          5280               52,80              27             0,27                     100        20         -------------------- 96,00 
129        87         1          12         5237               52,37              27             0,27                     100        20         ------------------ 87,00   
131        87         10         3          5256               52,56              27             0,27                     100        20         ------------------ 87,00   
132        87         1          12         5237               52,37              27             0,27                     100        20         ------------------ 87,00   
135        100        0          0          100                1,00               1              0,01                     100        20         -------------------- 100,00
136        100        0          0          100                1,00               1              0,01                     100        20         -------------------- 100,00
139        99         0          1          100                1,00               1              0,01                     100        20         -------------------- 99,00 
140        99         0          1          100                1,00               1              0,01                     100        20         -------------------- 99,00 
141        99         0          1          100                1,00               1              0,01                     100        20         -------------------- 99,00 
142        99         0          1          100                1,00               1              0,01                     100        20         -------------------- 99,00 
143        100        0          0          100                1,00               1              0,01                     100        20         -------------------- 100,00
