aggregate data per location for random rate = 0.002 and with Perturbator = 1
Exploration Plus One
111 perturbation point
PONE : plus one perturbator
20 linear problems to be resolved
linear problem are generated randomly
IndexLoc   #Success   #Failure   #Exception #CallAllExecs      AvgCallPerExec     #Perturbations AvgPerturbationPerExec   #Execs     #Tasks     %Success                   
0          100        0          0          5310               53,10              7              0,07                     100        20         -------------------- 100,00
1          100        0          0          9180               91,80              14             0,14                     100        20         -------------------- 100,00
2          100        0          0          9180               91,80              14             0,14                     100        20         -------------------- 100,00
4          100        0          0          9181               91,81              14             0,14                     100        20         -------------------- 100,00
5          100        0          0          9179               91,79              14             0,14                     100        20         -------------------- 100,00
6          100        0          0          9179               91,79              14             0,14                     100        20         -------------------- 100,00
7          100        0          0          9179               91,79              14             0,14                     100        20         -------------------- 100,00
8          100        0          0          9182               91,82              14             0,14                     100        20         -------------------- 100,00
9          100        0          0          9182               91,82              14             0,14                     100        20         -------------------- 100,00
10         100        0          0          9180               91,80              14             0,14                     100        20         -------------------- 100,00
11         100        0          0          9199               91,99              14             0,14                     100        20         -------------------- 100,00
15         100        0          0          5315               53,15              7              0,07                     100        20         -------------------- 100,00
16         100        0          0          5310               53,10              7              0,07                     100        20         -------------------- 100,00
17         100        0          0          55955              559,55             98             0,98                     100        20         -------------------- 100,00
18         100        0          0          55955              559,55             98             0,98                     100        20         -------------------- 100,00
19         100        0          0          55955              559,55             98             0,98                     100        20         -------------------- 100,00
20         100        0          0          55955              559,55             98             0,98                     100        20         -------------------- 100,00
22         100        0          0          56742              567,42             98             0,98                     100        20         -------------------- 100,00
23         97         0          3          56020              560,20             98             0,98                     100        20         -------------------- 97,00 
24         100        0          0          55947              559,47             98             0,98                     100        20         -------------------- 100,00
25         100        0          0          55947              559,47             98             0,98                     100        20         -------------------- 100,00
26         100        0          0          56487              564,87             98             0,98                     100        20         -------------------- 100,00
28         100        0          0          5329               53,29              7              0,07                     100        20         -------------------- 100,00
29         100        0          0          5318               53,18              7              0,07                     100        20         -------------------- 100,00
31         100        0          0          5310               53,10              7              0,07                     100        20         -------------------- 100,00
34         100        0          0          5318               53,18              7              0,07                     100        20         -------------------- 100,00
35         100        0          0          5310               53,10              7              0,07                     100        20         -------------------- 100,00
36         100        0          0          5310               53,10              7              0,07                     100        20         -------------------- 100,00
37         100        0          0          98798              987,98             168            1,68                     100        20         -------------------- 100,00
38         94         0          6          94689              946,89             157            1,57                     100        20         ------------------- 94,00  
40         92         0          8          92706              927,06             153            1,53                     100        20         ------------------- 92,00  
41         26         0          74         40063              400,63             74             0,74                     100        20         ------ 26,00               
42         68         2          30         92963              929,63             153            1,53                     100        20         -------------- 68,00       
43         26         0          74         40063              400,63             74             0,74                     100        20         ------ 26,00               
44         100        0          0          93245              932,45             154            1,54                     100        20         -------------------- 100,00
45         90         0          10         90488              904,88             147            1,47                     100        20         ------------------ 90,00   
46         99         0          1          93582              935,82             154            1,54                     100        20         -------------------- 99,00 
47         98         0          2          93972              939,72             155            1,55                     100        20         -------------------- 98,00 
48         100        0          0          93582              935,82             154            1,54                     100        20         -------------------- 100,00
49         99         0          1          93785              937,85             154            1,54                     100        20         -------------------- 99,00 
50         99         0          1          93785              937,85             154            1,54                     100        20         -------------------- 99,00 
51         100        0          0          93565              935,65             154            1,54                     100        20         -------------------- 100,00
52         100        0          0          93245              932,45             154            1,54                     100        20         -------------------- 100,00
54         99         0          1          53067              530,67             94             0,94                     100        20         -------------------- 99,00 
55         97         0          3          52924              529,24             94             0,94                     100        20         -------------------- 97,00 
56         99         0          1          53196              531,96             94             0,94                     100        20         -------------------- 99,00 
57         99         0          1          53196              531,96             94             0,94                     100        20         -------------------- 99,00 
58         99         0          1          53196              531,96             94             0,94                     100        20         -------------------- 99,00 
59         93         0          7          51785              517,85             92             0,92                     100        20         ------------------- 93,00  
60         99         0          1          53261              532,61             94             0,94                     100        20         -------------------- 99,00 
61         99         0          1          53261              532,61             94             0,94                     100        20         -------------------- 99,00 
62         94         0          6          52651              526,51             94             0,94                     100        20         ------------------- 94,00  
64         100        0          0          15                 0,15               0              0,00                     100        20         NaN                        
65         98         0          2          53187              531,87             94             0,94                     100        20         -------------------- 98,00 
66         100        0          0          53095              530,95             94             0,94                     100        20         -------------------- 100,00
68         97         1          2          15248              152,48             24             0,24                     100        20         -------------------- 97,00 
69         95         0          5          15273              152,73             24             0,24                     100        20         ------------------- 95,00  
70         100        0          0          5310               53,10              7              0,07                     100        20         -------------------- 100,00
71         93         0          7          5108               51,08              7              0,07                     100        20         ------------------- 93,00  
73         100        0          0          5310               53,10              7              0,07                     100        20         -------------------- 100,00
74         100        0          0          5310               53,10              7              0,07                     100        20         -------------------- 100,00
76         100        0          0          10                 0,10               0              0,00                     100        20         NaN                        
77         100        0          0          10                 0,10               0              0,00                     100        20         NaN                        
79         100        0          0          15                 0,15               0              0,00                     100        20         NaN                        
80         100        0          0          90                 0,90               0              0,00                     100        20         NaN                        
81         100        0          0          90                 0,90               0              0,00                     100        20         NaN                        
83         100        0          0          85                 0,85               0              0,00                     100        20         NaN                        
84         100        0          0          85                 0,85               0              0,00                     100        20         NaN                        
85         100        0          0          85                 0,85               0              0,00                     100        20         NaN                        
86         100        0          0          85                 0,85               0              0,00                     100        20         NaN                        
87         100        0          0          85                 0,85               0              0,00                     100        20         NaN                        
88         100        0          0          85                 0,85               0              0,00                     100        20         NaN                        
89         100        0          0          85                 0,85               0              0,00                     100        20         NaN                        
90         100        0          0          85                 0,85               0              0,00                     100        20         NaN                        
91         100        0          0          85                 0,85               0              0,00                     100        20         NaN                        
93         100        0          0          10                 0,10               0              0,00                     100        20         NaN                        
94         100        0          0          10                 0,10               0              0,00                     100        20         NaN                        
97         100        0          0          10                 0,10               0              0,00                     100        20         NaN                        
98         100        0          0          0                  0,00               0              0,00                     100        20         NaN                        
99         100        0          0          0                  0,00               0              0,00                     100        20         NaN                        
100        100        0          0          0                  0,00               0              0,00                     100        20         NaN                        
101        100        0          0          0                  0,00               0              0,00                     100        20         NaN                        
102        100        0          0          0                  0,00               0              0,00                     100        20         NaN                        
104        100        0          0          0                  0,00               0              0,00                     100        20         NaN                        
105        100        0          0          0                  0,00               0              0,00                     100        20         NaN                        
106        100        0          0          0                  0,00               0              0,00                     100        20         NaN                        
107        93         0          7          5013               50,13              7              0,07                     100        20         ------------------- 93,00  
108        96         0          4          5311               53,11              7              0,07                     100        20         -------------------- 96,00 
111        100        0          0          100                1,00               0              0,00                     100        20         NaN                        
112        100        0          0          100                1,00               0              0,00                     100        20         NaN                        
116        100        0          0          100                1,00               0              0,00                     100        20         NaN                        
117        100        0          0          1790               17,90              3              0,03                     100        20         -------------------- 100,00
118        100        0          0          1790               17,90              3              0,03                     100        20         -------------------- 100,00
120        100        0          0          1690               16,90              3              0,03                     100        20         -------------------- 100,00
121        100        0          0          1690               16,90              3              0,03                     100        20         -------------------- 100,00
122        97         0          3          1668               16,68              3              0,03                     100        20         -------------------- 97,00 
123        100        0          0          1690               16,90              3              0,03                     100        20         -------------------- 100,00
124        100        0          0          1690               16,90              3              0,03                     100        20         -------------------- 100,00
125        98         0          2          1668               16,68              3              0,03                     100        20         -------------------- 98,00 
127        100        0          0          5318               53,18              7              0,07                     100        20         -------------------- 100,00
128        97         0          3          5306               53,06              7              0,07                     100        20         -------------------- 97,00 
129        97         0          3          5295               52,95              7              0,07                     100        20         -------------------- 97,00 
131        96         4          0          5298               52,98              7              0,07                     100        20         -------------------- 96,00 
132        97         0          3          5295               52,95              7              0,07                     100        20         -------------------- 97,00 
135        100        0          0          100                1,00               0              0,00                     100        20         NaN                        
136        100        0          0          100                1,00               0              0,00                     100        20         NaN                        
139        100        0          0          100                1,00               0              0,00                     100        20         NaN                        
140        100        0          0          100                1,00               0              0,00                     100        20         NaN                        
141        100        0          0          100                1,00               0              0,00                     100        20         NaN                        
142        100        0          0          100                1,00               0              0,00                     100        20         NaN                        
143        100        0          0          100                1,00               0              0,00                     100        20         NaN                        
